execute if entity @s[tag=aj.eamon.bone.rockingchair] run data modify entity @s {} merge value {transformation:[-1.2f,6.10909967266992e-18f,1.46830581867403e-16f,-1.706514059779714e-17f,0f,1.198962688422753f,-0.04988458449344998f,0.5651958243633122f,-1.4695761589768238e-16f,-0.04988458449344998f,-1.198962688422753f,0.13934744784927833f,0f,0f,0f,1f],start_interpolation:0}
execute if entity @s[tag=aj.eamon.bone.head] run data modify entity @s {} merge value {transformation:[-1f,5.090916393891599e-18f,1.2235881822283583e-16f,6.458113802423194e-19f,0f,0.9991355736856277f,-0.041570487077874974f,1.3461221841649507f,-1.2246467991473532e-16f,-0.041570487077874974f,-0.9991355736856277f,-0.005273450113877431f,0f,0f,0f,1f],start_interpolation:0}
execute if entity @s[tag=aj.eamon.bone.rightarm] run data modify entity @s {} merge value {transformation:[-0.9961946980917455f,0.08715574274765829f,5.198331663928559e-17f,-0.34375f,0.03699552046629319f,0.4228607338976088f,-0.9054391924326027f,1.158817808941551f,-0.07891422532930342f,-0.9019937229458306f,-0.4244759932045583f,-0.013836219652522713f,0f,0f,0f,1f],start_interpolation:0}
execute if entity @s[tag=aj.eamon.bone.leftarm] run data modify entity @s {} merge value {transformation:[-0.9961946980917455f,-0.08715574274765807f,5.198331663928559e-17f,0.34375f,-0.03699552046629319f,0.4228607338976088f,-0.9054391924326027f,1.158817808941551f,0.07891422532930317f,-0.9019937229458306f,-0.4244759932045583f,-0.01383621965252263f,0f,0f,0f,1f],start_interpolation:0}
execute if entity @s[tag=aj.eamon.bone.torso] run data modify entity @s {} merge value {transformation:[-1.0104166666666665f,-5.6509873656212235e-18f,1.2361125137562338e-16f,9.034906026113004e-18f,0f,1.009362466481653f,0.046143813624921586f,-0.1523128176222458f,-1.2374035366384712e-16f,0.046143813624921586f,-1.009362466481653f,-0.07377560642303937f,0f,0f,0f,1f],start_interpolation:0}
execute if entity @s[tag=aj.eamon.bone.rightleg] run data modify entity @s {} merge value {transformation:[-0.9659258262890683f,5.0909163938916e-18f,0.25881904510252085f,-0.125f,-0.01075923376994228f,0.9991355736856277f,-0.040154007079935425f,0.6593171117840485f,-0.2585953151092735f,-0.04157048707787498f,-0.9650908545870922f,-0.025765447845078768f,0f,0f,0f,1f],start_interpolation:0}
execute if entity @s[tag=aj.eamon.bone.leftleg] run data modify entity @s {} merge value {transformation:[-0.9659258262890683f,5.0909163938916e-18f,-0.25881904510252063f,0.125f,0.01075923376994228f,0.9991355736856277f,-0.040154007079935425f,0.6593171117840485f,0.2585953151092733f,-0.04157048707787498f,-0.9650908545870922f,-0.02576544784507874f,0f,0f,0f,1f],start_interpolation:0}