execute if entity @s[tag=aj.eamon.bone.rockingchair] run data modify entity @s {} merge value {transformation:[-1.2f,8.015254817676806e-19f,1.4695543007059258e-16f,-1.937395344674419e-17f,0f,1.199982151367306f,-0.0065449522452166115f,0.5548533509862226f,-1.4695761589768238e-16f,-0.0065449522452166115f,-1.199982151367306f,0.1582003354782219f,0f,0f,0f,1f],start_interpolation:0}
execute if entity @s[tag=aj.eamon.bone.head] run data modify entity @s {} merge value {transformation:[-1f,6.679379014730657e-19f,1.224628583921605e-16f,-5.128971121702175e-18f,0f,0.9999851261394216f,-0.005454126871013834f,1.3404938849982266f,-1.2246467991473532e-16f,-0.005454126871013834f,-0.9999851261394216f,0.04188122751207258f,0f,0f,0f,1f],start_interpolation:0}
execute if entity @s[tag=aj.eamon.bone.rightarm] run data modify entity @s {} merge value {transformation:[-0.9961946980917455f,0.08715574274765829f,5.595458688088151e-17f,-0.34375f,0.039821796644852955f,0.45516521844059543f,-0.889516075421856f,1.1536210276277554f,-0.07752643423937391f,-0.8861311982026302f,-0.45690387563042073f,0.026558526112009748f,0f,0f,0f,1f],start_interpolation:0}
execute if entity @s[tag=aj.eamon.bone.leftarm] run data modify entity @s {} merge value {transformation:[-0.9961946980917455f,-0.08715574274765807f,5.595458688088151e-17f,0.34375f,-0.039821796644852955f,0.45516521844059543f,-0.889516075421856f,1.1536210276277554f,0.07752643423937366f,-0.8861311982026302f,-0.45690387563042073f,0.02655852611200983f,0f,0f,0f,1f],start_interpolation:0}
execute if entity @s[tag=aj.eamon.bone.torso] run data modify entity @s {} merge value {transformation:[-1.0104166666666665f,-1.0112194615089576e-17f,1.2332647179304415e-16f,9.882946657399878e-18f,0f,1.0070370647186508f,0.0825723353225606f,-0.15448897396554384f,-1.2374035366384712e-16f,0.0825723353225606f,-1.0070370647186508f,-0.08070038368842977f,0f,0f,0f,1f],start_interpolation:0}
execute if entity @s[tag=aj.eamon.bone.rightleg] run data modify entity @s {} merge value {transformation:[-0.9659258262890683f,6.679379014730672e-19f,0.25881904510252085f,-0.125f,-0.001411631908623802f,0.9999851261394216f,-0.005268282004569457f,0.6548771721193851f,-0.25881519546412896f,-0.005454126871013843f,-0.965911459242999f,-0.0034051108292390726f,0f,0f,0f,1f],start_interpolation:0}
execute if entity @s[tag=aj.eamon.bone.leftleg] run data modify entity @s {} merge value {transformation:[-0.9659258262890683f,6.679379014730672e-19f,-0.25881904510252063f,0.125f,0.001411631908623802f,0.9999851261394216f,-0.005268282004569457f,0.6548771721193851f,0.25881519546412873f,-0.005454126871013843f,-0.965911459242999f,-0.0034051108292390423f,0f,0f,0f,1f],start_interpolation:0}