execute if entity @s[tag=aj.eamon.bone.rockingchair] run data modify entity @s {} merge value {transformation:[-1.2f,2.513473814238243e-18f,1.4693611986069284e-16f,-1.8627696610996218e-17f,0f,1.1998244715373891f,-0.020524071234156827f,0.5553733699876944f,-1.4695761589768238e-16f,-0.020524071234156827f,-1.1998244715373891f,0.15210668597644272f,0f,0f,0f,1f],start_interpolation:0}
execute if entity @s[tag=aj.eamon.bone.head] run data modify entity @s {} merge value {transformation:[-1f,2.094561511865202e-18f,1.2244676655057737e-16f,-3.262815351850446e-18f,0f,0.9998537262811578f,-0.017103392695130712f,1.3396054939709432f,-1.2246467991473532e-16f,-0.017103392695130712f,-0.9998537262811578f,0.026642909238175035f,0f,0f,0f,1f],start_interpolation:0}
execute if entity @s[tag=aj.eamon.bone.rightarm] run data modify entity @s {} merge value {transformation:[-0.9961946980917455f,0.08715574274765829f,5.468172589806046e-17f,-0.34375f,0.03891592611590108f,0.4448110709151454f,-0.89477855466359f,1.1525668114929908f,-0.07798508952638138f,-0.8913736521220635f,-0.44651017694352363f,0.013498280794904158f,0f,0f,0f,1f],start_interpolation:0}
execute if entity @s[tag=aj.eamon.bone.leftarm] run data modify entity @s {} merge value {transformation:[-0.9961946980917455f,-0.08715574274765807f,5.468172589806046e-17f,0.34375f,-0.03891592611590108f,0.4448110709151454f,-0.89477855466359f,1.1525668114929908f,0.07798508952638113f,-0.8913736521220635f,-0.44651017694352363f,0.013498280794904241f,0f,0f,0f,1f],start_interpolation:0}
execute if entity @s[tag=aj.eamon.bone.torso] run data modify entity @s {} merge value {transformation:[-1.0104166666666665f,-8.674778519201045e-18f,1.2343590783275658e-16f,9.615206367375851e-18f,0f,1.0079306777978554f,0.07083494216651497f,-0.15670396585267732f,-1.2374035366384712e-16f,0.07083494216651497f,-1.0079306777978554f,-0.07851411830799154f,0f,0f,0f,1f],start_interpolation:0}
execute if entity @s[tag=aj.eamon.bone.rightleg] run data modify entity @s {} merge value {transformation:[-0.9659258262890683f,2.0945615118652025e-18f,0.25881904510252085f,-0.125f,-0.004426683765367154f,0.9998537262811577f,-0.016520608721390526f,0.6535077307519408f,-0.2587811866782865f,-0.01710339269513069f,-0.9657845367263311f,-0.010653052004746113f,0f,0f,0f,1f],start_interpolation:0}
execute if entity @s[tag=aj.eamon.bone.leftleg] run data modify entity @s {} merge value {transformation:[-0.9659258262890683f,2.0945615118652025e-18f,-0.25881904510252063f,0.125f,0.004426683765367154f,0.9998537262811577f,-0.016520608721390526f,0.6535077307519408f,0.25878118667828626f,-0.01710339269513069f,-0.9657845367263311f,-0.010653052004746082f,0f,0f,0f,1f],start_interpolation:0}