execute if entity @s[tag=aj.eamon.bone.rockingchair] run data modify entity @s {} merge value {transformation:[-1.2f,-1.850682592697115e-18f,1.4694596232721684e-16f,-2.053299877242079e-17f,0f,1.199904841375704f,0.015111970194064381f,0.5593075826090307f,-1.4695761589768238e-16f,0.015111970194064381f,-1.199904841375704f,0.1676646587956353f,0f,0f,0f,1f],start_interpolation:0}
execute if entity @s[tag=aj.eamon.bone.head] run data modify entity @s {} merge value {transformation:[-1f,-1.54223549391426e-18f,1.2245496860601407e-16f,-8.026678515003612e-18f,0f,0.9999207011464202f,0.012593308495053662f,1.3469193590178516f,-1.2246467991473532e-16f,0.012593308495053662f,-0.9999207011464202f,0.06554280401983736f,0f,0f,0f,1f],start_interpolation:0}
execute if entity @s[tag=aj.eamon.bone.rightarm] run data modify entity @s {} merge value {transformation:[-0.9961946980917455f,0.08715574274765829f,5.791139152798053e-17f,-0.34375f,0.041214416643931266f,0.471082937867932f,-0.8811255515024056f,1.1603534611730941f,-0.07679515189513222f,-0.8777726027598617f,-0.4728823981600303f,0.04685013804145327f,0f,0f,0f,1f],start_interpolation:0}
execute if entity @s[tag=aj.eamon.bone.leftarm] run data modify entity @s {} merge value {transformation:[-0.9961946980917455f,-0.08715574274765807f,5.791139152798053e-17f,0.34375f,-0.041214416643931266f,0.471082937867932f,-0.8811255515024056f,1.1603534611730941f,0.07679515189513197f,-0.8777726027598617f,-0.4728823981600303f,0.046850138041453354f,0f,0f,0f,1f],start_interpolation:0}
execute if entity @s[tag=aj.eamon.bone.torso] run data modify entity @s {} merge value {transformation:[-1.0104166666666665f,-1.2336197861788824e-17f,1.2312389429825863e-16f,1.0286852331363304e-17f,0f,1.0053828939411942f,0.10073269999462513f,-0.14560782374020997f,-1.2374035366384712e-16f,0.10073269999462513f,-1.0053828939411942f,-0.083998523807235f,0f,0f,0f,1f],start_interpolation:0}
execute if entity @s[tag=aj.eamon.bone.rightleg] run data modify entity @s {} merge value {transformation:[-0.9659258262890683f,-1.5422354939142626e-18f,0.25881904510252085f,-0.125f,0.0032593880793712485f,0.9999207011464201f,0.012164201913797842f,0.6622315778402759f,-0.25879852104895956f,0.012593308495053652f,-0.9658492294784004f,0.007890642522803509f,0f,0f,0f,1f],start_interpolation:0}
execute if entity @s[tag=aj.eamon.bone.leftleg] run data modify entity @s {} merge value {transformation:[-0.9659258262890683f,-1.5422354939142626e-18f,-0.25881904510252063f,0.125f,-0.0032593880793712485f,0.9999207011464201f,0.012164201913797842f,0.6622315778402759f,0.25879852104895934f,0.012593308495053652f,-0.9658492294784004f,0.00789064252280354f,0f,0f,0f,1f],start_interpolation:0}