execute if entity @s[tag=aj.eamon.bone.rockingchair] run data modify entity @s {} merge value {transformation:[-1.2f,1.6727558507713478e-18f,1.4694809545616597e-16f,-1.8993989938129776e-17f,0f,1.1999222596954235f,-0.013659088089202418f,0.554737402629603f,-1.4695761589768238e-16f,-0.013659088089202418f,-1.1999222596954235f,0.15509769797589096f,0f,0f,0f,1f],start_interpolation:0}
execute if entity @s[tag=aj.eamon.bone.head] run data modify entity @s {} merge value {transformation:[-1f,1.3939632089761209e-18f,1.2245674621347161e-16f,-4.178845344409867e-18f,0f,0.999935216412853f,-0.011382573407668684f,1.3396745163945276f,-1.2246467991473532e-16f,-0.011382573407668684f,-0.999935216412853f,0.03412286176977186f,0f,0f,0f,1f],start_interpolation:0}
execute if entity @s[tag=aj.eamon.bone.rightarm] run data modify entity @s {} merge value {transformation:[-0.9961946980917455f,0.08715574274765829f,5.530777227793133e-17f,-0.34375f,0.03936147120914852f,0.44990367463420233f,-0.892209256920647f,1.1527141005822594f,-0.0777611604732553f,-0.8888141313327246f,-0.45162223358146f,0.019908329793526275f,0f,0f,0f,1f],start_interpolation:0}
execute if entity @s[tag=aj.eamon.bone.leftarm] run data modify entity @s {} merge value {transformation:[-0.9961946980917455f,-0.08715574274765807f,5.530777227793133e-17f,0.34375f,-0.03936147120914852f,0.44990367463420233f,-0.892209256920647f,1.1527141005822594f,0.07776116047325506f,-0.8888141313327246f,-0.45162223358146f,0.019908329793526358f,0f,0f,0f,1f],start_interpolation:0}
execute if entity @s[tag=aj.eamon.bone.torso] run data modify entity @s {} merge value {transformation:[-1.0104166666666665f,-9.380859807502333e-18f,1.2338425586000003e-16f,9.747379524459578e-18f,0f,1.0075089074327794f,0.07660053342754541f,-0.15600881010361933f,-1.2374035366384712e-16f,0.07660053342754541f,-1.0075089074327794f,-0.07959339404019247f,0f,0f,0f,1f],start_interpolation:0}
execute if entity @s[tag=aj.eamon.bone.rightleg] run data modify entity @s {} merge value {transformation:[-0.9659258262890683f,1.3939632089761232e-18f,0.25881904510252085f,-0.125f,-0.0029460267801821537f,0.999935216412853f,-0.010994721624098347f,0.6538013669061159f,-0.2588022778763571f,-0.011382573407668682f,-0.9658632501491233f,-0.007097912483006162f,0f,0f,0f,1f],start_interpolation:0}
execute if entity @s[tag=aj.eamon.bone.leftleg] run data modify entity @s {} merge value {transformation:[-0.9659258262890683f,1.3939632089761232e-18f,-0.25881904510252063f,0.125f,0.0029460267801821537f,0.999935216412853f,-0.010994721624098347f,0.6538013669061159f,0.2588022778763569f,-0.011382573407668682f,-0.9658632501491233f,-0.00709791248300613f,0f,0f,0f,1f],start_interpolation:0}