execute if entity @s[tag=aj.eamon.bone.rockingchair] run data modify entity @s {} merge value {transformation:[-1.2f,3.3092353877583337e-18f,1.469203519988948e-16f,-1.828131892472288e-17f,0f,1.1996957171748335f,-0.027021957596772818f,0.5565855217073665f,-1.4695761589768238e-16f,-0.027021957596772818f,-1.1996957171748335f,0.14927829752587476f,0f,0f,0f,1f],start_interpolation:0}
execute if entity @s[tag=aj.eamon.bone.head] run data modify entity @s {} merge value {transformation:[-1f,2.7576961564652766e-18f,1.2243362666574566e-16f,-2.3965113457681205e-18f,0f,0.9997464309790279f,-0.02251829799731067f,1.3401266385276553f,-1.2246467991473532e-16f,-0.02251829799731067f,-0.9997464309790279f,0.019569000200193774f,0f,0f,0f,1f],start_interpolation:0}
execute if entity @s[tag=aj.eamon.bone.rightarm] run data modify entity @s {} merge value {transformation:[-0.9961946980917455f,0.08715574274765829f,5.408745096084529e-17f,-0.34375f,0.038492992143547865f,0.43997691349053347f,-0.8971837075823323f,1.1530195085967514f,-0.07819471241543606f,-0.8937696527078145f,-0.44165755382289074f,0.007437556385882476f,0f,0f,0f,1f],start_interpolation:0}
execute if entity @s[tag=aj.eamon.bone.leftarm] run data modify entity @s {} merge value {transformation:[-0.9961946980917455f,-0.08715574274765807f,5.408745096084529e-17f,0.34375f,-0.038492992143547865f,0.43997691349053347f,-0.8971837075823323f,1.1530195085967514f,0.07819471241543581f,-0.8937696527078145f,-0.44165755382289074f,0.007437556385882561f,0f,0f,0f,1f],start_interpolation:0}
execute if entity @s[tag=aj.eamon.bone.torso] run data modify entity @s {} merge value {transformation:[-1.0104166666666665f,-8.006128789525147e-18f,1.234810796302798e-16f,9.488875723217666e-18f,0f,1.0082995335165383f,0.06537500277712176f,-0.1567304009195769f,-1.2374035366384712e-16f,0.06537500277712176f,-1.0082995335165383f,-0.07748255031429627f,0f,0f,0f,1f],start_interpolation:0}
execute if entity @s[tag=aj.eamon.bone.rightleg] run data modify entity @s {} merge value {transformation:[-0.9659258262890683f,2.757696156465278e-18f,0.25881904510252085f,-0.125f,-0.005828164384997956f,0.9997464309790279f,-0.021751005599675792f,0.6538369448625647f,-0.25875341661064527f,-0.02251829799731068f,-0.9656808974229646f,-0.014010543993076172f,0f,0f,0f,1f],start_interpolation:0}
execute if entity @s[tag=aj.eamon.bone.leftleg] run data modify entity @s {} merge value {transformation:[-0.9659258262890683f,2.757696156465278e-18f,-0.25881904510252063f,0.125f,0.005828164384997956f,0.9997464309790279f,-0.021751005599675792f,0.6538369448625647f,0.25875341661064505f,-0.02251829799731068f,-0.9656808974229646f,-0.01401054399307614f,0f,0f,0f,1f],start_interpolation:0}