execute if entity @s[tag=aj.eamon.bone.rockingchair] run data modify entity @s {} merge value {transformation:[-1.2f,4.708179757777915e-18f,1.4688217697766873e-16f,-1.7673163827672483e-17f,0f,1.1993839944703553f,-0.03844520527107026f,0.5600402009517598f,-1.4695761589768238e-16f,-0.03844520527107026f,-1.1993839944703553f,0.14431233429897689f,0f,0f,0f,1f],start_interpolation:0}
execute if entity @s[tag=aj.eamon.bone.head] run data modify entity @s {} merge value {transformation:[-1f,3.923483131481594e-18f,1.2240181414805729e-16f,-8.753048048647774e-19f,0f,0.9994866620586295f,-0.03203767105922522f,1.3423105928516441f,-1.2246467991473532e-16f,-0.03203767105922522f,-0.9994866620586295f,0.007147406137624331f,0f,0f,0f,1f],start_interpolation:0}
execute if entity @s[tag=aj.eamon.bone.rightarm] run data modify entity @s {} merge value {transformation:[-0.9961946980917455f,0.08715574274765829f,5.303869589890162e-17f,-0.34375f,0.03774661346156619f,0.431445766117817f,-0.9013488470460218f,1.1550964214941513f,-0.0785577282390415f,-0.8979189425583546f,-0.43309381885315207f,-0.0032017021779425924f,0f,0f,0f,1f],start_interpolation:0}
execute if entity @s[tag=aj.eamon.bone.leftarm] run data modify entity @s {} merge value {transformation:[-0.9961946980917455f,-0.08715574274765807f,5.303869589890162e-17f,0.34375f,-0.03774661346156619f,0.431445766117817f,-0.9013488470460218f,1.1550964214941513f,0.07855772823904125f,-0.8979189425583546f,-0.43309381885315207f,-0.0032017021779425082f,0f,0f,0f,1f],start_interpolation:0}
execute if entity @s[tag=aj.eamon.bone.torso] run data modify entity @s {} merge value {transformation:[-1.0104166666666665f,-6.829879056393096e-18f,1.2355172146485457e-16f,9.263897093285799e-18f,0f,1.0088763678709332f,0.05577019481166588f,-0.15540277800829805f,-1.2374035366384712e-16f,0.05577019481166588f,-1.0088763678709332f,-0.07564546038691061f,0f,0f,0f,1f],start_interpolation:0}
execute if entity @s[tag=aj.eamon.bone.rightleg] run data modify entity @s {} merge value {transformation:[-0.9659258262890683f,3.9234831314815954e-18f,0.25881904510252085f,-0.125f,-0.008291959430857336f,0.9994866620586295f,-0.03094601389025949f,0.6557322460218371f,-0.25868618346672045f,-0.03203767105922522f,-0.9654299799138845f,-0.019895209926673152f,0f,0f,0f,1f],start_interpolation:0}
execute if entity @s[tag=aj.eamon.bone.leftleg] run data modify entity @s {} merge value {transformation:[-0.9659258262890683f,3.9234831314815954e-18f,-0.25881904510252063f,0.125f,0.008291959430857336f,0.9994866620586295f,-0.03094601389025949f,0.6557322460218371f,0.25868618346672023f,-0.03203767105922522f,-0.9654299799138845f,-0.019895209926673124f,0f,0f,0f,1f],start_interpolation:0}