execute if entity @s[tag=aj.uncle_alphon.bone.head] run data modify entity @s {} merge value {transformation:[-0.9993223845883495f,-0.03680722294135883f,1.2246467991473532e-16f,-0.21280496577218416f,-0.03680722294135883f,0.9993223845883495f,0f,1.3745341394044903f,-1.2238169596024226e-16f,-4.507584776063812e-18f,-1f,-0.12500000000000003f,0f,0f,0f,1f],start_interpolation:0}
execute if entity @s[tag=aj.uncle_alphon.bone.basket] run data modify entity @s {} merge value {transformation:[-0.9992262579959623f,-0.0393303168981419f,0.000107257066783274f,-0.06358321833745442f,-0.03933046314737015f,0.9992225424010422f,-0.0027249635246799223f,-2.424605507451523f,-1.2236950033140063e-16f,-0.0027270735760538214f,-0.9999962815279418f,0.2600276762271409f,0f,0f,0f,1f],start_interpolation:0}
execute if entity @s[tag=aj.uncle_alphon.bone.leftarm] run data modify entity @s {} merge value {transformation:[-0.9992262579959623f,-0.0393303168981419f,0.000107257066783274f,-0.20820406290451435f,-0.03933046314737015f,0.9992225424010422f,-0.0027249635246799223f,1.2496188413309466f,-1.2236950033140063e-16f,-0.0027270735760538214f,-0.9999962815279418f,0.24999999999999997f,0f,0f,0f,1f],start_interpolation:0}
execute if entity @s[tag=aj.uncle_alphon.bone.righarm] run data modify entity @s {} merge value {transformation:[-0.996981189292537f,-0.07764317975999961f,-0.00021173945123140197f,-0.20820406290451426f,-0.07764346847506763f,0.9969774820458421f,0.002718841057142385f,1.2496188413309466f,-1.2208820596414465e-16f,0.0027270735760538066f,-0.9999962815279418f,-0.5f,0f,0f,0f,1f],start_interpolation:0}
execute if entity @s[tag=aj.uncle_alphon.bone.torso] run data modify entity @s {} merge value {transformation:[-0.9993223845883495f,-0.03680722294135883f,1.2246467991473532e-16f,-0.1863497742830825f,-0.03680722294135883f,0.9993223845883495f,0f,0.6562711754816141f,-1.2238169596024226e-16f,-4.507584776063812e-18f,-1f,-0.12500000000000003f,0f,0f,0f,1f],start_interpolation:0}