execute if entity @s[tag=aj.uncle_alphon.bone.head] run data modify entity @s {} merge value {transformation:[-0.9990597251102327f,-0.04335511114812589f,1.2246467991473532e-16f,-0.21730663891433652f,-0.04335511114812589f,0.9990597251102327f,0f,1.3743535610132849f,-1.223495294513281e-16f,-5.30946980942301e-18f,-1f,-0.12500000000000003f,0f,0f,0f,1f],start_interpolation:0}
execute if entity @s[tag=aj.uncle_alphon.bone.basket] run data modify entity @s {} merge value {transformation:[-0.9989154707009067f,-0.04655747769066296f,0.0005326025434542246f,-0.04069153446192009f,-0.04656052399174511f,0.9988501149656508f,-0.011426523474806239f,-2.4233838067699986f,-1.2233525151305272e-16f,-0.011438929328813598f,-0.9999345733075792f,0.29206189400304805f,0f,0f,0f,1f],start_interpolation:0}
execute if entity @s[tag=aj.uncle_alphon.bone.leftarm] run data modify entity @s {} merge value {transformation:[-0.9989154707009067f,-0.04655747769066296f,0.0005326025434542246f,-0.21188725002082082f,-0.04656052399174511f,0.9988501149656508f,-0.011426523474806239f,1.2494710953745058f,-1.2233525151305272e-16f,-0.011438929328813598f,-0.9999345733075792f,0.24999999999999997f,0f,0f,0f,1f],start_interpolation:0}
execute if entity @s[tag=aj.uncle_alphon.bone.righarm] run data modify entity @s {} merge value {transformation:[-0.9971464929697351f,-0.07548593157615316f,-0.0008635347348406433f,-0.21188725002082073f,-0.07549087069413066f,0.9970812529728411f,0.011406288263555121f,1.2494710953745058f,-1.221152260896395e-16f,0.011438929328813584f,-0.9999345733075792f,-0.5f,0f,0f,0f,1f],start_interpolation:0}
execute if entity @s[tag=aj.uncle_alphon.bone.torso] run data modify entity @s {} merge value {transformation:[-0.9990597251102327f,-0.04335511114812589f,1.2246467991473532e-16f,-0.18614515277662103f,-0.04335511114812589f,0.9990597251102327f,0f,0.6562793835903052f,-1.223495294513281e-16f,-5.30946980942301e-18f,-1f,-0.12500000000000003f,0f,0f,0f,1f],start_interpolation:0}