execute if entity @s[tag=aj.uncle_alphon.bone.head] run data modify entity @s {} merge value {transformation:[-0.9993223845883495f,-0.03680722294135883f,1.2246467991473532e-16f,-0.21280496577218416f,-0.03680722294135883f,0.9993223845883495f,0f,1.3745341394044903f,-1.2238169596024226e-16f,-4.507584776063812e-18f,-1f,-0.12500000000000003f,0f,0f,0f,1f],start_interpolation:0}
execute if entity @s[tag=aj.uncle_alphon.bone.basket] run data modify entity @s {} merge value {transformation:[-0.9999916334443507f,0.0040872660317607164f,-0.00016522011095315784f,-0.2232332798572874f,0.00409060402623479f,0.999175625215452f,-0.04038981225520952f,-2.424432989060117f,-1.2246365530717576e-16f,-0.0403901501816487f,-0.9991839849438661f,0.3985179396491561f,0f,0f,0f,1f],start_interpolation:0}
execute if entity @s[tag=aj.uncle_alphon.bone.leftarm] run data modify entity @s {} merge value {transformation:[-0.9999916334443507f,0.0040872660317607164f,-0.00016522011095315784f,-0.20820406290451435f,0.00409060402623479f,0.999175625215452f,-0.04038981225520952f,1.2496188413309466f,-1.2246365530717576e-16f,-0.0403901501816487f,-0.9991839849438661f,0.24999999999999997f,0f,0f,0f,1f],start_interpolation:0}
execute if entity @s[tag=aj.uncle_alphon.bone.righarm] run data modify entity @s {} merge value {transformation:[-0.9989832677894468f,-0.04504569948407128f,-0.0018208884395811704f,-0.20820406290451426f,-0.045082487472616894f,0.9981680824021046f,0.04034908421496994f,1.2496188413309466f,-1.2236727118432307e-16f,0.040390150181648696f,-0.9991839849438661f,-0.5f,0f,0f,0f,1f],start_interpolation:0}
execute if entity @s[tag=aj.uncle_alphon.bone.torso] run data modify entity @s {} merge value {transformation:[-0.9993223845883495f,-0.03680722294135883f,1.2246467991473532e-16f,-0.1863497742830825f,-0.03680722294135883f,0.9993223845883495f,0f,0.6562711754816141f,-1.2238169596024226e-16f,-4.507584776063812e-18f,-1f,-0.12500000000000003f,0f,0f,0f,1f],start_interpolation:0}