execute if entity @s[tag=aj.uncle_alphon.bone.head] run data modify entity @s {} merge value {transformation:[-0.9991603343673734f,-0.040971041320407936f,1.2246467991473532e-16f,-0.21566759090778043f,-0.040971041320407936f,0.9991603343673734f,0f,1.374422729877569f,-1.223618505318003e-16f,-5.017505461077152e-18f,-1f,-0.12500000000000003f,0f,0f,0f,1f],start_interpolation:0}
execute if entity @s[tag=aj.uncle_alphon.bone.basket] run data modify entity @s {} merge value {transformation:[-0.9999986791387016f,0.0016238755936672563f,-0.0000689123243792972f,-0.2165173362853027f,0.0016253371503043706f,0.9990994474277086f,-0.042398731452666656f,-2.4242440302516046f,-1.224645181558792e-16f,-0.042398787455584105f,-0.999100767101245f,0.40590386587339f,0f,0f,0f,1f],start_interpolation:0}
execute if entity @s[tag=aj.uncle_alphon.bone.leftarm] run data modify entity @s {} merge value {transformation:[-0.9999986791387016f,0.0016238755936672563f,-0.0000689123243792972f,-0.21054621074272947f,0.0016253371503043706f,0.9990994474277086f,-0.042398731452666656f,1.2495276880816475f,-1.224645181558792e-16f,-0.042398787455584105f,-0.999100767101245f,0.24999999999999997f,0f,0f,0f,1f],start_interpolation:0}
execute if entity @s[tag=aj.uncle_alphon.bone.righarm] run data modify entity @s {} merge value {transformation:[-0.9989541755636019f,-0.04568147351629831f,-0.0019385823232773393f,-0.2105462107427294f,-0.04572258877233864f,0.9980558831045864f,0.04235444576758939f,1.2495276880816475f,-1.2233660335988482e-16f,0.04239878745558409f,-0.999100767101245f,-0.5f,0f,0f,0f,1f],start_interpolation:0}
execute if entity @s[tag=aj.uncle_alphon.bone.torso] run data modify entity @s {} merge value {transformation:[-0.9991603343673734f,-0.040971041320407936f,1.2246467991473532e-16f,-0.1862196549587372f,-0.040971041320407936f,0.9991603343673734f,0f,0.6562762395510195f,-1.223618505318003e-16f,-5.017505461077152e-18f,-1f,-0.12500000000000003f,0f,0f,0f,1f],start_interpolation:0}