execute if entity @s[tag=aj.uncle_alphon.bone.head] run data modify entity @s {} merge value {transformation:[-0.9992083428780468f,-0.039783005453429825f,1.2246467991473532e-16f,-0.21485081624923297f,-0.039783005453429825f,0.9992083428780468f,0f,1.3744557357286573f,-1.223677298786931e-16f,-4.872013028900453e-18f,-1f,-0.12500000000000003f,0f,0f,0f,1f],start_interpolation:0}
execute if entity @s[tag=aj.uncle_alphon.bone.basket] run data modify entity @s {} merge value {transformation:[-0.9990889433449577f,-0.04267025325757319f,0.0007299128649342598f,-0.05297587237465562f,-0.04267649570730745f,0.9989428028897606f,-0.017087810535391965f,-2.4236410304772384f,-1.2234633138951333e-16f,-0.017103392695130674f,-0.9998537262811577f,0.31289059665951324f,0f,0f,0f,1f],start_interpolation:0}
execute if entity @s[tag=aj.uncle_alphon.bone.leftarm] run data modify entity @s {} merge value {transformation:[-0.9990889433449577f,-0.04267025325757319f,0.0007299128649342598f,-0.2098779405675543f,-0.04267649570730745f,0.9989428028897606f,-0.017087810535391965f,1.2495546928689014f,-1.2234633138951333e-16f,-0.017103392695130674f,-0.9998537262811577f,0.24999999999999997f,0f,0f,0f,1f],start_interpolation:0}
execute if entity @s[tag=aj.uncle_alphon.bone.righarm] run data modify entity @s {} merge value {transformation:[-0.99780146829205f,-0.06626420627012651f,-0.001133508543979058f,-0.2098779405675542f,-0.0662739004000002f,0.9976555161606167f,0.0170657903439769f,1.2495546928689014f,-1.2219543743283882e-16f,0.01710339269513066f,-0.9998537262811577f,-0.5f,0f,0f,0f,1f],start_interpolation:0}
execute if entity @s[tag=aj.uncle_alphon.bone.torso] run data modify entity @s {} merge value {transformation:[-0.9992083428780468f,-0.039783005453429825f,1.2246467991473532e-16f,-0.1862567810795803f,-0.039783005453429825f,0.9992083428780468f,0f,0.6562747392850611f,-1.223677298786931e-16f,-4.872013028900453e-18f,-1f,-0.12500000000000003f,0f,0f,0f,1f],start_interpolation:0}