execute if entity @s[tag=aj.uncle_alphon.bone.head] run data modify entity @s {} merge value {transformation:[-0.9992842209902659f,-0.03782916440892246f,1.2246467991473532e-16f,-0.21350755053113415f,-0.03782916440892246f,0.9992842209902659f,0f,1.3745079019308077f,-1.2237702226741856e-16f,-4.632736510780586e-18f,-1f,-0.12500000000000003f,0f,0f,0f,1f],start_interpolation:0}
execute if entity @s[tag=aj.uncle_alphon.bone.basket] run data modify entity @s {} merge value {transformation:[-0.9991773422651483f,-0.040546756382713295f,0.0007741129087767867f,-0.05968511131165777f,-0.04055414533626169f,0.9989952924424386f,-0.01907267610724379f,-2.4237913574875067f,-1.223605452667683e-16f,-0.01908837931012905f,-0.999817800289289f,0.32018955744487465f,0f,0f,0f,1f],start_interpolation:0}
execute if entity @s[tag=aj.uncle_alphon.bone.leftarm] run data modify entity @s {} merge value {transformation:[-0.9991773422651483f,-0.040546756382713295f,0.0007741129087767867f,-0.2087789049800189f,-0.04055414533626169f,0.9989952924424386f,-0.01907267610724379f,1.2495973743070246f,-1.223605452667683e-16f,-0.01908837931012905f,-0.999817800289289f,0.24999999999999997f,0f,0f,0f,1f],start_interpolation:0}
execute if entity @s[tag=aj.uncle_alphon.bone.righarm] run data modify entity @s {} merge value {transformation:[-0.9999116294343157f,-0.01329168636247068f,-0.00025376298650071693f,-0.2087789049800188f,-0.013294108545201778f,0.9997294458246963f,0.019086692459251417f,1.2495973743070246f,-1.2245385764169494e-16f,0.019088379310129047f,-0.999817800289289f,-0.5f,0f,0f,0f,1f],start_interpolation:0}
execute if entity @s[tag=aj.uncle_alphon.bone.torso] run data modify entity @s {} merge value {transformation:[-0.9992842209902659f,-0.03782916440892246f,1.2246467991473532e-16f,-0.18631783861222115f,-0.03782916440892246f,0.9992842209902659f,0f,0.6562723680940542f,-1.2237702226741856e-16f,-4.632736510780586e-18f,-1f,-0.12500000000000003f,0f,0f,0f,1f],start_interpolation:0}