execute if entity @s[tag=aj.villager_link.bone.rightarm] run data modify entity @s {} merge value {transformation:[-0.9930490161296136f,0.11698077885900222f,0.013005727259461811f,-0.37123041629268544f,-0.008435920143442188f,0.03947524228302593f,-0.9991849380860531f,0.703125f,-0.11739883651612458f,-0.9923493349744522f,-0.038214010001864814f,-0.37639768532943185f,0f,0f,0f,1f],start_interpolation:0}
execute if entity @s[tag=aj.villager_link.bone.leftarm] run data modify entity @s {} merge value {transformation:[-0.9756403134750855f,-0.21937634038846784f,2.719262146893782e-32f,0.2513912700146555f,-4.871133283145656e-17f,2.1663566795450906e-16f,-1f,0.703125f,0.21937634038846784f,-0.9756403134750855f,-2.220446049250313e-16f,-0.4308700245467182f,0f,0f,0f,1f],start_interpolation:0}
execute if entity @s[tag=aj.villager_link.bone.head] run data modify entity @s {} merge value {transformation:[-0.9626426421991582f,-0.08715574274765805f,-0.256365013069115f,-0.06536680706074358f,0.2573442857708372f,2.2119965816619248e-16f,-0.9663197807046576f,0.703125f,0.08422031821906854f,-0.9961946980917455f,0.02242903236822267f,-0.4658960235688092f,0f,0f,0f,1f],start_interpolation:0}