execute if entity @s[tag=aj.villager_link.bone.rightarm] run data modify entity @s {} merge value {transformation:[-0.9905382350270072f,0.13461792306994116f,0.026683697980543437f,-0.37123041629268544f,-0.0016399566385189273f,0.18281037619619883f,-0.9831468236724503f,0.703125f,-0.1372272403417238f,-0.9738882796005607f,-0.18085989982540382f,-0.37639768532943185f,0f,0f,0f,1f],start_interpolation:0}
execute if entity @s[tag=aj.villager_link.bone.leftarm] run data modify entity @s {} merge value {transformation:[-0.9679396606342803f,-0.2511828285755106f,2.719262146893782e-32f,0.2513912700146555f,-5.577379193500114e-17f,2.1492577953680764e-16f,-1f,0.703125f,0.2511828285755106f,-0.9679396606342803f,-2.220446049250313e-16f,-0.4308700245467182f,0f,0f,0f,1f],start_interpolation:0}
execute if entity @s[tag=aj.villager_link.bone.head] run data modify entity @s {} merge value {transformation:[-0.9787113735521771f,-0.08715574274765805f,0.18581690931052258f,-0.06536680706074358f,-0.18652669971689573f,2.2119965816619248e-16f,-0.9824498920009728f,0.703125f,0.08562615004970119f,-0.9961946980917455f,-0.016256873056095644f,-0.4658960235688092f,0f,0f,0f,1f],start_interpolation:0}