execute if entity @s[tag=aj.villager_link.bone.rightarm] run data modify entity @s {} merge value {transformation:[-0.9928496406437044f,0.1185953923486218f,0.013591320294342537f,-0.37123041629268544f,-0.00812355884775813f,0.04646654511940967f,-0.9988868143970632f,0.703125f,-0.11909491536297408f,-0.9918548246080886f,-0.04517087597494337f,-0.37639768532943185f,0f,0f,0f,1f],start_interpolation:0}
execute if entity @s[tag=aj.villager_link.bone.leftarm] run data modify entity @s {} merge value {transformation:[-0.9753092135014786f,-0.2208436959913669f,2.719262146893782e-32f,0.2513912700146555f,-4.903715122658681e-17f,2.165621489916788e-16f,-1f,0.703125f,0.2208436959913669f,-0.9753092135014786f,-2.220446049250313e-16f,-0.4308700245467182f,0f,0f,0f,1f],start_interpolation:0}
execute if entity @s[tag=aj.villager_link.bone.head] run data modify entity @s {} merge value {transformation:[-0.9630820117420436f,-0.08715574274765805f,-0.25470947207554406f,-0.06536680706074358f,0.2556824208796244f,2.2119965816619248e-16f,-0.9667608285678183f,0.703125f,0.08425875807316958f,-0.9961946980917455f,0.022284191299282764f,-0.4658960235688092f,0f,0f,0f,1f],start_interpolation:0}