execute if entity @s[tag=aj.villager_link.bone.rightarm] run data modify entity @s {} merge value {transformation:[-0.9980730383268269f,0.06158324446719603f,0.007596984003513211f,-0.3712304162926854f,-0.016481050047726233f,-0.14506726780853038f,-0.989284520651108f,0.06250000000000008f,-0.059821276769895244f,-0.9875034135695238f,0.14580268527759663f,-0.6263976853294319f,0f,0f,0f,1f],start_interpolation:0}
execute if entity @s[tag=aj.villager_link.bone.leftarm] run data modify entity @s {} merge value {transformation:[-0.9834057022061549f,-0.1814200233392646f,2.719262146893782e-32f,0.25139127001465555f,-4.028333740785699e-17f,2.1835993062738865e-16f,-1f,0.06250000000000008f,0.1814200233392646f,-0.9834057022061549f,-2.220446049250313e-16f,-0.6808700245467182f,0f,0f,0f,1f],start_interpolation:0}
execute if entity @s[tag=aj.villager_link.bone.head] run data modify entity @s {} merge value {transformation:[-0.9685725379292927f,-0.09982757805763022f,-0.22781943163030843f,-0.06536680706074355f,0.2338514931341542f,-0.053436069003631764f,-0.970802794437864f,0.0625000000000001f,0.0847391168713461f,-0.9935688406892533f,0.07510153715655558f,-0.7158960235688092f,0f,0f,0f,1f],start_interpolation:0}