execute if entity @s[tag=aj.villager_link.bone.rightarm] run data modify entity @s {} merge value {transformation:[-0.9940795550402494f,0.10815616126929994f,0.01039629888320642f,-0.37123041629268544f,-0.009997938853324194f,0.004224815954625571f,-0.999941094339479f,0.703125f,-0.10819371270857178f,-0.9941249396879844f,-0.003118464477320404f,-0.37639768532943185f,0f,0f,0f,1f],start_interpolation:0}
execute if entity @s[tag=aj.villager_link.bone.leftarm] run data modify entity @s {} merge value {transformation:[-0.9772629138812436f,-0.21203112307475291f,2.719262146893782e-32f,0.2513912700146555f,-4.7080366954944225e-17f,2.1699595762064564e-16f,-1f,0.703125f,0.21203112307475291f,-0.9772629138812436f,-2.220446049250313e-16f,-0.4308700245467182f,0f,0f,0f,1f],start_interpolation:0}
execute if entity @s[tag=aj.villager_link.bone.head] run data modify entity @s {} merge value {transformation:[-0.9615271397073464f,-0.08715574274765805f,-0.26051763109684756f,-0.06536680706074358f,0.2615127661248152f,2.2119965816619248e-16f,-0.965200017174548f,0.703125f,0.08412272439690009f,-0.9961946980917455f,0.022792339369602645f,-0.4658960235688092f,0f,0f,0f,1f],start_interpolation:0}