execute if entity @s[tag=aj.villager_link.bone.rightarm] run data modify entity @s {} merge value {transformation:[-0.9955385488356396f,0.09402929135883055f,0.007841565454988313f,-0.3712304162926854f,-0.01218101452076373f,-0.04566520393294234f,-0.9988825316497469f,0.06250000000000008f,-0.09356612991608476f,-0.9945215842385318f,0.046606843019104005f,-0.6263976853294319f,0f,0f,0f,1f],start_interpolation:0}
execute if entity @s[tag=aj.villager_link.bone.leftarm] run data modify entity @s {} merge value {transformation:[-0.9794380298844306f,-0.20174524930244384f,2.719262146893782e-32f,0.25139127001465555f,-4.479644417686312e-17f,2.174789303942394e-16f,-1f,0.06250000000000008f,0.20174524930244384f,-0.9794380298844306f,-2.220446049250313e-16f,-0.6808700245467182f,0f,0f,0f,1f],start_interpolation:0}
execute if entity @s[tag=aj.villager_link.bone.head] run data modify entity @s {} merge value {transformation:[-0.9622501868990583f,-0.08715574274765805f,-0.25783416049629954f,-0.06536680706074355f,0.25881904510252074f,2.2119965816619248e-16f,-0.9659258262890683f,0.0625000000000001f,0.08418598282936914f,-0.9961946980917455f,0.02255756611314959f,-0.7158960235688092f,0f,0f,0f,1f],start_interpolation:0}