execute if entity @s[tag=aj.villager_link.bone.rightarm] run data modify entity @s {} merge value {transformation:[-0.9609347082196105f,0.2552476251609924f,0.10701932717301782f,-0.37123041629268544f,6.145642999061461e-17f,0.3866652232338326f,-0.922220150040938f,0.703125f,-0.27677515520525303f,-0.8861933507938343f,-0.37156003346687355f,-0.37639768532943185f,0f,0f,0f,1f],start_interpolation:0}
execute if entity @s[tag=aj.villager_link.bone.leftarm] run data modify entity @s {} merge value {transformation:[-0.9491218055867217f,-0.3149091903387408f,2.719262146893782e-32f,0.2513912700146555f,-6.992388675602722e-17f,2.1074737634723598e-16f,-1f,0.703125f,0.3149091903387408f,-0.9491218055867217f,-2.220446049250313e-16f,-0.4308700245467182f,0f,0f,0f,1f],start_interpolation:0}
execute if entity @s[tag=aj.villager_link.bone.head] run data modify entity @s {} merge value {transformation:[-0.880274715302689f,-0.08715574274765805f,0.46639071828765394f,-0.06536680706074358f,-0.46817225506323784f,2.2119965816619248e-16f,-0.8836372217086617f,0.703125f,0.07701405837749531f,-0.9961946980917455f,-0.0408039006238827f,-0.4658960235688092f,0f,0f,0f,1f],start_interpolation:0}