execute if entity @s[tag=aj.villager_link.bone.torso] run data modify entity @s {} merge value {transformation:[-0.9961946980917455f,0.0038016801040236543f,-0.08707278979269366f,0.0014256300390088664f,-2.629135636925865e-17f,0.9990482215818578f,0.04361938736533588f,1.0621430830931966f,0.08715574274765804f,0.043453402427357846f,-0.9952465414778341f,0.04754502591025919f,0f,0f,0f,1f],start_interpolation:0}
execute if entity @s[tag=aj.villager_link.bone.rightarm] run data modify entity @s {} merge value {transformation:[-0.9883359873263643f,0.12072201988891815f,-0.0928340997131992f,-0.3086971880821542f,0.13305009163089163f,0.9810723785515447f,-0.14069350077464812f,1.374345652337527f,0.07409216741756106f,-0.1514040354718268f,-0.9856912137024525f,0.08836038377745166f,0f,0f,0f,1f],start_interpolation:0}
execute if entity @s[tag=aj.villager_link.bone.leftarm] run data modify entity @s {} merge value {transformation:[-0.9927352147592592f,-0.08303687526999594f,-0.08707278979269366f,0.31392449822518675f,-0.08707278979269384f,0.9952465414778341f,0.04361938736533588f,1.374345652337527f,0.08303687526999577f,0.05088417260607683f,-0.9952465414778341f,0.03388804456016538f,0f,0f,0f,1f],start_interpolation:0}
execute if entity @s[tag=aj.villager_link.bone.head] run data modify entity @s {} merge value {transformation:[-0.9399642819956626f,0.10037595623945933f,-0.32617758350535436f,0.002851260078017737f,-0.011258666069125038f,0.9461269153633507f,0.3236002201225691f,1.4367861661863932f,0.341087072476695f,0.3078449730530701f,-0.8881954073036138f,0.06384005182051838f,0f,0f,0f,1f],start_interpolation:0}