execute if entity @s[tag=aj.villager_link.bone.rightarm] run data modify entity @s {} merge value {transformation:[-0.9938705639936354f,0.11001413881898164f,0.010871581618653384f,-0.37123041629268544f,-0.009685581978849335f,0.011309106190990823f,-0.9998891406645498f,0.703125f,-0.11012489059565139f,-0.9938656817583947f,-0.010174236787940204f,-0.37639768532943185f,0f,0f,0f,1f],start_interpolation:0}
execute if entity @s[tag=aj.villager_link.bone.leftarm] run data modify entity @s {} merge value {transformation:[-0.9769428610913585f,-0.21350092777932034f,2.719262146893782e-32f,0.2513912700146555f,-4.740672915988686e-17f,2.1692489162536044e-16f,-1f,0.703125f,0.21350092777932034f,-0.9769428610913585f,-2.220446049250313e-16f,-0.4308700245467182f,0f,0f,0f,1f],start_interpolation:0}
execute if entity @s[tag=aj.villager_link.bone.head] run data modify entity @s {} merge value {transformation:[-0.9616197998475144f,-0.08715574274765805f,-0.26017539669870826f,-0.06536680706074358f,0.2611692244468733f,2.2119965816619248e-16f,-0.9652930312613982f,0.703125f,0.08413083110872552f,-0.9961946980917455f,0.022762397739496842f,-0.4658960235688092f,0f,0f,0f,1f],start_interpolation:0}