execute if entity @s[tag=aj.villager_link.bone.rightarm] run data modify entity @s {} merge value {transformation:[-0.9906200048335304f,0.1346129807870569f,0.023480873647286356f,-0.37123041629268544f,-0.0034635448495267647f,0.14704693311831737f,-0.9891234520107045f,0.703125f,-0.13660164669831654f,-0.9799268058707857f,-0.14520139550013894f,-0.37639768532943185f,0f,0f,0f,1f],start_interpolation:0}
execute if entity @s[tag=aj.villager_link.bone.leftarm] run data modify entity @s {} merge value {transformation:[-0.9701081061757039f,-0.2426731594803787f,2.719262146893782e-32f,0.2513912700146555f,-5.388426582272983e-17f,2.154072711703545e-16f,-1f,0.703125f,0.2426731594803787f,-0.9701081061757039f,-2.220446049250313e-16f,-0.4308700245467182f,0f,0f,0f,1f],start_interpolation:0}
execute if entity @s[tag=aj.villager_link.bone.head] run data modify entity @s {} merge value {transformation:[-0.9860567114486236f,-0.08715574274765805f,-0.14176049630708099f,-0.06536680706074358f,0.1423019983730383f,2.2119965816619248e-16f,-0.9898232878948847f,0.703125f,0.08626878384540768f,-0.9961946980917455f,0.012402436362677963f,-0.4658960235688092f,0f,0f,0f,1f],start_interpolation:0}