execute if entity @s[tag=aj.villager_link.bone.rightarm] run data modify entity @s {} merge value {transformation:[-0.994708768974871f,0.10232858464215096f,0.009128290619326131f,-0.37123041629268544f,-0.010934486893332996f,-0.01710392550750385f,-0.9997939251308808f,0.703125f,-0.10215136768969989f,-0.9946035976696284f,0.018132335253789964f,-0.37639768532943185f,0f,0f,0f,1f],start_interpolation:0}
execute if entity @s[tag=aj.villager_link.bone.leftarm] run data modify entity @s {} merge value {transformation:[-0.9782092849728743f,-0.20762127731246122f,2.719262146893782e-32f,0.2513912700146555f,-4.610118449487584e-17f,2.1720609421579924e-16f,-1f,0.703125f,0.20762127731246122f,-0.9782092849728743f,-2.220446049250313e-16f,-0.4308700245467182f,0f,0f,0f,1f],start_interpolation:0}
execute if entity @s[tag=aj.villager_link.bone.head] run data modify entity @s {} merge value {transformation:[-0.9615688434930093f,-0.08715574274765805f,-0.26036366053967785f,-0.06536680706074358f,0.26135820742513066f,2.2119965816619248e-16f,-0.9652418802618971f,0.703125f,0.08412637300537172f,-0.9961946980917455f,0.022778868691333526f,-0.4658960235688092f,0f,0f,0f,1f],start_interpolation:0}