execute if entity @s[tag=aj.villager_link.bone.torso] run data modify entity @s {} merge value {transformation:[-0.9971618104252934f,0.010150078071214019f,-0.07460093661945165f,0.003806279276705253f,0.0010449035997987146f,0.9926409533737078f,0.12109023850749923f,1.0597403575151403f,0.0752810202230171f,0.12066861066774659f,-0.9898342560215306f,0.07650072900040497f,0f,0f,0f,1f],start_interpolation:0}
execute if entity @s[tag=aj.villager_link.bone.rightarm] run data modify entity @s {} merge value {transformation:[-0.9882279907615678f,0.1293164779676996f,-0.08174770211684292f,-0.3046348870839446f,0.1346412254913758f,0.9888667010943216f,-0.06335919716200508f,1.370267187819361f,0.07264419229047221f,-0.07361994290178989f,-0.9946370822232607f,0.13773498865376863f,0f,0f,0f,1f],start_interpolation:0}
execute if entity @s[tag=aj.villager_link.bone.leftarm] run data modify entity @s {} merge value {transformation:[-0.994251946278487f,-0.07679692426745527f,-0.07460093661945165f,0.3185912444318638f,-0.08547343214689258f,0.9889547242089635f,0.12109023850749923f,1.369614123069487f,0.06447759082403166f,0.12677060340564472f,-0.9898342560215306f,0.09068435101438294f,0f,0f,0f,1f],start_interpolation:0}
execute if entity @s[tag=aj.villager_link.bone.head] run data modify entity @s {} merge value {transformation:[-0.9914624774250432f,0.03375364990817281f,-0.12594779464552808f,0.00761255855341051f,0.005987989152495858f,0.9766814004454965f,0.21461031198368102f,1.4319807150302808f,0.1302547497947971f,0.21202389757218376f,-0.9685450774301598f,0.12175145800080994f,0f,0f,0f,1f],start_interpolation:0}