execute if entity @s[tag=aj.villager_link.bone.torso] run data modify entity @s {} merge value {transformation:[-0.9959170205943227f,0.008322676727654405f,-0.08988893782114861f,0.003121003772870398f,-0.0002744746635125326f,0.9954572808443418f,0.0952088581889754f,1.060796480316628f,0.09027299016974265f,0.09484479461771378f,-0.9913905649035286f,0.06681679798164267f,0f,0f,0f,1f],start_interpolation:0}
execute if entity @s[tag=aj.villager_link.bone.rightarm] run data modify entity @s {} merge value {transformation:[-0.9875133154153811f,0.12457323524640485f,-0.09643112017168481f,-0.30550222868546345f,0.13323752967457134f,0.9870505123583583f,-0.08932551001433095f,1.3717911072481372f,0.08405481880023156f,-0.10105837478084878f,-0.9913233540692532f,0.1246661057277228f,0f,0f,0f,1f],start_interpolation:0}
execute if entity @s[tag=aj.villager_link.bone.leftarm] run data modify entity @s {} merge value {transformation:[-0.9928526247272395f,-0.07850888121491212f,-0.08988893782114861f,0.31694590918598825f,-0.08703324889010447f,0.9916453433107952f,0.0952088581889754f,1.3719626539128325f,0.08166320566732994f,0.10235169104806295f,-0.9913905649035286f,0.06824548687163365f,0f,0f,0f,1f],start_interpolation:0}
execute if entity @s[tag=aj.villager_link.bone.head] run data modify entity @s {} merge value {transformation:[-0.9395044781547935f,0.048827845137021805f,-0.3390386070440417f,0.006242007545740801f,-0.02469626321307521f,0.9775563373039098f,0.20922165753161182f,1.4340929606332562f,0.3416451815998575f,0.204937670856872f,-0.91721269122999f,0.10238359596328533f,0f,0f,0f,1f],start_interpolation:0}