execute if entity @s[tag=aj.villager_link.bone.rightarm] run data modify entity @s {} merge value {transformation:[-0.9906970613167853f,0.13415518494357526f,0.022841170089140037f,-0.37123041629268544f,-0.003771275170694176f,0.14071428391104715f,-0.99004306360228f,0.703125f,-0.13603348919245145f,-0.9809188940254726f,-0.1388992914379726f,-0.37639768532943185f,0f,0f,0f,1f],start_interpolation:0}
execute if entity @s[tag=aj.villager_link.bone.leftarm] run data modify entity @s {} merge value {transformation:[-0.970466659347792f,-0.24123528575715603f,2.719262146893782e-32f,0.2513912700146555f,-5.356499371992477e-17f,2.154868859677954e-16f,-1f,0.703125f,0.24123528575715603f,-0.970466659347792f,-2.220446049250313e-16f,-0.4308700245467182f,0f,0f,0f,1f],start_interpolation:0}
execute if entity @s[tag=aj.villager_link.bone.head] run data modify entity @s {} merge value {transformation:[-0.9830277456672718f,-0.08715574274765805f,-0.16143211500325946f,-0.06536680706074358f,0.16204875945685085f,2.2119965816619248e-16f,-0.9867827519563238f,0.703125f,0.08600378367733147f,-0.9961946980917455f,0.014123479991798197f,-0.4658960235688092f,0f,0f,0f,1f],start_interpolation:0}