execute if entity @s[tag=aj.villager_link.bone.rightarm] run data modify entity @s {} merge value {transformation:[-0.9986088021615588f,0.051988979792716924f,0.008809439571804885f,-0.3712304162926854f,-0.017644479807678522f,-0.17202117800080186f,-0.9849352195203158f,0.06250000000000008f,-0.04969036705210816f,-0.9837204177505562f,0.17269918101397544f,-0.6263976853294319f,0f,0f,0f,1f],start_interpolation:0}
execute if entity @s[tag=aj.villager_link.bone.leftarm] run data modify entity @s {} merge value {transformation:[-0.98440682496392f,-0.1759068019277663f,2.719262146893782e-32f,0.25139127001465555f,-3.905915633767663e-17f,2.1858222453461803e-16f,-1f,0.06250000000000008f,0.1759068019277663f,-0.98440682496392f,-2.220446049250313e-16f,-0.6808700245467182f,0f,0f,0f,1f],start_interpolation:0}
execute if entity @s[tag=aj.villager_link.bone.head] run data modify entity @s {} merge value {transformation:[-0.9661973381280748f,-0.10509581635234862f,-0.23540937360151135f,-0.06536680706074355f,0.2435511461252245f,-0.0726952516289262f,-0.9671598831691153f,0.0625000000000001f,0.0845313138151305f,-0.9918015274115283f,0.09583416514399973f,-0.7158960235688092f,0f,0f,0f,1f],start_interpolation:0}