execute if entity @s[tag=aj.villager_link.bone.rightarm] run data modify entity @s {} merge value {transformation:[-0.9904979236795828f,0.13499749933831012f,0.02625906241354413f,-0.37123041629268544f,-0.0019400570215881402f,0.17720200102554756f,-0.9841725900528295f,0.703125f,-0.1375139969791746f,-0.9748718510681006f,-0.17525631124118404f,-0.37639768532943185f,0f,0f,0f,1f],start_interpolation:0}
execute if entity @s[tag=aj.villager_link.bone.leftarm] run data modify entity @s {} merge value {transformation:[-0.968301647843971f,-0.24978374403201342f,2.719262146893782e-32f,0.2513912700146555f,-5.546313276028359e-17f,2.1500615684377133e-16f,-1f,0.703125f,0.24978374403201342f,-0.968301647843971f,-2.220446049250313e-16f,-0.4308700245467182f,0f,0f,0f,1f],start_interpolation:0}
execute if entity @s[tag=aj.villager_link.bone.head] run data modify entity @s {} merge value {transformation:[-0.9883162963519452f,-0.08715574274765805f,0.1250390933719461f,-0.06536680706074358f,-0.1255167223951944f,2.2119965816619248e-16f,-0.9920915040454523f,0.703125f,0.08646647190872257f,-0.9961946980917455f,-0.010939503167604992f,-0.4658960235688092f,0f,0f,0f,1f],start_interpolation:0}