execute if entity @s[tag=aj.villager_link.bone.rightarm] run data modify entity @s {} merge value {transformation:[-0.9982178232465504f,0.0591568767176974f,0.007851196719341789f,-0.3712304162926854f,-0.016778590582573246f,-0.15196533927321018f,-0.9882433984386845f,0.06250000000000008f,-0.05726828311536008f,-0.986613906042574f,0.1526870791928174f,-0.6263976853294319f,0f,0f,0f,1f],start_interpolation:0}
execute if entity @s[tag=aj.villager_link.bone.leftarm] run data modify entity @s {} merge value {transformation:[-0.983664671558078f,-0.18001059393418634f,2.719262146893782e-32f,0.25139127001465555f,-3.997038121243667e-17f,2.1841743337482411e-16f,-1f,0.06250000000000008f,0.18001059393418634f,-0.983664671558078f,-2.220446049250313e-16f,-0.6808700245467182f,0f,0f,0f,1f],start_interpolation:0}
execute if entity @s[tag=aj.villager_link.bone.head] run data modify entity @s {} merge value {transformation:[-0.9684382763154085f,-0.10094726984333018f,-0.22789680488856862f,-0.06536680706074355f,0.23441112954598803f,-0.05806168957401319f,-0.9704021138418779f,0.0625000000000001f,0.08472737050218453f,-0.9931960979157081f,0.07989232611957635f,-0.7158960235688092f,0f,0f,0f,1f],start_interpolation:0}