execute if entity @s[tag=aj.villager_link.bone.rightarm] run data modify entity @s {} merge value {transformation:[-0.9963375998908929f,0.0852142915937766f,0.007064810813185542f,-0.3712304162926854f,-0.01342311029489848f,-0.07427499849675404f,-0.9971474538443741f,0.06250000000000008f,-0.08444647508135718f,-0.9935903326353763f,0.0751468145689205f,-0.6263976853294319f,0f,0f,0f,1f],start_interpolation:0}
execute if entity @s[tag=aj.villager_link.bone.leftarm] run data modify entity @s {} merge value {transformation:[-0.9806273154759928f,-0.19588279184846197f,2.719262146893782e-32f,0.25139127001465555f,-4.3494717127603905e-17f,2.1774300484356084e-16f,-1f,0.06250000000000008f,0.19588279184846197f,-0.9806273154759928f,-2.220446049250313e-16f,-0.6808700245467182f,0f,0f,0f,1f],start_interpolation:0}
execute if entity @s[tag=aj.villager_link.bone.head] run data modify entity @s {} merge value {transformation:[-0.9649859818371129f,-0.09016471453389699f,-0.24631763865156744f,-0.06536680706074355f,0.24834334671666589f,-0.011806783203021915f,-0.9686001146045579f,0.0625000000000001f,0.08442533387218053f,-0.995856879337296f,0.033785187244606815f,-0.7158960235688092f,0f,0f,0f,1f],start_interpolation:0}