execute if entity @s[tag=aj.villager_link.bone.torso] run data modify entity @s {} merge value {transformation:[-0.9987443436426905f,0.007957582031778166f,-0.04946122653087861f,0.0029840932619168083f,0.003267348170062796f,0.995548569987263f,0.09419325470675566f,1.0608307137452235f,0.049990603893801444f,0.09391337329967264f,-0.9943245032874377f,0.06646751498737724f,0f,0f,0f,1f],start_interpolation:0}
execute if entity @s[tag=aj.villager_link.bone.rightarm] run data modify entity @s {} merge value {transformation:[-0.9896310371900934f,0.13199187363468406f,-0.05664411288444251f,-0.3066367697414933f,0.13674127353284035f,0.9864809223529486f,-0.09031729594210333f,1.3729606881693877f,0.043957187611092886f,-0.09712638739334505f,-0.9943008752531808f,0.11143750786033789f,0f,0f,0f,1f],start_interpolation:0}
execute if entity @s[tag=aj.villager_link.bone.leftarm] run data modify entity @s {} merge value {transformation:[-0.9956373688584236f,-0.0791190040555135f,-0.04946122653087861f,0.31757844503518823f,-0.08351286013477255f,0.9920449752707076f,0.09419325470675566f,1.3709185955630985f,0.04161528474953851f,0.09791297277381301f,-0.9943245032874377f,0.080193380426712f,0f,0f,0f,1f],start_interpolation:0}
execute if entity @s[tag=aj.villager_link.bone.head] run data modify entity @s {} merge value {transformation:[-0.9913743734169858f,0.0346204156905206f,0.12640521567362042f,0.005968186523833621f,0.05609611409717738f,0.9837567425954249f,0.17051656043105057f,1.434161427490447f,-0.11844862901391218f,0.17613658965545798f,-0.9772132950739413f,0.10168502997475448f,0f,0f,0f,1f],start_interpolation:0}