execute if entity @s[tag=aj.villager_link.bone.rightarm] run data modify entity @s {} merge value {transformation:[-0.9942892545000968f,0.106254140440446f,0.009946658981977524f,-0.37123041629268544f,-0.010310223861841052f,-0.002872881433082262f,-0.999942721277669f,0.703125f,-0.10621947876712867f,-0.9943348551627532f,0.003951979112555029f,-0.37639768532943185f,0f,0f,0f,1f],start_interpolation:0}
execute if entity @s[tag=aj.villager_link.bone.leftarm] run data modify entity @s {} merge value {transformation:[-0.9775806834754777f,-0.2105611723362551f,2.719262146893782e-32f,0.2513912700146555f,-4.6753972323955226e-17f,2.1706651664465452e-16f,-1f,0.703125f,0.2105611723362551f,-0.9775806834754777f,-2.220446049250313e-16f,-0.4308700245467182f,0f,0f,0f,1f],start_interpolation:0}
execute if entity @s[tag=aj.villager_link.bone.head] run data modify entity @s {} merge value {transformation:[-0.9614875328070003f,-0.08715574274765805f,-0.2606637695630362f,-0.06536680706074358f,0.26165946281620356f,2.2119965816619248e-16f,-0.9651602589822769f,0.703125f,0.08411925924212241f,-0.9961946980917455f,0.02280512482869922f,-0.4658960235688092f,0f,0f,0f,1f],start_interpolation:0}