execute if entity @s[tag=aj.villager_link.bone.rightarm] run data modify entity @s {} merge value {transformation:[-0.9395064761398836f,0.310817088455067f,0.14394554114502206f,-0.37123041629268544f,7.605719146832128e-17f,0.4202407451184803f,-0.9074126493179739f,0.703125f,-0.3425311391555783f,-0.8525200605654858f,-0.39481890157666255f,-0.37639768532943185f,0f,0f,0f,1f],start_interpolation:0}
execute if entity @s[tag=aj.villager_link.bone.leftarm] run data modify entity @s {} merge value {transformation:[-0.9293215254466763f,-0.3692715834470103f,2.719262146893782e-32f,0.2513912700146555f,-8.199476285653215e-17f,2.0635083096613468e-16f,-1f,0.703125f,0.3692715834470103f,-0.9293215254466763f,-2.220446049250313e-16f,-0.4308700245467182f,0f,0f,0f,1f],start_interpolation:0}
execute if entity @s[tag=aj.villager_link.bone.head] run data modify entity @s {} merge value {transformation:[-0.8641259690412847f,-0.08715574274765805f,0.49567144978762373f,-0.06536680706074358f,-0.4975648342006879f,2.2119965816619248e-16f,-0.86742678986001f,0.703125f,0.07560122614946577f,-0.9961946980917455f,-0.043365632689876484f,-0.4658960235688092f,0f,0f,0f,1f],start_interpolation:0}