execute if entity @s[tag=aj.villager_link.bone.torso] run data modify entity @s {} merge value {transformation:[-0.9960026218281601f,0.010876622228561802f,-0.0886593277683073f,0.004078733335710672f,-0.00019088978779563295f,0.9922973947637659f,0.12387834316833413f,1.059611523036412f,0.08932379790694027f,0.12340007874365333f,-0.9883287305818544f,0.07752502952887f,0f,0f,0f,1f],start_interpolation:0}
execute if entity @s[tag=aj.villager_link.bone.rightarm] run data modify entity @s {} merge value {transformation:[-0.9872377617563033f,0.12729722718510245f,-0.09569230749328282f,-0.3037731415391638f,0.1334215542635587f,0.9892071254014159f,-0.06056361872414451f,1.369644805841403f,0.08694993168657936f,-0.07255810778990655f,-0.9935668222991583f,0.1440012409821805f,0f,0f,0f,1f],start_interpolation:0}
execute if entity @s[tag=aj.villager_link.bone.leftarm] run data modify entity @s {} merge value {transformation:[-0.9931604912396069f,-0.0759721148868081f,-0.0886593277683073f,0.3187284971034363f,-0.08667457986172405f,0.9885047664526772f,0.12387834316833413f,1.3697641119587751f,0.07822886837028985f,0.13071558614015244f,-0.9883287305818544f,0.08817386729034282f,0f,0f,0f,1f],start_interpolation:0}
execute if entity @s[tag=aj.villager_link.bone.head] run data modify entity @s {} merge value {transformation:[-0.9396956088153228f,0.041193723765167f,-0.3395220757116671f,0.008157466671421348f,-0.03204475519036031f,0.9777483941201391f,0.20731910539137122f,1.4317230460728243f,0.34050741025415254f,0.20569675475769617f,-0.9174658296874941f,0.12380005905774f,0f,0f,0f,1f],start_interpolation:0}