execute if entity @s[tag=aj.villager_link.bone.rightarm] run data modify entity @s {} merge value {transformation:[-0.9908291875681088f,0.13229057147369067f,0.027508648863325345f,-0.37123041629268544f,-0.0007585406795194578f,0.1981371621919116f,-0.9801740098444631f,0.703125f,-0.135118265527496f,-0.9712058842787664f,-0.19621973566168271f,-0.37639768532943185f,0f,0f,0f,1f],start_interpolation:0}
execute if entity @s[tag=aj.villager_link.bone.leftarm] run data modify entity @s {} merge value {transformation:[-0.9668647946268385f,-0.2552889909714116f,2.719262146893782e-32f,0.2513912700146555f,-5.6685543141957e-17f,2.1468711133883789e-16f,-1f,0.703125f,0.2552889909714116f,-0.9668647946268385f,-2.220446049250313e-16f,-0.4308700245467182f,0f,0f,0f,1f],start_interpolation:0}
execute if entity @s[tag=aj.villager_link.bone.head] run data modify entity @s {} merge value {transformation:[-0.9539564277585697f,-0.08715574274765805f,0.28700350249467854f,-0.06536680706074358f,-0.2880998092485799f,2.2119965816619248e-16f,-0.9576003863360394f,0.703125f,0.08346037292656175f,-0.9961946980917455f,-0.0251095528605188f,-0.4658960235688092f,0f,0f,0f,1f],start_interpolation:0}