execute if entity @s[tag=aj.villager_link.bone.rightarm] run data modify entity @s {} merge value {transformation:[-0.9917434798819966f,0.12704781917789135f,0.017427614687315282f,-0.37123041629268544f,-0.006251723975432445f,0.08783938641130457f,-0.9961150325852033f,0.703125f,-0.12808507352101067f,-0.9879995414153934f,-0.08631987085306572f,-0.37639768532943185f,0f,0f,0f,1f],start_interpolation:0}
execute if entity @s[tag=aj.villager_link.bone.leftarm] run data modify entity @s {} merge value {transformation:[-0.9732788925496891f,-0.22962621217372073f,2.719262146893782e-32f,0.2513912700146555f,-5.0987261562545265e-17f,2.1611132717806772e-16f,-1f,0.703125f,0.22962621217372073f,-0.9732788925496891f,-2.220446049250313e-16f,-0.4308700245467182f,0f,0f,0f,1f],start_interpolation:0}
execute if entity @s[tag=aj.villager_link.bone.head] run data modify entity @s {} merge value {transformation:[-0.9678231890890306f,-0.08715574274765805f,-0.2360553985140829f,-0.06536680706074358f,0.23695709178763677f,2.2119965816619248e-16f,-0.9715201164420351f,0.703125f,0.08467355734279686f,-0.9961946980917455f,0.020652171334076253f,-0.4658960235688092f,0f,0f,0f,1f],start_interpolation:0}