execute if entity @s[tag=aj.villager_link.bone.rightarm] run data modify entity @s {} merge value {transformation:[-0.9394167056585658f,0.31077093659586225f,0.1446294510013021f,-0.37123041629268544f,7.611184229634506e-17f,0.4219342002400911f,-0.9066264559716722f,0.703125f,-0.3427772646043017f,-0.8517000385318092f,-0.3963720363942281f,-0.37639768532943185f,0f,0f,0f,1f],start_interpolation:0}
execute if entity @s[tag=aj.villager_link.bone.leftarm] run data modify entity @s {} merge value {transformation:[-0.9257770992090812f,-0.37806978533072305f,2.719262146893782e-32f,0.2513912700146555f,-8.394835611785182e-17f,2.0556381024252196e-16f,-1f,0.703125f,0.37806978533072305f,-0.9257770992090812f,-2.220446049250313e-16f,-0.4308700245467182f,0f,0f,0f,1f],start_interpolation:0}
execute if entity @s[tag=aj.villager_link.bone.head] run data modify entity @s {} merge value {transformation:[-0.8631513744234883f,-0.08715574274765805f,0.497366646787807f,-0.06536680706074358f,-0.49926650657801586f,2.2119965816619248e-16f,-0.8664484724491031f,0.703125f,0.0755159601688752f,-0.9961946980917455f,-0.04351394320983567f,-0.4658960235688092f,0f,0f,0f,1f],start_interpolation:0}