execute if entity @s[tag=aj.villager_link.bone.rightarm] run data modify entity @s {} merge value {transformation:[-0.991276459409545f,0.13035281065925844f,0.019471152346695195f,-0.37123041629268544f,-0.005318602498433205f,0.1080504080956395f,-0.9941311894201034f,0.703125f,-0.13169166066209487f,-0.9855624049564783f,-0.10641453119035184f,-0.37639768532943185f,0f,0f,0f,1f],start_interpolation:0}
execute if entity @s[tag=aj.villager_link.bone.leftarm] run data modify entity @s {} merge value {transformation:[-0.9722372255916142f,-0.23399738710917417f,2.719262146893782e-32f,0.2513912700146555f,-5.195785737414622e-17f,2.158800306498985e-16f,-1f,0.703125f,0.23399738710917417f,-0.9722372255916142f,-2.220446049250313e-16f,-0.4308700245467182f,0f,0f,0f,1f],start_interpolation:0}
execute if entity @s[tag=aj.villager_link.bone.head] run data modify entity @s {} merge value {transformation:[-0.9719798805696053f,-0.08715574274765805f,-0.21830938659159835f,-0.06536680706074358f,0.21914329298256605f,2.2119965816619248e-16f,-0.9756926858087833f,0.703125f,0.08503722072512193f,-0.9961946980917455f,0.019099596468062974f,-0.4658960235688092f,0f,0f,0f,1f],start_interpolation:0}