execute if entity @s[tag=aj.villager_link.bone.rightarm] run data modify entity @s {} merge value {transformation:[-0.94286326685682f,0.30352411362153103f,0.1374116896859539f,-0.37123041629268544f,7.398080401220892e-17f,0.41242488177559367f,-0.9109916118671936f,0.703125f,-0.3331799213819539f,-0.8589405272442624f,-0.38886027136397405f,-0.37639768532943185f,0f,0f,0f,1f],start_interpolation:0}
execute if entity @s[tag=aj.villager_link.bone.leftarm] run data modify entity @s {} merge value {transformation:[-0.9377420809564084f,-0.34733239066281263f,2.719262146893782e-32f,0.2513912700146555f,-7.712328346239089e-17f,2.0822056988754243e-16f,-1f,0.703125f,0.34733239066281263f,-0.9377420809564084f,-2.220446049250313e-16f,-0.4308700245467182f,0f,0f,0f,1f],start_interpolation:0}
execute if entity @s[tag=aj.villager_link.bone.head] run data modify entity @s {} merge value {transformation:[-0.8682913785275167f,-0.08715574274765805f,0.48833795519177997f,-0.06536680706074358f,-0.490203326846863f,2.2119965816619248e-16f,-0.871608110533781f,0.703125f,0.0759656522584544f,-0.9961946980917455f,-0.04272403504871153f,-0.4658960235688092f,0f,0f,0f,1f],start_interpolation:0}