execute if entity @s[tag=aj.villager_link.bone.torso] run data modify entity @s {} merge value {transformation:[-0.9961946980917455f,-0.06276678034454912f,-0.06046862640307839f,-0.02353754262920592f,-1.5883015513397803e-17f,0.6937996797084637f,-0.7201680390273045f,0.7914248798906744f,0.08715574274765803f,-0.71742758221413f,-0.6911595624633228f,-0.23778534333029877f,0f,0f,0f,1f],start_interpolation:0}
execute if entity @s[tag=aj.villager_link.bone.rightarm] run data modify entity @s {} merge value {transformation:[-0.9966666103180817f,0.06075077624169396f,-0.05445191514627172f,-0.354463004640548f,0.07879914677630229f,0.5440071149783471f,-0.8353723441198315f,1.0082372797995693f,-0.021127289092354205f,-0.8368784870212445f,-0.5469808366082316f,-0.4347452931635713f,0f,0f,0f,1f],start_interpolation:0}
execute if entity @s[tag=aj.villager_link.bone.leftarm] run data modify entity @s {} merge value {transformation:[-0.9869333911452958f,-0.14935202262899422f,-0.06046862640307839f,0.26815868166679296f,-0.06046862640307851f,0.6911595624633228f,-0.7201680390273045f,1.0082372797995693f,0.14935202262899414f,-0.7071014301726003f,-0.6911595624633228f,-0.4892176323808575f,0f,0f,0f,1f],start_interpolation:0}
execute if entity @s[tag=aj.villager_link.bone.head] run data modify entity @s {} merge value {transformation:[-0.9465997547547524f,-0.1653234916866711f,-0.2767978457191634f,-0.04707508525841184f,0.18639320417440183f,0.4198977911153346f,-0.8882248693062262f,1.0515997597813485f,0.2630712407996023f,-0.8923866808245123f,-0.3666599707510593f,-0.5068206866605975f,0f,0f,0f,1f],start_interpolation:0}
execute if entity @s[tag=aj.villager_link.bone.leftleg] run data modify entity @s {} merge value {transformation:[-0.8191520442889919f,-0.5735764363510459f,2.719262146893782e-32f,0.125f,-1.2735955320387539e-16f,1.8188829204768093e-16f,-1f,0.5375000000000006f,0.5735764363510459f,-0.8191520442889919f,-2.220446049250313e-16f,0.031250000000000014f,0f,0f,0f,1f],start_interpolation:0}
execute if entity @s[tag=aj.villager_link.bone.rightleg] run data modify entity @s {} merge value {transformation:[-0.9914448613738104f,0.13052619222005168f,2.719262146893782e-32f,-0.125f,2.8982636783870047e-17f,2.2014498254870016e-16f,-1f,0.5375000000000006f,-0.13052619222005168f,-0.9914448613738104f,-2.220446049250313e-16f,0.031249999999999986f,0f,0f,0f,1f],start_interpolation:0}