execute if entity @s[tag=aj.villager_link.bone.torso] run data modify entity @s {} merge value {transformation:[-0.9961946980917455f,0.010731443680779459f,-0.08649254077908805f,0.0040242913802922935f,-1.9352462465351426e-17f,0.9923906107886641f,0.12312950750531981f,1.059646479045749f,0.08715574274765807f,0.12266096255544756f,-0.9886142649036961f,0.07724786095829284f,0f,0f,0f,1f],start_interpolation:0}
execute if entity @s[tag=aj.villager_link.bone.rightarm] run data modify entity @s {} merge value {transformation:[-0.9874080713301163f,0.1275779042380668f,-0.09353704625634986f,-0.3039329756231346f,0.13360950326558468f,0.9891354318464626f,-0.061315561671049484f,1.3697685449172066f,0.08469829578724475f,-0.07304091877937455f,-0.9937259294567096f,0.14281558136551334f,0f,0f,0f,1f],start_interpolation:0}
execute if entity @s[tag=aj.villager_link.bone.leftarm] run data modify entity @s {} merge value {transformation:[-0.993339183450857f,-0.07613348153580252f,-0.08649254077908805f,0.31868871068420634f,-0.08649254077908819f,0.9886142649036962f,0.12312950750531981f,1.3697685449172066f,0.07613348153580235f,0.12979032405446295f,-0.9886142649036961f,0.08834324214822706f,0f,0f,0f,1f],start_interpolation:0}
execute if entity @s[tag=aj.villager_link.bone.head] run data modify entity @s {} merge value {transformation:[-0.9398642700861238f,0.0987213050138658f,-0.32696981168272543f,0.00804858276058459f,-0.03186826155647056f,0.9277933438512236f,0.3717309847332261f,1.4317929580914979f,0.34005818284647416f,0.3597966301144648f,-0.8688537375401162f,0.12324572191658567f,0f,0f,0f,1f],start_interpolation:0}