execute if entity @s[tag=aj.villager_link.bone.rightarm] run data modify entity @s {} merge value {transformation:[-0.939962024394718f,0.3099384541945976f,0.1428619869218085f,-0.37123041629268544f,7.577917271352819e-17f,0.4186075449091694f,-0.9081672331377727f,0.703125f,-0.3412790539950901f,-0.8536427109491306f,-0.39347519533972575f,-0.37639768532943185f,0f,0f,0f,1f],start_interpolation:0}
execute if entity @s[tag=aj.villager_link.bone.leftarm] run data modify entity @s {} merge value {transformation:[-0.931739777030682f,-0.3631266829893047f,2.719262146893782e-32f,0.2513912700146555f,-8.063032086209729e-17f,2.0688779068371452e-16f,-1f,0.703125f,0.3631266829893047f,-0.931739777030682f,-2.220446049250313e-16f,-0.4308700245467182f,0f,0f,0f,1f],start_interpolation:0}
execute if entity @s[tag=aj.villager_link.bone.head] run data modify entity @s {} merge value {transformation:[-0.8650273909506548f,-0.08715574274765805f,0.49409663974895346f,-0.06536680706074358f,-0.4959840086435083f,2.2119965816619248e-16f,-0.868331655054632f,0.703125f,0.07568009034758955f,-0.9961946980917455f,-0.04322785466428601f,-0.4658960235688092f,0f,0f,0f,1f],start_interpolation:0}