execute if entity @s[tag=aj.villager_link.bone.rightarm] run data modify entity @s {} merge value {transformation:[-0.9926535094706077f,0.12015620689694814f,0.014194931483588628f,-0.37123041629268544f,-0.0078112676514092766f,0.05343325300687474f,-0.9985408712570464f,0.703125f,-0.1207393648871984f,-0.9913159806122572f,-0.05210213382765494f,-0.37639768532943185f,0f,0f,0f,1f],start_interpolation:0}
execute if entity @s[tag=aj.villager_link.bone.leftarm] run data modify entity @s {} merge value {transformation:[-0.9749759825332679f,-0.2223102190257769f,2.719262146893782e-32f,0.2513912700146555f,-4.936278475437584e-17f,2.164881568529937e-16f,-1f,0.703125f,0.2223102190257769f,-0.9749759825332679f,-2.220446049250313e-16f,-0.4308700245467182f,0f,0f,0f,1f],start_interpolation:0}
execute if entity @s[tag=aj.villager_link.bone.head] run data modify entity @s {} merge value {transformation:[-0.9636132280715547f,-0.08715574274765805f,-0.2526923488980664f,-0.06536680706074358f,0.2536575926193039f,2.2119965816619248e-16f,-0.9672940740574085f,0.703125f,0.08430523347988166f,-0.9961946980917455f,0.02210771588831808f,-0.4658960235688092f,0f,0f,0f,1f],start_interpolation:0}