execute if entity @s[tag=aj.villager_link.bone.torso] run data modify entity @s {} merge value {transformation:[-0.9960106720476698f,0.006035942578353095f,-0.08902981840001654f,0.0022634784668824066f,-0.00018298311028478492f,0.9975694352027843f,0.06967918244626103f,1.061588538201044f,0.08923400520166318f,0.06941750028911176f,-0.993588699094993f,0.05728156260841691f,0f,0f,0f,1f],start_interpolation:0}
execute if entity @s[tag=aj.villager_link.bone.rightarm] run data modify entity @s {} merge value {transformation:[-0.987893290011294f,0.1225156024436591f,-0.09516708836845096f,-0.30710362449227907f,0.13314520260106885f,0.9844245037335878f,-0.11480745390957701f,1.3732718044799501f,0.07961910935812841f,-0.1260885546223231f,-0.9888187264702625f,0.10686015807428408f,0f,0f,0f,1f],start_interpolation:0}
execute if entity @s[tag=aj.villager_link.bone.leftarm] run data modify entity @s {} merge value {transformation:[-0.9927466177952836f,-0.08079507591236727f,-0.08902981840001654f,0.3154030455375146f,-0.08712619187176658f,0.9937574342985037f,0.06967918244626103f,1.373386168923878f,0.0828443090740048f,0.07693060174449469f,-0.993588699094993f,0.05108890482324459f,0f,0f,0f,1f],start_interpolation:0}
execute if entity @s[tag=aj.villager_link.bone.head] run data modify entity @s {} merge value {transformation:[-0.9397448319802969f,0.06170992661670173f,-0.33626111241605805f,0.004526956933764818f,-0.018070723357658653f,0.9732333172279923f,0.2291077458200157f,1.435677076402088f,0.3413987400733261f,0.22137930163942451f,-0.9134758371637347f,0.08331312521683382f,0f,0f,0f,1f],start_interpolation:0}