execute if entity @s[tag=aj.villager_link.bone.rightarm] run data modify entity @s {} merge value {transformation:[-0.9394037208680732f,0.3109674877504648f,0.14429092411300057f,-0.37123041629268544f,7.611974354809095e-17f,0.4209029056790933f,-0.9071056961517199f,0.703125f,-0.34281284867872025f,-0.8521384661855494f,-0.39539775571912406f,-0.37639768532943185f,0f,0f,0f,1f],start_interpolation:0}
execute if entity @s[tag=aj.villager_link.bone.leftarm] run data modify entity @s {} merge value {transformation:[-0.9281203993127084f,-0.372280169200051f,2.719262146893782e-32f,0.2513912700146555f,-8.266280309144918e-17f,2.0608412738825264e-16f,-1f,0.703125f,0.372280169200051f,-0.9281203993127084f,-2.220446049250313e-16f,-0.4308700245467182f,0f,0f,0f,1f],start_interpolation:0}
execute if entity @s[tag=aj.villager_link.bone.head] run data modify entity @s {} merge value {transformation:[-0.8637528425766047f,-0.08715574274765805f,0.4963213711366247f,-0.06536680706074358f,-0.49821723814365804f,2.2119965816619248e-16f,-0.8670522381128518f,0.703125f,0.07556858181374476f,-0.9961946980917455f,-0.04342249344009754f,-0.4658960235688092f,0f,0f,0f,1f],start_interpolation:0}