execute if entity @s[tag=aj.villager_link.bone.rightarm] run data modify entity @s {} merge value {transformation:[-0.9987996220411928f,0.04805920854743924f,0.00946717931404233f,-0.3712304162926854f,-0.018120761781939877f,-0.182966515721457f,-0.9829521311423013f,0.06250000000000008f,-0.04550772464991711f,-0.9819437695706121f,0.1836177562183019f,-0.6263976853294319f,0f,0f,0f,1f],start_interpolation:0}
execute if entity @s[tag=aj.villager_link.bone.leftarm] run data modify entity @s {} merge value {transformation:[-0.9848077530122081f,-0.17364817766693025f,2.719262146893782e-32f,0.25139127001465555f,-3.8557641006005196e-17f,2.1867124844470357e-16f,-1f,0.06250000000000008f,0.17364817766693025f,-0.9848077530122081f,-2.220446049250313e-16f,-0.6808700245467182f,0f,0f,0f,1f],start_interpolation:0}
execute if entity @s[tag=aj.villager_link.bone.head] run data modify entity @s {} merge value {transformation:[-0.9622501868990583f,-0.10929581659723894f,-0.24925690017945376f,-0.06536680706074355f,0.25881904510252074f,-0.08418598282936897f,-0.9622501868990583f,0.0625000000000001f,0.08418598282936914f,-0.990437855076933f,0.10929581659723883f,-0.7158960235688092f,0f,0f,0f,1f],start_interpolation:0}