execute if entity @s[tag=aj.villager_link.bone.torso] run data modify entity @s {} merge value {transformation:[-0.9961946980917455f,0.020777742499231304f,-0.0846428314184467f,0.0077916534372117355f,-1.9352462465351426e-17f,0.971167575996834f,0.2383978593285485f,1.0516878409988126f,0.08715574274765807f,0.23749068349952163f,-0.9674719901666583f,0.12030900631232061f,0f,0f,0f,1f],start_interpolation:0}
execute if entity @s[tag=aj.villager_link.bone.rightarm] run data modify entity @s {} merge value {transformation:[-0.9860445671176689f,0.13770162043301817f,-0.09356481917820364f,-0.29702614518544895f,0.1328886277824696f,0.9895540511678446f,0.05588731898561555f,1.3551777084978234f,0.10028322025055444f,0.04267368682723183f,-0.994043375406099f,0.22176101451456426f,0f,0f,0f,1f],start_interpolation:0}
execute if entity @s[tag=aj.villager_link.bone.leftarm] run data modify entity @s {} merge value {transformation:[-0.9942147760862442f,-0.06612541191741542f,-0.0846428314184467f,0.325595541121892f,-0.08464283141844685f,0.9674719901666584f,0.2383978593285485f,1.3551777084978234f,0.06612541191741525f,0.2441830832423042f,-0.9674719901666583f,0.16728867529727798f,0f,0f,0f,1f],start_interpolation:0}
execute if entity @s[tag=aj.villager_link.bone.head] run data modify entity @s {} merge value {transformation:[-0.9403430100965623f,0.03060619961456894f,-0.3388484674713607f,0.015583306874423474f,-0.0617019063059f,0.9640895329401871f,0.25831036996874657f,1.4158756819976253f,0.33458615948773884f,0.2638079472273833f,-0.9046863925465664f,0.20936801262464122f,0f,0f,0f,1f],start_interpolation:0}