execute if entity @s[tag=aj.villager_link.bone.torso] run data modify entity @s {} merge value {transformation:[-0.9961946980917455f,-0.08715574274765805f,2.719262146893782e-32f,-0.03268340353037181f,-1.9352462465351423e-17f,2.2119965816619248e-16f,-1f,0.703125f,0.08715574274765805f,-0.9961946980917455f,-2.220446049250313e-16f,-0.09232301178440461f,0f,0f,0f,1f],start_interpolation:0}
execute if entity @s[tag=aj.villager_link.bone.rightarm] run data modify entity @s {} merge value {transformation:[-0.9396926207859083f,0.3099755192194448f,0.14454395845259904f,-0.37123041629268544f,7.59437276011507e-17f,0.4226182617406996f,-0.9063077870366498f,0.703125f,-0.3420201433256689f,-0.8516507396391464f,-0.3971312619671031f,-0.37639768532943185f,0f,0f,0f,1f],start_interpolation:0}
execute if entity @s[tag=aj.villager_link.bone.leftarm] run data modify entity @s {} merge value {transformation:[-0.9238795325112867f,-0.3826834323650896f,2.719262146893782e-32f,0.2513912700146555f,-8.497279155086129e-17f,2.0514246579479128e-16f,-1f,0.703125f,0.3826834323650896f,-0.9238795325112867f,-2.220446049250313e-16f,-0.4308700245467182f,0f,0f,0f,1f],start_interpolation:0}
execute if entity @s[tag=aj.villager_link.bone.head] run data modify entity @s {} merge value {transformation:[-0.862729915662821f,-0.08715574274765805f,0.4980973490458727f,-0.06536680706074358f,-0.49999999999999994f,2.2119965816619248e-16f,-0.8660254037844387f,0.703125f,0.07547908730517312f,-0.9961946980917455f,-0.043577871373829215f,-0.4658960235688092f,0f,0f,0f,1f],start_interpolation:0}
execute if entity @s[tag=aj.villager_link.bone.leftleg] run data modify entity @s {} merge value {transformation:[-0.8191520442889919f,-0.5735764363510459f,2.719262146893782e-32f,0.12499999999999997f,-1.2735955320387539e-16f,1.8188829204768093e-16f,-1f,0.709375f,0.5735764363510459f,-0.8191520442889919f,-2.220446049250313e-16f,0.28125f,0f,0f,0f,1f],start_interpolation:0}
execute if entity @s[tag=aj.villager_link.bone.rightleg] run data modify entity @s {} merge value {transformation:[-0.9914448613738104f,0.13052619222005168f,2.719262146893782e-32f,-0.12500000000000003f,2.8982636783870047e-17f,2.2014498254870016e-16f,-1f,0.709375f,-0.13052619222005168f,-0.9914448613738104f,-2.220446049250313e-16f,0.28125f,0f,0f,0f,1f],start_interpolation:0}