execute if entity @s[tag=aj.villager_link.bone.torso] run data modify entity @s {} merge value {transformation:[-0.9960530876943584f,0.0053636439348010495f,-0.08859727884238607f,0.0020113664755503895f,-0.0001411906718348499f,0.9980754917289959f,0.06201042553569014f,1.0617783093983735f,0.08875937448928435f,0.0617781849333876f,-0.9941354179922407f,0.05441681935002035f,0f,0f,0f,1f],start_interpolation:0}
execute if entity @s[tag=aj.villager_link.bone.rightarm] run data modify entity @s {} merge value {transformation:[-0.9880164900658599f,0.12194557207844157f,-0.09461867050640958f,-0.3075790846993113f,0.13311465118984184f,0.9835087088904952f,-0.1224381851186879f,1.3736327784787363f,0.0781274919381495f,-0.13356607723150743f,-0.9879555647985597f,0.10145980666960533f,0f,0f,0f,1f],start_interpolation:0}
execute if entity @s[tag=aj.villager_link.bone.leftarm] run data modify entity @s {} merge value {transformation:[-0.9927302773500039f,-0.08146851302379937f,-0.08859727884238607f,0.31495409510966277f,-0.0871286641985767f,0.9942652075778647f,0.06201042553569014f,1.373721022648633f,0.08303729467869322f,0.0692789894978032f,-0.9941354179922407f,0.04598519761380262f,0f,0f,0f,1f],start_interpolation:0}
execute if entity @s[tag=aj.villager_link.bone.head] run data modify entity @s {} merge value {transformation:[-0.9398441927045629f,0.06746619711186995f,-0.33487491050655144f,0.004022732951100783f,-0.01607021157938273f,0.9704857071499624f,0.2406226101542234f,1.436056618796747f,0.34122520677596835f,0.23152927345132784f,-0.9110211599056292f,0.0775836387000407f,0f,0f,0f,1f],start_interpolation:0}