execute if entity @s[tag=aj.villager_link.bone.torso] run data modify entity @s {} merge value {transformation:[-0.9979787205335289f,0.008975818963123324f,-0.0629119069509259f,0.0033659321111712426f,0.0020793131424157794f,0.9940570474805581f,0.10884053845462027f,1.0602713928052092f,0.06351495744402652f,0.10848972775418475f,-0.9920664439203186f,0.07193364790781928f,0f,0f,0f,1f],start_interpolation:0}
execute if entity @s[tag=aj.villager_link.bone.rightarm] run data modify entity @s {} merge value {transformation:[-0.988981216298126f,0.13042045234432764f,-0.07004755113335678f,-0.30569747462958047f,0.1356318557796067f,0.9878666674642615f,-0.0756534666147869f,1.3715640054998883f,0.059330881564824606f,-0.08432053678289574f,-0.9946707463122585f,0.1256851120322603f,0f,0f,0f,1f],start_interpolation:0}
execute if entity @s[tag=aj.villager_link.bone.leftarm] run data modify entity @s {} merge value {transformation:[-0.9949634043723848f,-0.07803791337236249f,-0.0629119069509259f,0.31803922570387505f,-0.08456637957856507f,0.9904555843821988f,0.10884053845462027f,1.3702644347858786f,0.05381776105235487f,0.11361258487775577f,-0.9920664439203186f,0.08598826362974372f,0f,0f,0f,1f],start_interpolation:0}
execute if entity @s[tag=aj.villager_link.bone.head] run data modify entity @s {} merge value {transformation:[-0.9963919249547181f,0.028567706085058864f,0.07991882165090507f,0.00673186422234249f,0.0429266367498633f,0.9819544165015647f,0.18418150767766406f,1.4330427856104184f,-0.07321499670406859f,0.1869476132024953f,-0.9796377668176711f,0.11261729581563856f,0f,0f,0f,1f],start_interpolation:0}