execute if entity @s[tag=aj.villager_link.bone.torso] run data modify entity @s {} merge value {transformation:[-0.9961868366737691f,0.0037983757584596507f,-0.08716282911601116f,0.001424390909422365f,-0.000007906677648951364f,0.9990478976144916f,0.0436268060892504f,1.0621429616054343f,0.08724555218115056f,0.043461139120623216f,-0.9952383347776272f,0.047547927170233706f,0f,0f,0f,1f],start_interpolation:0}
execute if entity @s[tag=aj.villager_link.bone.rightarm] run data modify entity @s {} merge value {transformation:[-0.9883302654337974f,0.12070127804179945f,-0.09292194523704211f,-0.3086970031266118f,0.13304234739964907f,0.9810744755916792f,-0.14068620096122897f,1.3743429587731977f,0.07418234443552406f,-0.15140698405816158f,-0.9856839782366665f,0.08839376820203801f,0f,0f,0f,1f],start_interpolation:0}
execute if entity @s[tag=aj.villager_link.bone.leftarm] run data modify entity @s {} merge value {transformation:[-0.9927270952636597f,-0.08303948187380467f,-0.08716282911601116f,0.3139197697944938f,-0.08708063814743079f,0.9952455296308984f,0.0436268060892504f,1.374347900446728f,0.08312566865423168f,0.050899707266770344f,-0.9952383347776272f,0.03386529808881891f,0f,0f,0f,1f],start_interpolation:0}
execute if entity @s[tag=aj.villager_link.bone.head] run data modify entity @s {} merge value {transformation:[-0.9400292622412687f,0.09467649485022722f,-0.3276909328208686f,0.002848781818844734f,-0.011256383870602307f,0.9515722885520393f,0.307218934120266f,1.4367859232108686f,0.34090802271623616f,0.2924834029183701f,-0.893440081407252f,0.06384585434046741f,0f,0f,0f,1f],start_interpolation:0}