execute if entity @s[tag=aj.villager_link.bone.torso] run data modify entity @s {} merge value {transformation:[-0.9964222684444184f,0.011196623642245029f,-0.08376931757566912f,0.004198733865841882f,0.0002325507574737366f,0.9915448892294542f,0.1297639339843515f,1.0593293334610452f,0.08451395664755372f,0.12928019284470382f,-0.9880000115737914f,0.07973007231676393f,0f,0f,0f,1f],start_interpolation:0}
execute if entity @s[tag=aj.villager_link.bone.rightarm] run data modify entity @s {} merge value {transformation:[-0.9875226709318268f,0.12855962797424103f,-0.09094721793873421f,-0.3036842801348373f,0.1338482280946712f,0.9894945254194898f,-0.05463731326461993f,1.3692597834569602f,0.08296762158569908f,-0.06612870949885605f,-0.994355755023537f,0.14654074403309442f,0f,0f,0f,1f],start_interpolation:0}
execute if entity @s[tag=aj.villager_link.bone.leftarm] run data modify entity @s {} merge value {transformation:[-0.9936064309346855f,-0.07568990578764655f,-0.08376931757566912f,0.31907963764292424f,-0.08618716545680498f,0.9877920297043435f,0.1297639339843515f,1.369114439233539f,0.07292484429710801f,0.1361541193443333f,-0.9880000115737914f,0.09371952112837334f,0f,0f,0f,1f],start_interpolation:0}
execute if entity @s[tag=aj.villager_link.bone.head] run data modify entity @s {} merge value {transformation:[-0.9420111386270992f,0.042014162370671314f,-0.3329411732765519f,0.008397467731683768f,-0.03197308761388506f,0.976381665099058f,0.21367397063476487f,1.4311586669220904f,0.3340549900404287f,0.21192841767606893f,-0.9184190815800851f,0.12821014463352787f,0f,0f,0f,1f],start_interpolation:0}