execute if entity @s[tag=aj.villager_link.bone.torso] run data modify entity @s {} merge value {transformation:[-0.9961946980917455f,-0.08715574274765805f,2.719262146893782e-32f,-0.03268340353037178f,-1.9352462465351423e-17f,2.2119965816619248e-16f,-1f,0.06250000000000001f,0.08715574274765805f,-0.9961946980917455f,-2.220446049250313e-16f,-0.3423230117844046f,0f,0f,0f,1f],start_interpolation:0}
execute if entity @s[tag=aj.villager_link.bone.rightarm] run data modify entity @s {} merge value {transformation:[-0.9949179757912305f,0.10030681326792348f,0.008761544356704554f,-0.3712304162926854f,-0.011246410769397865f,-0.02423403979807168f,-0.9996430510736677f,0.06250000000000008f,-0.10005868124399073f,-0.9946613768147929f,0.02523897344612195f,-0.6263976853294319f,0f,0f,0f,1f],start_interpolation:0}
execute if entity @s[tag=aj.villager_link.bone.leftarm] run data modify entity @s {} merge value {transformation:[-0.9785200660602997f,-0.20615159547611211f,2.719262146893782e-32f,0.25139127001465555f,-4.577484957215821e-17f,2.172751014795748e-16f,-1f,0.06250000000000008f,0.20615159547611211f,-0.9785200660602997f,-2.220446049250313e-16f,-0.6808700245467182f,0f,0f,0f,1f],start_interpolation:0}
execute if entity @s[tag=aj.villager_link.bone.head] run data modify entity @s {} merge value {transformation:[-0.9616788265854938f,-0.08715574274765805f,-0.25995713301091006f,-0.06536680706074355f,0.26095012702724607f,2.2119965816619248e-16f,-0.9653522834719273f,0.0625000000000001f,0.08413599527914362f,-0.9961946980917455f,0.022743302141155136f,-0.7158960235688092f,0f,0f,0f,1f],start_interpolation:0}
execute if entity @s[tag=aj.villager_link.bone.leftleg] run data modify entity @s {} merge value {transformation:[-0.8191520442889919f,-0.5735764363510459f,2.719262146893782e-32f,0.125f,-1.2735955320387539e-16f,1.8188829204768093e-16f,-1f,0.06874999999999994f,0.5735764363510459f,-0.8191520442889919f,-2.220446049250313e-16f,0.031250000000000014f,0f,0f,0f,1f],start_interpolation:0}
execute if entity @s[tag=aj.villager_link.bone.rightleg] run data modify entity @s {} merge value {transformation:[-0.9914448613738104f,0.13052619222005168f,2.719262146893782e-32f,-0.125f,2.8982636783870047e-17f,2.2014498254870016e-16f,-1f,0.06874999999999994f,-0.13052619222005168f,-0.9914448613738104f,-2.220446049250313e-16f,0.031249999999999986f,0f,0f,0f,1f],start_interpolation:0}