execute if entity @s[tag=aj.villager_link.bone.rightarm] run data modify entity @s {} merge value {transformation:[-0.9911966110905284f,0.1295171883362377f,0.0274695483786564f,-0.37123041629268544f,-0.00020831852780063388f,0.20595088845025175f,-0.9785623067285716f,0.703125f,-0.13239801647321908f,-0.9699533645861679f,-0.20411084185297387f,-0.37639768532943185f,0f,0f,0f,1f],start_interpolation:0}
execute if entity @s[tag=aj.villager_link.bone.leftarm] run data modify entity @s {} merge value {transformation:[-0.9661849800241168f,-0.2578499260728945f,2.719262146893782e-32f,0.2513912700146555f,-5.725418496480441e-17f,2.1453616217395428e-16f,-1f,0.703125f,0.2578499260728945f,-0.9661849800241168f,-2.220446049250313e-16f,-0.4308700245467182f,0f,0f,0f,1f],start_interpolation:0}
execute if entity @s[tag=aj.villager_link.bone.head] run data modify entity @s {} merge value {transformation:[-0.9411669159116577f,-0.08715574274765805f,0.32650989709263434f,-0.06536680706074358f,-0.3277571118558233f,2.2119965816619248e-16f,-0.9447620206316135f,0.703125f,0.08234143562792645f,-0.9961946980917455f,-0.02856591452462173f,-0.4658960235688092f,0f,0f,0f,1f],start_interpolation:0}