execute if entity @s[tag=aj.villager_link.bone.rightarm] run data modify entity @s {} merge value {transformation:[-0.9449103305347942f,0.2987081353665065f,0.1338578242557782f,-0.37123041629268544f,5.880391614131143e-17f,0.40893933532162324f,-0.9125615705401521f,0.703125f,-0.3273292948219362f,-0.8622888552524459f,-0.38641100250743415f,-0.37639768532943185f,0f,0f,0f,1f],start_interpolation:0}
execute if entity @s[tag=aj.villager_link.bone.leftarm] run data modify entity @s {} merge value {transformation:[-0.940096158256953f,-0.3409093915258391f,2.719262146893782e-32f,0.2513912700146555f,-7.569709115658778e-17f,2.0874328005170484e-16f,-1f,0.703125f,0.3409093915258391f,-0.940096158256953f,-2.220446049250313e-16f,-0.4308700245467182f,0f,0f,0f,1f],start_interpolation:0}
execute if entity @s[tag=aj.villager_link.bone.head] run data modify entity @s {} merge value {transformation:[-0.87005233205578f,-0.08715574274765805f,0.4851935860977582f,-0.06536680706074358f,-0.4870469467737258f,2.2119965816619248e-16f,-0.8733757906184436f,0.703125f,0.07611971572917342f,-0.9961946980917455f,-0.042448938399043346f,-0.4658960235688092f,0f,0f,0f,1f],start_interpolation:0}