execute if entity @s[tag=aj.villager_link.bone.torso] run data modify entity @s {} merge value {transformation:[-0.9962868496132231f,0.01135909566247494f,-0.08534333151154581f,0.004259660873428099f,0.00009330181792226336f,0.9914001944399908f,0.13086499057853418f,1.0592750729149965f,0.08609590340155356f,0.13037110650017447f,-0.9877200362488305f,0.08013916493756543f,0f,0f,0f,1f],start_interpolation:0}
execute if entity @s[tag=aj.villager_link.bone.rightarm] run data modify entity @s {} merge value {transformation:[-0.9873954798148064f,0.12841181411268696f,-0.09252336157737173f,-0.3035302622361807f,0.13371102431870663f,0.9895736304365323f,-0.05352935568736483f,1.3691167904955943f,0.0846848771442139f,-0.06522603729302337f,-0.9942706048365902f,0.14778510553185542f,0f,0f,0f,1f],start_interpolation:0}
execute if entity @s[tag=aj.villager_link.bone.leftarm] run data modify entity @s {} merge value {transformation:[-0.9934856877826258f,-0.0755162494936904f,-0.08534333151154581f,0.31914901877208374f,-0.08631327353025366f,0.9876357491774852f,0.13086499057853418f,1.3690584768593927f,0.07440569187618998f,0.13737875748832112f,-0.9877200362488305f,0.09397516590588446f,0f,0f,0f,1f],start_interpolation:0}
execute if entity @s[tag=aj.villager_link.bone.head] run data modify entity @s {} merge value {transformation:[-0.9402507188658992f,0.04097438959311869f,-0.3380084097616969f,0.008519321746856202f,-0.03378022926331576f,0.9766085148765081f,0.21235513834522493f,1.431050145829993f,0.3388030132437989f,0.21108507305864416f,-0.9168727338888151f,0.12902832987513085f,0f,0f,0f,1f],start_interpolation:0}