execute if entity @s[tag=aj.villager_link.bone.rightarm] run data modify entity @s {} merge value {transformation:[-0.9972629869086346f,0.07361576617527417f,0.00687414812875819f,-0.3712304162926854f,-0.014964569014874104f,-0.10992063694521084f,-0.993827709036007f,0.06250000000000008f,-0.07240577750613425f,-0.991210458249905f,0.11072141093639329f,-0.6263976853294319f,0f,0f,0f,1f],start_interpolation:0}
execute if entity @s[tag=aj.villager_link.bone.leftarm] run data modify entity @s {} merge value {transformation:[-0.9820544633284484f,-0.1885975372497562f,2.719262146893782e-32f,0.25139127001465555f,-4.187706564845602e-17f,2.1805989532462896e-16f,-1f,0.06250000000000008f,0.1885975372497562f,-0.9820544633284484f,-2.220446049250313e-16f,-0.6808700245467182f,0f,0f,0f,1f],start_interpolation:0}
execute if entity @s[tag=aj.villager_link.bone.head] run data modify entity @s {} merge value {transformation:[-0.9675454917484224f,-0.09482096660344241f,-0.23423216194556257f,-0.06536680706074355f,0.2380970891141423f,-0.03157593597582148f,-0.9707279415071057f,0.0625000000000001f,0.08464926197360235f,-0.9949934394555774f,0.053127750636411834f,-0.7158960235688092f,0f,0f,0f,1f],start_interpolation:0}