execute if entity @s[tag=aj.fiona.bone.rightarm] run data modify entity @s {} merge value {transformation:[-0.9238795325112867f,-0.3535533905932737f,0.14644660940672632f,-0.25f,-0.38232360474290683f,0.8693420985177579f,-0.3131660533984013f,0.8118535610132849f,-0.016591282744734905f,-0.34531770262287576f,-0.9383391783316646f,-0.0014433610856634676f,0f,0f,0f,1f],start_interpolation:0}
execute if entity @s[tag=aj.fiona.bone.leftarm] run data modify entity @s {} merge value {transformation:[-0.9238795325112867f,0.3535533905932738f,-0.1464466094067261f,0.25f,0.38232360474290683f,0.8693420985177579f,-0.3131660533984013f,0.8118535610132849f,0.016591282744734676f,-0.3453177026228757f,-0.9383391783316646f,-0.0014433610856634065f,0f,0f,0f,1f],start_interpolation:0}
execute if entity @s[tag=aj.fiona.bone.torso] run data modify entity @s {} merge value {transformation:[-1f,-5.309469809423012e-18f,1.223495294513281e-16f,1.835970068801849e-18f,0f,0.9990597251102327f,0.04335511114812591f,0.49964739691633725f,-1.2246467991473532e-16f,0.04335511114812591f,-0.9990597251102327f,-0.014991833319452783f,0f,0f,0f,1f],start_interpolation:0}
execute if entity @s[tag=aj.fiona.bone.head] run data modify entity @s {} merge value {transformation:[-1f,-5.309469809423012e-18f,1.223495294513281e-16f,-1.5508110973178074e-19f,0f,0.9990597251102327f,0.04335511114812591f,0.8742947938326745f,-1.2246467991473532e-16f,0.04335511114812591f,-0.9990597251102327f,0.0012663333610944336f,0f,0f,0f,1f],start_interpolation:0}