execute if entity @s[tag=aj.fiona.bone.rightarm] run data modify entity @s {} merge value {transformation:[-0.9238795325112867f,-0.3535533905932737f,0.14644660940672632f,-0.25f,-0.38245954262571424f,0.8661424726700555f,-0.3217482172313181f,0.8120977766926847f,-0.013088455266214093f,-0.35326649577479324f,-0.9354311707986549f,-0.007736274987370028f,0f,0f,0f,1f],start_interpolation:0}
execute if entity @s[tag=aj.fiona.bone.leftarm] run data modify entity @s {} merge value {transformation:[-0.9238795325112867f,0.3535533905932738f,-0.1464466094067261f,0.25f,0.38245954262571424f,0.8661424726700555f,-0.3217482172313181f,0.8120977766926847f,0.013088455266213867f,-0.3532664957747932f,-0.9354311707986549f,-0.0077362749873699675f,0f,0f,0f,1f],start_interpolation:0}
execute if entity @s[tag=aj.fiona.bone.torso] run data modify entity @s {} merge value {transformation:[-1f,-4.1885102651270385e-18f,1.2239303169861225e-16f,2.2563298979128393e-18f,0f,0.9994149479166323f,0.03420178183655273f,0.49978060546873715f,-1.2246467991473532e-16f,0.03420178183655273f,-0.9994149479166323f,-0.018424331811292726f,0f,0f,0f,1f],start_interpolation:0}
execute if entity @s[tag=aj.fiona.bone.head] run data modify entity @s {} merge value {transformation:[-1f,-4.1885102651270385e-18f,1.2239303169861225e-16f,6.856385484901999e-19f,0f,0.9994149479166323f,0.03420178183655273f,0.8745612109374743f,-1.2246467991473532e-16f,0.03420178183655273f,-0.9994149479166323f,-0.005598663622585452f,0f,0f,0f,1f],start_interpolation:0}