execute if entity @s[tag=aj.fiona.bone.rightarm] run data modify entity @s {} merge value {transformation:[-0.9238795325112867f,-0.3535533905932737f,0.14644660940672632f,-0.25f,-0.3826834323650897f,0.8535533905932737f,-0.35355339059327373f,0.8125f,-1.1314261122877003e-16f,-0.3826834323650898f,-0.9238795325112867f,-0.03125000000000003f,0f,0f,0f,1f],start_interpolation:0}
execute if entity @s[tag=aj.fiona.bone.leftarm] run data modify entity @s {} merge value {transformation:[-0.9238795325112867f,0.3535533905932738f,-0.1464466094067261f,0.25f,0.3826834323650897f,0.8535533905932737f,-0.35355339059327373f,0.8125f,-1.1314261122877003e-16f,-0.38268343236508967f,-0.9238795325112867f,-0.03124999999999997f,0f,0f,0f,1f],start_interpolation:0}
execute if entity @s[tag=aj.fiona.bone.torso] run data modify entity @s {} merge value {transformation:[-1f,0f,1.2246467991473532e-16f,3.827021247335479e-18f,0f,1f,0f,0.5f,-1.2246467991473532e-16f,0f,-1f,-0.03125f,0f,0f,0f,1f],start_interpolation:0}
execute if entity @s[tag=aj.fiona.bone.head] run data modify entity @s {} merge value {transformation:[-1f,0f,1.2246467991473532e-16f,3.827021247335479e-18f,0f,1f,0f,0.875f,-1.2246467991473532e-16f,0f,-1f,-0.03125f,0f,0f,0f,1f],start_interpolation:0}
execute if entity @s[tag=aj.fiona.bone.leftleg] run data modify entity @s {} merge value {transformation:[-0.9990482215818578f,-0.043619387365335875f,2.719262146893782e-32f,0.12500000000000003f,-9.685449634607934e-18f,2.2183326766219875e-16f,-1f,0.125f,0.043619387365335875f,-0.9990482215818578f,-2.220446049250313e-16f,-0.15624999999999997f,0f,0f,0f,1f],start_interpolation:0}
execute if entity @s[tag=aj.fiona.bone.rightleg] run data modify entity @s {} merge value {transformation:[-0.9990482215818578f,0.043619387365336125f,2.719262146893782e-32f,-0.12499999999999999f,9.685449634607934e-18f,2.2183326766219875e-16f,-1f,0.125f,-0.043619387365336125f,-0.9990482215818578f,-2.220446049250313e-16f,-0.15625000000000003f,0f,0f,0f,1f],start_interpolation:0}