execute if entity @s[tag=aj.agatha.bone.head] run data modify entity @s {} merge value {transformation:[-1f,-4.305434114071078e-17f,1.1464694298391857e-16f,-3.760195580070662e-17f,0f,0.9361633334912584f,0.3515653751815371f,1.1588074158619845f,-1.2246467991473532e-16f,0.3515653751815371f,-0.9361633334912584f,0.3070432701648064f,0f,0f,0f,1f],start_interpolation:0}
execute if entity @s[tag=aj.agatha.bone.leftarm] run data modify entity @s {} merge value {transformation:[-0.7876126140320865f,0.5941096579890605f,-0.16340160495437409f,0.31249999999999994f,0.5654929518756446f,0.5916345890866124f,-0.574618338008182f,1.0017049439079897f,-0.24471226286500933f,-0.5449791071962642f,-0.8019436894963694f,0.20469551344320425f,0f,0f,0f,1f],start_interpolation:0}
execute if entity @s[tag=aj.agatha.bone.cane] run data modify entity @s {} merge value {transformation:[-0.30602606991954445f,0.017175998334926383f,0.951868178694296f,-0.11430474666705714f,-0.09979584666525168f,0.9937500560454238f,-0.050016148373124646f,0.6401921808902987f,-0.9467781332064884f,-0.11029873612564853f,-0.30239933083775317f,0.5069659498623552f,0f,0f,0f,1f],start_interpolation:0}
execute if entity @s[tag=aj.agatha.bone.rightarm] run data modify entity @s {} merge value {transformation:[-0.9238795325112867f,-0.37886565145761286f,-0.05392056706234363f,-0.34375000000000006f,-0.20888955113114607f,0.6173311813258845f,-0.7584638211483894f,1.0358208628151906f,0.32064273706877316f,-0.6894657574589084f,-0.6494807190799886f,0.15232802279187263f,0f,0f,0f,1f],start_interpolation:0}
execute if entity @s[tag=aj.agatha.bone.torso] run data modify entity @s {} merge value {transformation:[-1.0104166666666665f,-6.754425393830632e-17f,1.0367954901894373e-16f,6.266992633451103e-17f,0f,0.8466077655298612f,0.5515406889997447f,-0.09801235976997436f,-1.2374035366384712e-16f,0.5515406889997447f,-0.8466077655298612f,-0.5117387836080107f,0f,0f,0f,1f],start_interpolation:0}