execute if entity @s[tag=aj.agatha.bone.head] run data modify entity @s {} merge value {transformation:[-1f,-6.418190242850932e-17f,1.0429899916718227e-16f,-4.794467072860701e-17f,0f,0.8516659598489891f,0.5240850053517084f,1.0914004923714469f,-1.2246467991473532e-16f,0.5240850053517084f,-0.8516659598489891f,0.39149794668951043f,0f,0f,0f,1f],start_interpolation:0}
execute if entity @s[tag=aj.agatha.bone.leftarm] run data modify entity @s {} merge value {transformation:[-0.8981381932817019f,0.13693378096356965f,0.41784796924204565f,0.31249999999999994f,0.18934685134010815f,0.9780967533508477f,0.08645525416143418f,0.956766994914298f,-0.3968570972733981f,0.15676696308710036f,-0.9043940311767765f,0.26099863112634025f,0f,0f,0f,1f],start_interpolation:0}
execute if entity @s[tag=aj.agatha.bone.cane] run data modify entity @s {} merge value {transformation:[-0.251255028425576f,0.09658141131450014f,0.9630903081639653f,-0.17413121136389892f,0.2349365529242827f,0.9713394604534241f,-0.03611742884130168f,0.48997382561758906f,-0.9389758925504523f,0.2171904315446473f,-0.26674442759789974f,0.4333718781411171f,0f,0f,0f,1f],start_interpolation:0}
execute if entity @s[tag=aj.agatha.bone.rightarm] run data modify entity @s {} merge value {transformation:[-0.9578475681342234f,-0.2761500392619461f,-0.07917822955194061f,-0.34375000000000006f,-0.19994369669485842f,0.8387422582940948f,-0.5064917988513897f,1.000266766768688f,0.20627785720078784f,-0.4693107498953629f,-0.8586016920908691f,0.21612079864062395f,0f,0f,0f,1f],start_interpolation:0}
execute if entity @s[tag=aj.agatha.bone.torso] run data modify entity @s {} merge value {transformation:[-1.0104166666666665f,-8.612283445694221e-17f,8.88511818151908e-17f,7.990778454767835e-17f,0f,0.7255249585190804f,0.7032463116459724f,0.014332512714255174f,-1.2374035366384712e-16f,0.7032463116459724f,-0.7255249585190804f,-0.6524965778158508f,0f,0f,0f,1f],start_interpolation:0}