execute if entity @s[tag=aj.agatha.bone.head] run data modify entity @s {} merge value {transformation:[-1f,-5.298695157099064e-17f,1.1040824602280426e-16f,-4.254056290854803e-17f,0f,0.9015517461824485f,0.4326712943510097f,1.1299254661804041f,-1.2246467991473532e-16f,0.4326712943510097f,-0.9015517461824485f,0.34737005753958144f,0f,0f,0f,1f],start_interpolation:0}
execute if entity @s[tag=aj.agatha.bone.leftarm] run data modify entity @s {} merge value {transformation:[-0.7876126140320865f,0.5718731614494288f,-0.22940675105885436f,0.31249999999999994f,0.5848526019745275f,0.5766492220236f,-0.5704586827310126f,0.9824503107869361f,-0.1939427858446107f,-0.5834695895703672f,-0.788637707610674f,0.23158003835972096f,0f,0f,0f,1f],start_interpolation:0}
execute if entity @s[tag=aj.agatha.bone.cane] run data modify entity @s {} merge value {transformation:[-0.2705980500730986f,-0.11648796797179527f,0.955618777868266f,-0.10728772934921527f,-0.1527317709541096f,0.9852747690782115f,0.07685463915144186f,0.6450533057032288f,-0.9504997114349155f,-0.12515663280737033f,-0.28440484494196455f,0.5611040568776169f,0f,0f,0f,1f],start_interpolation:0}
execute if entity @s[tag=aj.agatha.bone.rightarm] run data modify entity @s {} merge value {transformation:[-0.9238795325112867f,-0.3826834323650896f,-7.639059453912455e-18f,-0.34375000000000006f,-0.23632491719129906f,0.5705388202099331f,-0.786534162098496f,1.0210469838468894f,0.3009935928242523f,-0.7266628139837151f,-0.617546768959256f,0.18242165322856496f,0f,0f,0f,1f],start_interpolation:0}
execute if entity @s[tag=aj.agatha.bone.torso] run data modify entity @s {} merge value {transformation:[-1.0104166666666665f,-7.641545559498442e-17f,9.73260153867656e-17f,7.090093818091338e-17f,0f,0.7947272262870221f,0.6239795478025814f,-0.049875776967340246f,-1.2374035366384712e-16f,0.6239795478025814f,-0.7947272262870221f,-0.5789500958993024f,0f,0f,0f,1f],start_interpolation:0}