execute if entity @s[tag=aj.agatha.bone.head] run data modify entity @s {} merge value {transformation:[-1f,-6.689163040797254e-17f,1.0258219927444418e-16f,-4.922374684777208e-17f,0f,0.8376472248640662f,0.5462116134590406f,1.0810080182736674f,-1.2246467991473532e-16f,0.5462116134590406f,-0.8376472248640662f,0.401942395816031f,0f,0f,0f,1f],start_interpolation:0}
execute if entity @s[tag=aj.agatha.bone.leftarm] run data modify entity @s {} merge value {transformation:[-0.7847010117298936f,0.5747647695675815f,-0.2321417279465422f,0.31249999999999994f,0.6079403061792585f,0.6404564502387625f,-0.4692804273248913f,0.9498386788491116f,-0.12104918964103237f,-0.5093731392716819f,-0.8519894944632597f,0.26796159721068735f,0f,0f,0f,1f],start_interpolation:0}
execute if entity @s[tag=aj.agatha.bone.cane] run data modify entity @s {} merge value {transformation:[-0.2791669113436924f,-0.02245804305389521f,0.9599799330782972f,-0.10586502842754564f,-0.013325787753560475f,0.999720802964317f,0.019512547274190075f,0.5728557779667509f,-0.9601501231534415f,-0.007345231280895106f,-0.27938823988468114f,0.5426331513496683f,0f,0f,0f,1f],start_interpolation:0}
execute if entity @s[tag=aj.agatha.bone.rightarm] run data modify entity @s {} merge value {transformation:[-0.9214568408214985f,-0.3884284660744523f,-0.0063731661136046894f,-0.34375000000000006f,-0.27759445694117646f,0.6698282078878728f,-0.6886737176582634f,0.9944989450508928f,0.27176940221223733f,-0.6328139526438779f,-0.7250433734339169f,0.2242384840691687f,0f,0f,0f,1f],start_interpolation:0}
execute if entity @s[tag=aj.agatha.bone.torso] run data modify entity @s {} merge value {transformation:[-1.0104166666666665f,-8.842043415247947e-17f,8.656501573465463e-17f,8.203957807962014e-17f,0f,0.7068569957878841f,0.7220076369287963f,0.03165330287722079f,-1.2374035366384712e-16f,0.7220076369287963f,-0.7068569957878841f,-0.6699039930267183f,0f,0f,0f,1f],start_interpolation:0}