execute if entity @s[tag=aj.agatha.bone.head] run data modify entity @s {} merge value {transformation:[-1f,-4.2514091102956305e-17f,1.1484837780442574e-16f,-3.73297927182506e-17f,0f,0.9378081736251436f,0.34715389884296655f,1.1602477922254921f,-1.2246467991473532e-16f,0.34715389884296655f,-0.9378081736251436f,0.30482088994346f,0f,0f,0f,1f],start_interpolation:0}
execute if entity @s[tag=aj.agatha.bone.leftarm] run data modify entity @s {} merge value {transformation:[-0.9615120725805898f,0.01957825033119155f,0.27406427420542795f,0.31249999999999994f,0.13866044072713563f,0.8957017644649656f,0.42248269942295147f,1.0026651948169947f,-0.23720838193271182f,0.4442240890004916f,-0.8639427887843895f,0.20321392662897342f,0f,0f,0f,1f],start_interpolation:0}
execute if entity @s[tag=aj.agatha.bone.cane] run data modify entity @s {} merge value {transformation:[-0.11198634123763133f,0.06872113276546404f,0.9913306538625951f,-0.2631588024065259f,0.1293913942295095f,0.9901210297310665f,-0.05402049225651258f,0.5379723933443039f,-0.9852496772268196f,0.12222009816606991f,-0.1197719546835728f,0.44803523153003666f,0f,0f,0f,1f],start_interpolation:0}
execute if entity @s[tag=aj.agatha.bone.rightarm] run data modify entity @s {} merge value {transformation:[-0.9923164248235793f,-0.11638288985312784f,-0.04198971272567153f,-0.34375000000000006f,-0.0670475680859822f,0.7910514250709818f,-0.6080643604972458f,1.0365341825884902f,0.10398430958132716f,-0.6005769441483776f,-0.7927765117095051f,0.15068639415947427f,0f,0f,0f,1f],start_interpolation:0}
execute if entity @s[tag=aj.agatha.bone.torso] run data modify entity @s {} merge value {transformation:[-1.0104166666666665f,-6.705536840130199e-17f,1.0399640711784054e-16f,6.221632119708433e-17f,0f,0.8491951082569024f,0.5475486356391781f,-0.1004129870424868f,-1.2374035366384712e-16f,0.5475486356391781f,-0.8491951082569024f,-0.5080348165724333f,0f,0f,0f,1f],start_interpolation:0}