execute if entity @s[tag=aj.agatha.bone.head] run data modify entity @s {} merge value {transformation:[-1f,-1.7847720596029423e-17f,1.2115715701577287e-16f,-2.455192498749059e-17f,0f,0.9893232652886302f,0.1457376984813556f,1.2130600301318442f,-1.2246467991473532e-16f,0.1457376984813556f,-0.9893232652886302f,0.2004816817762035f,0f,0f,0f,1f],start_interpolation:0}
execute if entity @s[tag=aj.agatha.bone.leftarm] run data modify entity @s {} merge value {transformation:[-0.906345586674373f,0.31181733458108146f,0.2851449234523324f,0.3125f,0.4211747654142257f,0.6125451444396526f,0.6688798569262473f,1.0378733534212294f,0.03390419581937487f,0.7263321525845838f,-0.6865071810459715f,0.1336544545174691f,0f,0f,0f,1f],start_interpolation:0}
execute if entity @s[tag=aj.agatha.bone.cane] run data modify entity @s {} merge value {transformation:[0.026414008753118348f,0.010075965814881477f,0.9996003076502565f,-0.3425008095455957f,-0.00013309992412579904f,0.9999492273097208f,-0.010075965814881484f,0.5947097213610455f,-0.9996510803405358f,0.00013309992412596783f,0.02641400875311834f,0.4419793620846687f,0f,0f,0f,1f],start_interpolation:0}
execute if entity @s[tag=aj.agatha.bone.rightarm] run data modify entity @s {} merge value {transformation:[-0.9996003076502565f,0.025802308462357496f,0.01155274095294443f,-0.34375f,0.010075965814881484f,0.7069767636140272f,-0.7071649953318768f,1.0601490958408075f,-0.026414008753118563f,-0.7067659418703263f,-0.7069541735881759f,0.07525889561393073f,0f,0f,0f,1f],start_interpolation:0}
execute if entity @s[tag=aj.agatha.bone.torso] run data modify entity @s {} merge value {transformation:[-1.0104166666666665f,-4.410253192197383e-17f,1.1561419377794944e-16f,4.0919874979150984e-17f,0f,0.9440615356072016f,0.360124502449847f,-0.18843338355307382f,-1.2374035366384712e-16f,0.360124502449847f,-0.9440615356072016f,-0.3341361362936725f,0f,0f,0f,1f],start_interpolation:0}