execute if entity @s[tag=aj.agatha.bone.head] run data modify entity @s {} merge value {transformation:[-1f,-2.5559396411045683e-17f,1.1976775476613729e-16f,-2.861776308617752e-17f,0f,0.9779779349402968f,0.20870831025599487f,1.1991630538453222f,-1.2246467991473532e-16f,0.20870831025599487f,-0.9779779349402968f,0.23368176935670204f,0f,0f,0f,1f],start_interpolation:0}
execute if entity @s[tag=aj.agatha.bone.leftarm] run data modify entity @s {} merge value {transformation:[-0.9398538816083248f,0.24514934060106303f,0.23785811322851474f,0.3125f,0.3395987089776385f,0.7454584754107159f,0.5735541633525577f,1.0286087025635482f,-0.03670692150652406f,0.6198334149117771f,-0.7838744412674256f,0.15578784623780134f,0f,0f,0f,1f],start_interpolation:0}
execute if entity @s[tag=aj.agatha.bone.cane] run data modify entity @s {} merge value {transformation:[-0.023117997392067414f,0.02504156424724071f,0.9994190703887091f,-0.3150972373823323f,0.025409244516432894f,0.9993780224091916f,-0.024452783452961143f,0.5827906468986054f,-0.999409790070962f,0.02482918414979821f,-0.023739905744777284f,0.4529928914965113f,0f,0f,0f,1f],start_interpolation:0}
execute if entity @s[tag=aj.agatha.bone.rightarm] run data modify entity @s {} merge value {transformation:[-0.9996841892832999f,-0.023313954283741087f,-0.00937983116302633f,-0.34375f,-0.010439902519647853f,0.7248069810277529f,-0.6888728828229594f,1.0545733436031817f,0.022858918005266567f,-0.6885574048611273f,-0.7248214746256749f,0.09893639581054331f,0f,0f,0f,1f],start_interpolation:0}
execute if entity @s[tag=aj.agatha.bone.torso] run data modify entity @s {} merge value {transformation:[-1.0104166666666665f,-5.1405981839985536e-17f,1.1255709731474531e-16f,4.769627181029587e-17f,0f,0.9190984485740046f,0.41976169680740916f,-0.16527175640887037f,-1.2374035366384712e-16f,0.41976169680740916f,-0.9190984485740046f,-0.3894696155945034f,0f,0f,0f,1f],start_interpolation:0}