execute if entity @s[tag=aj.agatha.bone.head] run data modify entity @s {} merge value {transformation:[-1f,-6.97517755797163e-17f,1.0065926499878422e-16f,-5.056033074954343e-17f,0f,0.821945274905933f,0.5695664711513574f,1.06954164284394f,-1.2246467991473532e-16f,0.5695664711513574f,-0.821945274905933f,0.4128564316237588f,0f,0f,0f,1f],start_interpolation:0}
execute if entity @s[tag=aj.agatha.bone.leftarm] run data modify entity @s {} merge value {transformation:[-0.8315889370649409f,0.5552062145283738f,0.014349184655419352f,0.3125f,0.5282872638385556f,0.7987140732265892f,-0.28804235121898836f,0.9421944285626266f,-0.17138379916775728f,-0.23195234117995933f,-0.9575101591126653f,0.2752376210825058f,0f,0f,0f,1f],start_interpolation:0}
execute if entity @s[tag=aj.agatha.bone.cane] run data modify entity @s {} merge value {transformation:[-0.31594124495424664f,0.05002617083302021f,0.947458976404016f,-0.12534821240905686f,0.21890329637722436f,0.9755099115183167f,0.021488586847698214f,0.49295143313493306f,-0.9231806305225135f,0.2141910239979993f,-0.31915470961078224f,0.43763786714470965f,0f,0f,0f,1f],start_interpolation:0}
execute if entity @s[tag=aj.agatha.bone.rightarm] run data modify entity @s {} merge value {transformation:[-0.9281228204231822f,-0.3626327138614204f,-0.08417567966591517f,-0.34375f,-0.2732369247938625f,0.8171409813423465f,-0.5075649707574985f,0.9880673654097109f,0.25284306029414905f,-0.4480827283531116f,-0.8574918398519726f,0.2327885496554014f,0f,0f,0f,1f],start_interpolation:0}
execute if entity @s[tag=aj.agatha.bone.torso] run data modify entity @s {} merge value {transformation:[-1.0104166666666665f,-9.082133486492058e-17f,8.404260977746899e-17f,8.426721791590571e-17f,0f,0.6862599880715217f,0.7416124790278629f,0.05076392859343337f,-1.2374035366384712e-16f,0.7416124790278629f,-0.6862599880715217f,-0.6880940527062647f,0f,0f,0f,1f],start_interpolation:0}