execute if entity @s[tag=aj.agatha.bone.head] run data modify entity @s {} merge value {transformation:[-1f,-5.503628450768822e-17f,1.09401120717328e-16f,-4.354337314351514e-17f,0f,0.8933279439712523f,0.44940536770280726f,1.1233719015090236f,-1.2246467991473532e-16f,0.44940536770280726f,-0.8933279439712523f,0.3555586245261224f,0f,0f,0f,1f],start_interpolation:0}
execute if entity @s[tag=aj.agatha.bone.leftarm] run data modify entity @s {} merge value {transformation:[-0.7876126140320865f,0.5801132122752307f,-0.20768974736673168f,0.31249999999999994f,0.5883669684815214f,0.6079530517962827f,-0.5331204340591823f,0.9780812676726823f,-0.18300459179323406f,-0.5420901657061301f,-0.8201509444165092f,0.23703908301741494f,0f,0f,0f,1f],start_interpolation:0}
execute if entity @s[tag=aj.agatha.bone.cane] run data modify entity @s {} merge value {transformation:[-0.283044566110364f,-0.009657291690584111f,0.9590581370869016f,-0.11013517550904267f,-0.08957041483796967f,0.995845345274915f,-0.01640698266103382f,0.6211253549221721f,-0.9549151346487023f,-0.09054714248107656f,-0.28273362128930096f,0.5403526546278341f,0f,0f,0f,1f],start_interpolation:0}
execute if entity @s[tag=aj.agatha.bone.rightarm] run data modify entity @s {} merge value {transformation:[-0.9238795325112867f,-0.3822586059051818f,-0.018026858244102776f,-0.34375000000000006f,-0.2418958130500741f,0.6198418584440838f,-0.7465135538953248f,1.0175877815089183f,0.2965350317172825f,-0.6853279716544561f,-0.6651259626810692f,0.1886088717386345f,0f,0f,0f,1f],start_interpolation:0}
execute if entity @s[tag=aj.agatha.bone.torso] run data modify entity @s {} merge value {transformation:[-1.0104166666666665f,-7.821679990594386e-17f,9.588434354641799e-17f,7.257228857252524e-17f,0f,0.782955082340283f,0.6386886403524791f,-0.03895316918170588f,-1.2374035366384712e-16f,0.6386886403524791f,-0.782955082340283f,-0.5925977075435374f,0f,0f,0f,1f],start_interpolation:0}