execute if entity @s[tag=aj.agatha.bone.head] run data modify entity @s {} merge value {transformation:[-1f,-6.460611992201113e-17f,1.0403675838491553e-16f,-4.814570966376029e-17f,0f,0.8495246013573055f,0.5275490040638038f,1.089802797583788f,-1.2246467991473532e-16f,0.5275490040638038f,-0.8495246013573055f,0.39313955417416035f,0f,0f,0f,1f],start_interpolation:0}
execute if entity @s[tag=aj.agatha.bone.leftarm] run data modify entity @s {} merge value {transformation:[-0.7847010117298936f,0.6016877830677105f,-0.14905077623798324f,0.31249999999999994f,0.6051139162020993f,0.6913805558975268f,-0.3947531828185632f,0.9557018650558587f,-0.1344673588966491f,-0.39995592086365106f,-0.9066166724462268f,0.2620930361161069f,0f,0f,0f,1f],start_interpolation:0}
execute if entity @s[tag=aj.agatha.bone.cane] run data modify entity @s {} merge value {transformation:[-0.3222167157864158f,0.028874262804415535f,0.9462254831779354f,-0.11402733344379085f,0.13464438811539828f,0.9907709161627783f,0.015616671700418252f,0.5272947657543929f,-0.9370417689819623f,0.1324359038685136f,-0.32313070815025247f,0.4616859016001651f,0f,0f,0f,1f],start_interpolation:0}
execute if entity @s[tag=aj.agatha.bone.rightarm] run data modify entity @s {} merge value {transformation:[-0.9214568408214985f,-0.38129141876670775f,-0.07439183072175813f,-0.34375000000000006f,-0.2715149289527115f,0.769059031007223f,-0.578643111237f,0.9993840377418766f,0.2778433620928663f,-0.5129961606104886f,-0.8121810175938796f,0.21739272527346376f,0f,0f,0f,1f],start_interpolation:0}
execute if entity @s[tag=aj.agatha.bone.torso] run data modify entity @s {} merge value {transformation:[-1.0104166666666665f,-8.64839599515694e-17f,8.849971636084097e-17f,8.024284943960049e-17f,0f,0.7226550252893972f,0.7061951250906213f,0.01699533736035308f,-1.2374035366384712e-16f,0.7061951250906213f,-0.7226550252893972f,-0.6552325902902673f,0f,0f,0f,1f],start_interpolation:0}