execute if entity @s[tag=aj.agatha.bone.head] run data modify entity @s {} merge value {transformation:[-1f,-4.1885387376769924e-17f,1.1507915602278503e-16f,-3.701262631190987e-17f,0f,0.9396926207859084f,0.34202014332566877f,1.161907688269748f,-1.2246467991473532e-16f,0.34202014332566877f,-0.9396926207859084f,0.3022310296950884f,0f,0f,0f,1f],start_interpolation:0}
execute if entity @s[tag=aj.agatha.bone.leftarm] run data modify entity @s {} merge value {transformation:[-0.7876126140320865f,0.5978205134740143f,-0.1492548286897597f,0.31249999999999994f,0.5629733123223084f,0.5997239145717403f,-0.5686758970658036f,1.003771792179832f,-0.2504544266536172f,-0.5319227951126121f,-0.8089071146980931f,0.20148735313005894f,0f,0f,0f,1f],start_interpolation:0}
execute if entity @s[tag=aj.agatha.bone.cane] run data modify entity @s {} merge value {transformation:[-0.3127078144345094f,0.026042980484055556f,0.9494922779881356f,-0.11599394835594001f,-0.08052726632907994f,0.9952983098250885f,-0.05382038495670532f,0.6336290044788464f,-0.9464297027086362f,-0.09329007249879052f,-0.30914038915032194f,0.49511622795985055f,0f,0f,0f,1f],start_interpolation:0}
execute if entity @s[tag=aj.agatha.bone.rightarm] run data modify entity @s {} merge value {transformation:[-0.9238795325112867f,-0.3770992768713318f,-0.06513635536200019f,-0.34375000000000006f,-0.20561565833058096f,0.6327098257584912f,-0.7465925779419065f,1.0373530177015087f,0.3227519333110306f,-0.6763685472963525f,-0.6620851741069376f,0.1487753877667536f,0f,0f,0f,1f],start_interpolation:0}
execute if entity @s[tag=aj.agatha.bone.torso] run data modify entity @s {} merge value {transformation:[-1.0104166666666665f,-6.648564356028253e-17f,1.0436155578194984e-16f,6.168771051984979e-17f,0f,0.8521767733734364f,0.5428964792671033f,-0.10317948044958036f,-1.2374035366384712e-16f,0.5428964792671033f,-0.8521767733734364f,-0.5037183828251474f,0f,0f,0f,1f],start_interpolation:0}