execute if entity @s[tag=aj.agatha.bone.head] run data modify entity @s {} merge value {transformation:[-1f,-2.314352040756364e-17f,1.2025795312478615e-16f,-2.735072522545402e-17f,0f,0.9819807083031159f,0.18898118562574173f,1.2037629667212886f,-1.2246467991473532e-16f,0.18898118562574173f,-0.9819807083031159f,0.223335620070184f,0f,0f,0f,1f],start_interpolation:0}
execute if entity @s[tag=aj.agatha.bone.leftarm] run data modify entity @s {} merge value {transformation:[-0.9232523807702293f,0.2894086525949612f,0.2526809711974222f,0.3125f,0.3841567861651859f,0.7045630565892778f,0.5966694754491888f,1.0316753111475259f,-0.005348368474511006f,0.6479456235616871f,-0.7616678172680775f,0.14889041338012265f,0f,0f,0f,1f],start_interpolation:0}
execute if entity @s[tag=aj.agatha.bone.cane] run data modify entity @s {} merge value {transformation:[-0.010364628368439342f,0.013101163115501045f,0.9998604572658154f,-0.32231030465059707f,0.010831332500575054f,0.9998569759196602f,-0.012988839095712908f,0.5890132961233837f,-0.9998876220431206f,0.010695196576658492f,-0.010505049030847143f,0.4527804085558132f,0f,0f,0f,1f],start_interpolation:0}
execute if entity @s[tag=aj.agatha.bone.rightarm] run data modify entity @s {} merge value {transformation:[-0.9999368204987337f,-0.010405381546204255f,-0.0042524164613995845f,-0.34375f,-0.0044630494902972604f,0.7147171677259562f,-0.6993993504050706f,1.0564903800442127f,0.010316792143414908f,-0.6993361839578054f,-0.7147184519845589f,0.09152786152220171f,0f,0f,0f,1f],start_interpolation:0}
execute if entity @s[tag=aj.agatha.bone.torso] run data modify entity @s {} merge value {transformation:[-1.0104166666666665f,-4.913000642350074e-17f,1.1356899926335858e-16f,4.558454204242337e-17f,0f,0.9273612550363889f,0.40117694716310826f,-0.17293827786881455f,-1.2374035366384712e-16f,0.40117694716310826f,-0.9273612550363889f,-0.3722260334503067f,0f,0f,0f,1f],start_interpolation:0}