execute if entity @s[tag=aj.agatha.bone.head] run data modify entity @s {} merge value {transformation:[-1f,-6.753484875080168e-17f,1.021598846457107e-16f,-4.952556515786346e-17f,0f,0.8341987642219649f,0.5514638898155947f,1.07847478882351f,-1.2246467991473532e-16f,0.5514638898155947f,-0.8341987642219649f,0.4044069293476706f,0f,0f,0f,1f],start_interpolation:0}
execute if entity @s[tag=aj.agatha.bone.leftarm] run data modify entity @s {} merge value {transformation:[-0.8900880530538788f,0.3089098514289641f,0.33513871978762877f,0.31249999999999994f,0.3028582213316863f,0.9503414525083025f,-0.07161020469330526f,0.9481498592156733f,-0.34061731544735474f,0.03776012890000591f,-0.9394434613551217f,0.26960461956511383f,0f,0f,0f,1f],start_interpolation:0}
execute if entity @s[tag=aj.agatha.bone.cane] run data modify entity @s {} merge value {transformation:[-0.2825784671941196f,0.08586724848999934f,0.9553932308295773f,-0.15180275580823377f,0.23792741333451836f,0.9711357277916607f,-0.01690988440251451f,0.4873781650840294f,-0.9292685057948357f,0.22253587091369773f,-0.29485221772019127f,0.43270837512811655f,0f,0f,0f,1f],start_interpolation:0}
execute if entity @s[tag=aj.agatha.bone.rightarm] run data modify entity @s {} merge value {transformation:[-0.9450630751798048f,-0.3160138255187149f,-0.08361247522180952f,-0.34375000000000006f,-0.23501472766802767f,0.8346328483752508f,-0.4981526735772257f,0.9930839624765256f,0.22720885042359876f,-0.45113553450603106f,-0.8630485894752068f,0.2261629763625016f,0f,0f,0f,1f],start_interpolation:0}
execute if entity @s[tag=aj.agatha.bone.torso] run data modify entity @s {} merge value {transformation:[-1.0104166666666665f,-8.896258926505102e-17f,8.600774869807832e-17f,8.25426085964391e-17f,0f,0.7023065651088972f,0.7264346693837785f,0.035875351960816926f,-1.2374035366384712e-16f,0.7264346693837785f,-0.7023065651088972f,-0.6740115489127843f,0f,0f,0f,1f],start_interpolation:0}