execute if entity @s[tag=aj.agatha.bone.head] run data modify entity @s {} merge value {transformation:[-1f,-5.952155084436424e-17f,1.070270190732244e-16f,-4.5717490752802636e-17f,0f,0.8739419328719168f,0.48603034675635015f,1.1082667618831525f,-1.2246467991473532e-16f,0.48603034675635015f,-0.8739419328719168f,0.3733116420557579f,0f,0f,0f,1f],start_interpolation:0}
execute if entity @s[tag=aj.agatha.bone.leftarm] run data modify entity @s {} merge value {transformation:[-0.9091800340182777f,0.017385367739629853f,0.41604015999790367f,0.31249999999999994f,0.11842400591222466f,0.9686660837167639f,0.2183157646175114f,0.9680111745887685f,-0.3992084926028313f,0.24775747666898984f,-0.8827507078379434f,0.24887442803717197f,0f,0f,0f,1f],start_interpolation:0}
execute if entity @s[tag=aj.agatha.bone.cane] run data modify entity @s {} merge value {transformation:[-0.2145196217341049f,0.09088159411459136f,0.9724823225859929f,-0.19887722441476663f,0.21998517081675784f,0.9745747612625157f,-0.04255066780712858f,0.4974835260868016f,-0.9516237998872129f,0.20480373668783805f,-0.2290580121430381f,0.4362335932009266f,0f,0f,0f,1f],start_interpolation:0}
execute if entity @s[tag=aj.agatha.bone.rightarm] run data modify entity @s {} merge value {transformation:[-0.9701265964901058f,-0.23179982231906054f,-0.0715767361324565f,-0.34375000000000006f,-0.16100465281723972f,0.8358779381149449f,-0.5247719260249241f,1.009490245928297f,0.18147145382600383f,-0.4975710149773199f,-0.8482282691001969f,0.2021225656057105f,0f,0f,0f,1f],start_interpolation:0}
execute if entity @s[tag=aj.agatha.bone.torso] run data modify entity @s {} merge value {transformation:[-1.0104166666666665f,-8.212215931521954e-17f,9.2561471867401e-17f,7.619581792133772e-17f,0f,0.7558217759752927f,0.6705783199890465f,-0.013777936471921048f,-1.2374035366384712e-16f,0.6705783199890465f,-0.7558217759752927f,-0.6221860700929298f,0f,0f,0f,1f],start_interpolation:0}