execute if entity @s[tag=aj.fiona.bone.rightarm] run data modify entity @s {} merge value {transformation:[-0.9238795325112867f,-0.3535533905932737f,0.14644660940672632f,-0.25f,-0.3824741103783092f,0.8657421133236657f,-0.32280667296106813f,0.812123948010965f,-0.012655603385345006f,-0.3542465147575528f,-0.935066437471199f,-0.008513903812998398f,0f,0f,0f,1f],start_interpolation:0}
execute if entity @s[tag=aj.fiona.bone.leftarm] run data modify entity @s {} merge value {transformation:[-0.9238795325112867f,0.3535533905932738f,-0.1464466094067261f,0.25f,0.3824741103783092f,0.8657421133236657f,-0.32280667296106813f,0.812123948010965f,0.01265560338534478f,-0.3542465147575527f,-0.9350664374711991f,-0.008513903812998335f,0f,0f,0f,1f],start_interpolation:0}
execute if entity @s[tag=aj.fiona.bone.torso] run data modify entity @s {} merge value {transformation:[-1f,-4.0499908975298756e-18f,1.2239769360714483e-16f,2.3082746607617755e-18f,0f,0.9994530152886765f,0.03307068536291147f,0.4997948807332537f,-1.2246467991473532e-16f,0.03307068536291147f,-0.9994530152886765f,-0.0188484929889082f,0f,0f,0f,1f],start_interpolation:0}
execute if entity @s[tag=aj.fiona.bone.head] run data modify entity @s {} merge value {transformation:[-0.9959466081085092f,-0.08958180603555797f,-0.008090353797155357f,7.895280741880723e-19f,-0.08989719471737896f,0.9883924978952017f,0.12246944307225917f,0.8745897614665074f,-0.0029745888961556187f,0.12270032653539005f,-0.992439308818936f,-0.0064469859778164f,0f,0f,0f,1f],start_interpolation:0}