execute if entity @s[tag=aj.fiona.bone.rightarm] run data modify entity @s {} merge value {transformation:[-0.9238795325112867f,-0.3535533905932737f,0.14644660940672632f,-0.25f,-0.3824741103783092f,0.8657421133236657f,-0.32280667296106813f,0.812123948010965f,-0.012655603385345f,-0.3542465147575528f,-0.935066437471199f,-0.008513903812998408f,0f,0f,0f,1f],start_interpolation:0}
execute if entity @s[tag=aj.fiona.bone.leftarm] run data modify entity @s {} merge value {transformation:[-0.9238795325112867f,0.3535533905932738f,-0.1464466094067261f,0.25f,0.3824741103783092f,0.8657421133236657f,-0.32280667296106813f,0.812123948010965f,0.012655603385344775f,-0.35424651475755276f,-0.9350664374711991f,-0.008513903812998345f,0f,0f,0f,1f],start_interpolation:0}
execute if entity @s[tag=aj.fiona.bone.torso] run data modify entity @s {} merge value {transformation:[-1f,-4.049990897529873e-18f,1.2239769360714483e-16f,2.3082746607617763e-18f,0f,0.9994530152886765f,0.03307068536291145f,0.4997948807332537f,-1.2246467991473532e-16f,0.03307068536291145f,-0.9994530152886765f,-0.018848492988908207f,0f,0f,0f,1f],start_interpolation:0}
execute if entity @s[tag=aj.fiona.bone.head] run data modify entity @s {} merge value {transformation:[-0.9961946980917455f,-0.08682408883346521f,-0.007596123493895849f,7.895280741880738e-19f,-0.08710806988887117f,0.9889787466122183f,0.11972143880509137f,0.8745897614665074f,-0.002882300145978777f,0.11992754624173815f,-0.9927784626986548f,-0.00644698597781641f,0f,0f,0f,1f],start_interpolation:0}