execute if entity @s[tag=aj.fiona.bone.rightarm] run data modify entity @s {} merge value {transformation:[-0.9238795325112867f,-0.3535533905932737f,0.14644660940672632f,-0.25f,-0.38268172303775727f,0.8546933697922119f,-0.3507904538126521f,0.8124969291522923f,-0.001143791755262423f,-0.38013056129865863f,-0.9249321316222002f,-0.0291951505729346f,0f,0f,0f,1f],start_interpolation:0}
execute if entity @s[tag=aj.fiona.bone.leftarm] run data modify entity @s {} merge value {transformation:[-0.9238795325112867f,0.3535533905932738f,-0.1464466094067261f,0.25f,0.38268172303775727f,0.8546933697922119f,-0.3507904538126521f,0.8124969291522923f,0.0011437917552621967f,-0.3801305612986585f,-0.9249321316222002f,-0.029195150572934536f,0f,0f,0f,1f],start_interpolation:0}
execute if entity @s[tag=aj.fiona.bone.torso] run data modify entity @s {} merge value {transformation:[-1f,-3.6603123979424803e-19f,1.2246413290327118e-16f,3.689759532412636e-18f,0f,0.9999955333124252f,0.002988871893913357f,0.49999832499215946f,-1.2246467991473532e-16f,0.002988871893913357f,-0.9999955333124252f,-0.030129173039782492f,0f,0f,0f,1f],start_interpolation:0}
execute if entity @s[tag=aj.fiona.bone.head] run data modify entity @s {} merge value {transformation:[-0.9999549393787934f,-0.009492686157316297f,-0.00009011921195354512f,3.552497817489793e-18f,-0.009493071520152841f,0.9998770408016159f,0.012481380969942096f,0.8749966499843189f,-0.000028373701390076092f,0.012481674059286487f,-0.9999221004696369f,-0.029008346079564984f,0f,0f,0f,1f],start_interpolation:0}