execute if entity @s[tag=aj.fiona.bone.rightarm] run data modify entity @s {} merge value {transformation:[-0.9238795325112867f,-0.3535533905932737f,0.14644660940672632f,-0.25f,-0.38245954262571424f,0.8661424726700555f,-0.3217482172313181f,0.8120977766926847f,-0.013088455266214088f,-0.3532664957747933f,-0.9354311707986549f,-0.007736274987370037f,0f,0f,0f,1f],start_interpolation:0}
execute if entity @s[tag=aj.fiona.bone.leftarm] run data modify entity @s {} merge value {transformation:[-0.9238795325112867f,0.3535533905932738f,-0.1464466094067261f,0.25f,0.38245954262571424f,0.8661424726700555f,-0.3217482172313181f,0.8120977766926847f,0.013088455266213862f,-0.3532664957747932f,-0.9354311707986549f,-0.007736274987369976f,0f,0f,0f,1f],start_interpolation:0}
execute if entity @s[tag=aj.fiona.bone.torso] run data modify entity @s {} merge value {transformation:[-1f,-4.188510265127037e-18f,1.2239303169861225e-16f,2.25632989791284e-18f,0f,0.9994149479166323f,0.03420178183655272f,0.49978060546873715f,-1.2246467991473532e-16f,0.03420178183655272f,-0.9994149479166323f,-0.01842433181129273f,0f,0f,0f,1f],start_interpolation:0}
execute if entity @s[tag=aj.fiona.bone.head] run data modify entity @s {} merge value {transformation:[-0.9953660643581292f,-0.09571260131056794f,-0.009246397924208416f,6.8563854849020105e-19f,-0.09610193463391949f,0.9868851781058984f,0.12969989743445148f,0.8745612109374743f,-0.0032887815108947754f,0.12998747318589446f,-0.99151018185943f,-0.005598663622585463f,0f,0f,0f,1f],start_interpolation:0}