execute if entity @s[tag=aj.fiona.bone.rightarm] run data modify entity @s {} merge value {transformation:[-0.9238795325112867f,-0.3535533905932737f,0.14644660940672632f,-0.25f,-0.3823393108328985f,0.8690111608152291f,-0.3140640918194754f,0.8118817773821059f,-0.01622531351162095f,-0.34614968204314117f,-0.9380389847031314f,-0.002100833624285959f,0f,0f,0f,1f],start_interpolation:0}
execute if entity @s[tag=aj.fiona.bone.leftarm] run data modify entity @s {} merge value {transformation:[-0.9238795325112867f,0.3535533905932738f,-0.1464466094067261f,0.25f,0.3823393108328985f,0.8690111608152291f,-0.3140640918194754f,0.8118817773821059f,0.01622531351162072f,-0.3461496820431411f,-0.9380389847031314f,-0.0021008336242858976f,0f,0f,0f,1f],start_interpolation:0}
execute if entity @s[tag=aj.fiona.bone.torso] run data modify entity @s {} merge value {transformation:[-1f,-5.192353934521003e-18f,1.2235455564562048e-16f,1.8798885218901025e-18f,0f,0.999100767101245f,0.042398787455584105f,0.49966278766296685f,-1.2246467991473532e-16f,0.042398787455584105f,-0.999100767101245f,-0.015350454704155962f,0f,0f,0f,1f],start_interpolation:0}
execute if entity @s[tag=aj.fiona.bone.head] run data modify entity @s {} merge value {transformation:[-0.9956798682274665f,-0.09245143600757268f,-0.008621600006534866f,-6.724420355527368e-20f,-0.09276907526433552f,0.9865500834836506f,0.13458391974155784f,0.8743255753259337f,-0.003936836437425319f,0.13480231733371548f,-0.9908646913480795f,0.0005490905916880756f,0f,0f,0f,1f],start_interpolation:0}