execute if entity @s[tag=aj.fiona.bone.rightarm] run data modify entity @s {} merge value {transformation:[-0.9238795325112867f,-0.3535533905932737f,0.14644660940672632f,-0.25f,-0.382568175269989f,0.8626878378358397f,-0.33077376818713256f,0.8122929378536404f,-0.009391521565604227f,-0.3616209264549329f,-0.9322779118227348f,-0.014377905390497835f,0f,0f,0f,1f],start_interpolation:0}
execute if entity @s[tag=aj.fiona.bone.leftarm] run data modify entity @s {} merge value {transformation:[-0.9238795325112867f,0.3535533905932738f,-0.1464466094067261f,0.25f,0.382568175269989f,0.8626878378358397f,-0.33077376818713256f,0.8122929378536404f,0.009391521565604001f,-0.3616209264549328f,-0.9322779118227348f,-0.014377905390497773f,0f,0f,0f,1f],start_interpolation:0}
execute if entity @s[tag=aj.fiona.bone.torso] run data modify entity @s {} merge value {transformation:[-1f,-3.0054336957728258e-18f,1.2242779584276966e-16f,2.6999836114206693e-18f,0f,0.9996988186962042f,0.024541228522912285f,0.4998870570110766f,-1.2246467991473532e-16f,0.024541228522912285f,-0.9996988186962042f,-0.022047039303907893f,0f,0f,0f,1f],start_interpolation:0}
execute if entity @s[tag=aj.fiona.bone.head] run data modify entity @s {} merge value {transformation:[-0.9974593224265763f,-0.07105733947486707f,-0.005074900104315156f,1.5729459755058595e-18f,-0.07121687745612178f,0.992877170844471f,0.09551481550669962f,0.8747741140221532f,-0.001748276212448107f,0.0956335616958431f,-0.9954150719210818f,-0.012844078607815786f,0f,0f,0f,1f],start_interpolation:0}