execute if entity @s[tag=aj.fiona.bone.rightarm] run data modify entity @s {} merge value {transformation:[-0.9238795325112867f,-0.3535533905932737f,0.14644660940672632f,-0.25f,-0.38253047672479984f,0.8640309093595107f,-0.3272934799962786f,0.8122252115095514f,-0.01081867752655473f,-0.35840003860403963f,-0.933505419665681f,-0.011813985345437171f,0f,0f,0f,1f],start_interpolation:0}
execute if entity @s[tag=aj.fiona.bone.leftarm] run data modify entity @s {} merge value {transformation:[-0.9238795325112867f,0.3535533905932738f,-0.1464466094067261f,0.25f,0.38253047672479984f,0.8640309093595107f,-0.3272934799962786f,0.8122252115095514f,0.010818677526554504f,-0.3584000386040395f,-0.933505419665681f,-0.011813985345437109f,0f,0f,0f,1f],start_interpolation:0}
execute if entity @s[tag=aj.fiona.bone.torso] run data modify entity @s {} merge value {transformation:[-1f,-3.4621459105296665e-18f,1.224157317190596e-16f,2.5287165308868537e-18f,0f,0.9996003076502565f,0.028270566770273252f,0.4998501153688462f,-1.2246467991473532e-16f,0.028270566770273252f,-0.9996003076502565f,-0.02064853746114753f,0f,0f,0f,1f],start_interpolation:0}
execute if entity @s[tag=aj.fiona.bone.head] run data modify entity @s {} merge value {transformation:[-0.9954306940789706f,-0.0950505140711725f,-0.009117733285458805f,1.2304118144382287e-18f,-0.09544865722245996f,0.9877867520597525f,0.12315391300999803f,0.8747002307376924f,-0.002699466593286325f,0.12346146050509309f,-0.9923456961412495f,-0.010047074922295063f,0f,0f,0f,1f],start_interpolation:0}