execute if entity @s[tag=aj.fiona.bone.rightarm] run data modify entity @s {} merge value {transformation:[-0.9238795325112867f,-0.3535533905932737f,0.14644660940672632f,-0.25f,-0.38268172303775727f,0.8546933697922119f,-0.3507904538126521f,0.8124969291522923f,-0.0011437917552624224f,-0.38013056129865863f,-0.9249321316222002f,-0.0291951505729346f,0f,0f,0f,1f],start_interpolation:0}
execute if entity @s[tag=aj.fiona.bone.leftarm] run data modify entity @s {} merge value {transformation:[-0.9238795325112867f,0.3535533905932738f,-0.1464466094067261f,0.25f,0.38268172303775727f,0.8546933697922119f,-0.3507904538126521f,0.8124969291522923f,0.001143791755262196f,-0.3801305612986585f,-0.9249321316222002f,-0.029195150572934536f,0f,0f,0f,1f],start_interpolation:0}
execute if entity @s[tag=aj.fiona.bone.torso] run data modify entity @s {} merge value {transformation:[-1f,-3.660312397942478e-19f,1.2246413290327118e-16f,3.689759532412636e-18f,0f,0.9999955333124252f,0.0029888718939133554f,0.49999832499215946f,-1.2246467991473532e-16f,0.0029888718939133554f,-0.9999955333124252f,-0.030129173039782492f,0f,0f,0f,1f],start_interpolation:0}
execute if entity @s[tag=aj.fiona.bone.head] run data modify entity @s {} merge value {transformation:[-0.9998844396712279f,-0.01520045699211025f,-0.00023110730335453467f,3.552497817489793e-18f,-0.015202145861391654f,0.9997189895719074f,0.018188915595312508f,0.8749966499843189f,-0.000045437469447387416f,0.018190327005181535f,-0.9998345412811466f,-0.029008346079564984f,0f,0f,0f,1f],start_interpolation:0}