execute if entity @s[tag=aj.fiona.bone.rightarm] run data modify entity @s {} merge value {transformation:[-0.9238795325112867f,-0.3535533905932737f,0.14644660940672632f,-0.25f,-0.3824095155968298f,0.8674190294721095f,-0.31835073376805884f,0.8120079019308077f,-0.014476594479509849f,-0.35012030405228367f,-0.9365928682744772f,-0.005242449468865841f,0f,0f,0f,1f],start_interpolation:0}
execute if entity @s[tag=aj.fiona.bone.leftarm] run data modify entity @s {} merge value {transformation:[-0.9238795325112867f,0.3535533905932738f,-0.1464466094067261f,0.25f,0.3824095155968298f,0.8674190294721095f,-0.31835073376805884f,0.8120079019308077f,0.014476594479509624f,-0.35012030405228356f,-0.9365928682744772f,-0.00524244946886578f,0f,0f,0f,1f],start_interpolation:0}
execute if entity @s[tag=aj.fiona.bone.torso] run data modify entity @s {} merge value {transformation:[-1f,-4.632736510780586e-18f,1.2237702226741856e-16f,2.089745055792759e-18f,0f,0.9992842209902659f,0.03782916440892246f,0.4997315828713497f,-1.2246467991473532e-16f,0.03782916440892246f,-0.9992842209902659f,-0.017064063346654078f,0f,0f,0f,1f],start_interpolation:0}
execute if entity @s[tag=aj.fiona.bone.head] run data modify entity @s {} merge value {transformation:[-0.9958338364653787f,-0.09080656045704648f,-0.008314970150645237f,3.52468864250039e-19f,-0.09112118880113981f,0.9875256950033514f,0.12841312495074197f,0.8744631657426994f,-0.003449507517369757f,0.1286358048371782f,-0.9916859032031154f,-0.0028781266933081556f,0f,0f,0f,1f],start_interpolation:0}