execute if entity @s[tag=aj.fiona.bone.rightarm] run data modify entity @s {} merge value {transformation:[-0.9238795325112867f,-0.3535533905932737f,0.14644660940672632f,-0.25f,-0.3823910136801527f,0.867858508986026f,-0.31717301435843653f,0.8119746627920322f,-0.01495734145466612f,-0.34902952365172746f,-0.9369923529869689f,-0.004378775953194493f,0f,0f,0f,1f],start_interpolation:0}
execute if entity @s[tag=aj.fiona.bone.leftarm] run data modify entity @s {} merge value {transformation:[-0.9238795325112867f,0.3535533905932738f,-0.1464466094067261f,0.25f,0.3823910136801527f,0.867858508986026f,-0.31717301435843653f,0.8119746627920322f,0.014957341454665894f,-0.3490295236517274f,-0.936992352986969f,-0.004378775953194432f,0f,0f,0f,1f],start_interpolation:0}
execute if entity @s[tag=aj.fiona.bone.torso] run data modify entity @s {} merge value {transformation:[-1f,-4.7865830571769876e-18f,1.2237110136488648e-16f,2.0320526008941082e-18f,0f,0.9992358731520469f,0.03908541679535351f,0.4997134524320176f,-1.2246467991473532e-16f,0.03908541679535351f,-0.9992358731520469f,-0.016592968701742435f,0f,0f,0f,1f],start_interpolation:0}
execute if entity @s[tag=aj.fiona.bone.head] run data modify entity @s {} merge value {transformation:[-0.9955878533219839f,-0.0934200264998817f,-0.008804826317723755f,2.370839544527377e-19f,-0.09376233492405482f,0.9867702324306719f,0.13226160795297764f,0.8744269048640352f,-0.0036675424078321662f,0.13250361141296937f,-0.9911757372409837f,-0.0019359374034848692f,0f,0f,0f,1f],start_interpolation:0}