execute if entity @s[tag=aj.fiona.bone.rightarm] run data modify entity @s {} merge value {transformation:[-0.9238795325112867f,-0.3535533905932737f,0.14644660940672632f,-0.25f,-0.38268341321722166f,0.8536744063147488f,-0.3532611120001441f,0.812499965600394f,-0.0001210584296938472f,-0.3824133993509658f,-0.9239913296896759f,-0.031032515616367135f,0f,0f,0f,1f],start_interpolation:0}
execute if entity @s[tag=aj.fiona.bone.leftarm] run data modify entity @s {} merge value {transformation:[-0.9238795325112867f,0.3535533905932738f,-0.1464466094067261f,0.25f,0.38268341321722166f,0.8536744063147488f,-0.3532611120001441f,0.812499965600394f,0.00012105842969362093f,-0.3824133993509657f,-0.9239913296896759f,-0.031032515616367072f,0f,0f,0f,1f],start_interpolation:0}
execute if entity @s[tag=aj.fiona.bone.torso] run data modify entity @s {} merge value {transformation:[-1f,-3.874058971353597e-20f,1.2246467378711824e-16f,3.812493526192903e-18f,0f,0.9999999499642094f,0.00031634092164784715f,0.4999999812365785f,-1.2246467991473532e-16f,0.00031634092164784715f,-0.9999999499642094f,-0.031131372154382057f,0f,0f,0f,1f],start_interpolation:0}
execute if entity @s[tag=aj.fiona.bone.head] run data modify entity @s {} merge value {transformation:[-0.9951961619962961f,-0.0974306656398138f,-0.009584599147841886f,3.7979658050503265e-18f,-0.09790096112243248f,0.9903843812141191f,0.09774548203589971f,0.874999962473157f,-0.00003097008182141475f,0.09821427004315225f,-0.995165290894304f,-0.031012744308764113f,0f,0f,0f,1f],start_interpolation:0}