execute if entity @s[tag=aj.uncle_alphon.bone.head] run data modify entity @s {} merge value {transformation:[-0.9990482215818578f,-0.043619387365336f,1.2246467991473532e-16f,-0.21748832881366847f,-0.043619387365336f,0.9990482215818578f,0f,1.3743456523375273f,-1.223481206754078e-16f,-5.341834311772723e-18f,-1f,-0.12500000000000003f,0f,0f,0f,1f],start_interpolation:0}
execute if entity @s[tag=aj.uncle_alphon.bone.basket] run data modify entity @s {} merge value {transformation:[-0.9989020217580329f,-0.046845966621451345f,0.00045424554625747576f,-0.039779392054949514f,-0.046848168883259766f,0.9988550648795612f,-0.009685475555335726f,-2.4234084787496197f,-1.223336044925685e-16f,-0.0096961216859784f,-0.9999529915072262f,0.2856534454294577f,0f,0f,0f,1f],start_interpolation:0}
execute if entity @s[tag=aj.uncle_alphon.bone.leftarm] run data modify entity @s {} merge value {transformation:[-0.9989020217580329f,-0.046845966621451345f,0.00045424554625747576f,-0.21203590539300152f,-0.046848168883259766f,0.9988550648795612f,-0.009685475555335726f,1.2494646246397951f,-1.223336044925685e-16f,-0.0096961216859784f,-0.9999529915072262f,0.24999999999999997f,0f,0f,0f,1f],start_interpolation:0}
execute if entity @s[tag=aj.uncle_alphon.bone.righarm] run data modify entity @s {} merge value {transformation:[-0.9999529915072262f,-0.009695665885912199f,-0.00009401477574917807f,-0.21203590539300143f,-0.009696121685978394f,0.9999059852242508f,0.009695665885912187f,1.2494646246397951f,-1.2245892303471452e-16f,0.009696121685978392f,-0.9999529915072262f,-0.5f,0f,0f,0f,1f],start_interpolation:0}
execute if entity @s[tag=aj.uncle_alphon.bone.torso] run data modify entity @s {} merge value {transformation:[-0.9990482215818578f,-0.043619387365336f,1.2246467991473532e-16f,-0.18613689414483323f,-0.043619387365336f,0.9990482215818578f,0f,0.6562797430755669f,-1.223481206754078e-16f,-5.341834311772723e-18f,-1f,-0.12500000000000003f,0f,0f,0f,1f],start_interpolation:0}