execute if entity @s[tag=aj.uncle_alphon.bone.head] run data modify entity @s {} merge value {transformation:[-0.9993223845883495f,-0.03680722294135883f,1.2246467991473532e-16f,-0.21280496577218416f,-0.03680722294135883f,0.9993223845883495f,0f,1.3745341394044903f,-1.2238169596024226e-16f,-4.507584776063812e-18f,-1f,-0.12500000000000003f,0f,0f,0f,1f],start_interpolation:0}
execute if entity @s[tag=aj.uncle_alphon.bone.basket] run data modify entity @s {} merge value {transformation:[-0.9992182926308941f,-0.03952290412403517f,0.0008623928358393414f,-0.06287505909903171f,-0.03953231174369876f,0.9989805057359884f,-0.021797832178173406f,-2.4237155185148223f,-1.223689483719908e-16f,-0.021814885034561124f,-0.9997620270799091f,0.33021514563439974f,0f,0f,0f,1f],start_interpolation:0}
execute if entity @s[tag=aj.uncle_alphon.bone.leftarm] run data modify entity @s {} merge value {transformation:[-0.9992182926308941f,-0.03952290412403517f,0.0008623928358393414f,-0.20820406290451435f,-0.03953231174369876f,0.9989805057359884f,-0.021797832178173406f,1.2496188413309466f,-1.223689483719908e-16f,-0.021814885034561124f,-0.9997620270799091f,0.24999999999999997f,0f,0f,0f,1f],start_interpolation:0}
execute if entity @s[tag=aj.uncle_alphon.bone.righarm] run data modify entity @s {} merge value {transformation:[-0.9999544490348772f,-0.009542353059773825f,-0.000208214884462098f,-0.20820406290451426f,-0.009544624421918682f,0.9997164869546823f,0.021813891345493754f,1.2496188413309466f,-1.2251331163899603e-16f,0.02181488503456112f,-0.9997620270799091f,-0.5f,0f,0f,0f,1f],start_interpolation:0}
execute if entity @s[tag=aj.uncle_alphon.bone.torso] run data modify entity @s {} merge value {transformation:[-0.9993223845883495f,-0.03680722294135883f,1.2246467991473532e-16f,-0.1863497742830825f,-0.03680722294135883f,0.9993223845883495f,0f,0.6562711754816141f,-1.2238169596024226e-16f,-4.507584776063812e-18f,-1f,-0.12500000000000003f,0f,0f,0f,1f],start_interpolation:0}