execute if entity @s[tag=aj.uncle_alphon.bone.head] run data modify entity @s {} merge value {transformation:[-0.9990482215818578f,-0.043619387365336f,1.2246467991473532e-16f,-0.21748832881366847f,-0.043619387365336f,0.9990482215818578f,0f,1.3743456523375273f,-1.223481206754078e-16f,-5.341834311772723e-18f,-1f,-0.12500000000000003f,0f,0f,0f,1f],start_interpolation:0}
execute if entity @s[tag=aj.uncle_alphon.bone.basket] run data modify entity @s {} merge value {transformation:[-1.0000000000000002f,1.2280728215679952e-17f,1.223481206754078e-16f,-0.21203590539300157f,0f,0.9990482215818578f,-0.04361938736533601f,-2.424118732000115f,-1.225731001319839e-16f,-0.043619387365336f,-0.9990482215818578f,0.4103921132039152f,0f,0f,0f,1f],start_interpolation:0}
execute if entity @s[tag=aj.uncle_alphon.bone.leftarm] run data modify entity @s {} merge value {transformation:[-1.0000000000000002f,1.2280728215679952e-17f,1.223481206754078e-16f,-0.21203590539300152f,0f,0.9990482215818578f,-0.04361938736533601f,1.2494646246397951f,-1.225731001319839e-16f,-0.043619387365336f,-0.9990482215818578f,0.24999999999999997f,0f,0f,0f,1f],start_interpolation:0}
execute if entity @s[tag=aj.uncle_alphon.bone.righarm] run data modify entity @s {} merge value {transformation:[-0.9990482215818578f,-0.0435778713738291f,-0.0019026509541271116f,-0.21203590539300143f,-0.043619387365336f,0.9980973490458729f,0.04357787137382909f,1.2494646246397951f,-1.223481206754078e-16f,0.04361938736533599f,-0.9990482215818578f,-0.5f,0f,0f,0f,1f],start_interpolation:0}
execute if entity @s[tag=aj.uncle_alphon.bone.torso] run data modify entity @s {} merge value {transformation:[-0.9990482215818578f,-0.043619387365336f,1.2246467991473532e-16f,-0.18613689414483323f,-0.043619387365336f,0.9990482215818578f,0f,0.6562797430755669f,-1.223481206754078e-16f,-5.341834311772723e-18f,-1f,-0.12500000000000003f,0f,0f,0f,1f],start_interpolation:0}