execute if entity @s[tag=aj.uncle_alphon.bone.head] run data modify entity @s {} merge value {transformation:[-0.9994149479166323f,-0.03420178183655273f,1.2246467991473532e-16f,-0.21101372501262997f,-0.03420178183655273f,0.9994149479166323f,0f,1.3745977766926847f,-1.2239303169861225e-16f,-4.1885102651270385e-18f,-1f,-0.12500000000000003f,0f,0f,0f,1f],start_interpolation:0}
execute if entity @s[tag=aj.uncle_alphon.bone.basket] run data modify entity @s {} merge value {transformation:[-0.9993378352371756f,-0.036385232058830416f,0.00007714597053495277f,-0.07294697948032661f,-0.036385313843303735f,0.9993355889924717f,-0.0021188462884658235f,-2.424969122293048f,-1.223835881190052e-16f,-0.0021202502434654203f,-0.9999977522669264f,0.25779633639102384f,0f,0f,0f,1f],start_interpolation:0}
execute if entity @s[tag=aj.uncle_alphon.bone.leftarm] run data modify entity @s {} merge value {transformation:[-0.9993378352371756f,-0.036385232058830416f,0.00007714597053495277f,-0.20673850228306095f,-0.036385313843303735f,0.9993355889924717f,-0.0021188462884658235f,1.2496709082031057f,-1.223835881190052e-16f,-0.0021202502434654203f,-0.9999977522669264f,0.24999999999999997f,0f,0f,0f,1f],start_interpolation:0}
execute if entity @s[tag=aj.uncle_alphon.bone.righarm] run data modify entity @s {} merge value {transformation:[-0.9970834195499049f,-0.07631925231657322f,-0.00016181627702498808f,-0.20673850228306084f,-0.07631942386226637f,0.9970811783725257f,0.0021140663630560153f,1.2496709082031057f,-1.2210750182346885e-16f,0.002120250243465406f,-0.9999977522669264f,-0.5f,0f,0f,0f,1f],start_interpolation:0}
execute if entity @s[tag=aj.uncle_alphon.bone.torso] run data modify entity @s {} merge value {transformation:[-0.9994149479166323f,-0.03420178183655273f,1.2246467991473532e-16f,-0.1864311943176077f,-0.03420178183655273f,0.9994149479166323f,0f,0.6562682828776052f,-1.2239303169861225e-16f,-4.1885102651270385e-18f,-1f,-0.12500000000000003f,0f,0f,0f,1f],start_interpolation:0}