execute if entity @s[tag=aj.uncle_alphon.bone.head] run data modify entity @s {} merge value {transformation:[-0.9993223845883495f,-0.03680722294135883f,1.2246467991473532e-16f,-0.21280496577218416f,-0.03680722294135883f,0.9993223845883495f,0f,1.3745341394044903f,-1.2238169596024226e-16f,-4.507584776063812e-18f,-1f,-0.12500000000000003f,0f,0f,0f,1f],start_interpolation:0}
execute if entity @s[tag=aj.uncle_alphon.bone.basket] run data modify entity @s {} merge value {transformation:[-0.9992262579959623f,-0.039330257716406955f,0.00012711942279763864f,-0.0635834359536133f,-0.03933046314737015f,0.9992210388351338f,-0.0032295847797322993f,-2.424599978714694f,-1.2237161791376877e-16f,-0.0032320855801062764f,-0.9999947767977605f,0.2618846473451646f,0f,0f,0f,1f],start_interpolation:0}
execute if entity @s[tag=aj.uncle_alphon.bone.leftarm] run data modify entity @s {} merge value {transformation:[-0.9992262579959623f,-0.039330257716406955f,0.00012711942279763864f,-0.20820406290451435f,-0.03933046314737015f,0.9992210388351338f,-0.0032295847797322993f,1.2496188413309466f,-1.2237161791376877e-16f,-0.0032320855801062764f,-0.9999947767977605f,0.24999999999999997f,0f,0f,0f,1f],start_interpolation:0}
execute if entity @s[tag=aj.uncle_alphon.bone.righarm] run data modify entity @s {} merge value {transformation:[-0.9969418511013782f,-0.07814654008400646f,-0.000252577624604606f,-0.20820406290451426f,-0.07814694826132162f,0.9969366438724687f,0.0032222013811492186f,1.2496188413309466f,-1.22090164688734e-16f,0.003232085580106263f,-0.9999947767977605f,-0.5f,0f,0f,0f,1f],start_interpolation:0}
execute if entity @s[tag=aj.uncle_alphon.bone.torso] run data modify entity @s {} merge value {transformation:[-0.9993223845883495f,-0.03680722294135883f,1.2246467991473532e-16f,-0.1863497742830825f,-0.03680722294135883f,0.9993223845883495f,0f,0.6562711754816141f,-1.2238169596024226e-16f,-4.507584776063812e-18f,-1f,-0.12500000000000003f,0f,0f,0f,1f],start_interpolation:0}