execute if entity @s[tag=aj.uncle_alphon.bone.head] run data modify entity @s {} merge value {transformation:[-0.999061970190891f,-0.04330334534761961f,1.2246467991473532e-16f,-0.21727104992648846f,-0.04330334534761961f,0.999061970190891f,0f,1.3743551045062374f,-1.223498043944123e-16f,-5.303130327233478e-18f,-1f,-0.12500000000000003f,0f,0f,0f,1f],start_interpolation:0}
execute if entity @s[tag=aj.uncle_alphon.bone.basket] run data modify entity @s {} merge value {transformation:[-0.9989178818685012f,-0.046504654219010164f,0.0006184006123681813f,-0.040856652495353696f,-0.046508765661400615f,0.9988295760778467f,-0.013282043095922545f,-2.423307020714378f,-1.2233215866413137e-16f,-0.013296431405430596f,-0.9999115985485321f,0.29889208354362884f,0f,0f,0f,1f],start_interpolation:0}
execute if entity @s[tag=aj.uncle_alphon.bone.leftarm] run data modify entity @s {} merge value {transformation:[-0.9989178818685012f,-0.046504654219010164f,0.0006184006123681813f,-0.21185813175803603f,-0.046508765661400615f,0.9988295760778467f,-0.013282043095922545f,1.2494723582323761f,-1.2233215866413137e-16f,-0.013296431405430596f,-0.9999115985485321f,0.24999999999999997f,0f,0f,0f,1f],start_interpolation:0}
execute if entity @s[tag=aj.uncle_alphon.bone.righarm] run data modify entity @s {} merge value {transformation:[-0.9970085435100711f,-0.0772845909635636f,-0.0010277001126252916f,-0.21185813175803594f,-0.0772914236375992f,0.9969204065076989f,0.013256655709409917f,1.2494723582323761f,-1.2207122709890516e-16f,0.013296431405430579f,-0.9999115985485321f,-0.5f,0f,0f,0f,1f],start_interpolation:0}
execute if entity @s[tag=aj.uncle_alphon.bone.torso] run data modify entity @s {} merge value {transformation:[-0.999061970190891f,-0.04330334534761961f,1.2246467991473532e-16f,-0.18614677045788686f,-0.04330334534761961f,0.999061970190891f,0f,0.6562793134315347f,-1.223498043944123e-16f,-5.303130327233478e-18f,-1f,-0.12500000000000003f,0f,0f,0f,1f],start_interpolation:0}