execute if entity @s[tag=aj.uncle_alphon.bone.head] run data modify entity @s {} merge value {transformation:[-0.999061970190891f,-0.0433033453476196f,1.2246467991473532e-16f,-0.21727104992648844f,-0.0433033453476196f,0.999061970190891f,0f,1.3743551045062374f,-1.223498043944123e-16f,-5.303130327233477e-18f,-1f,-0.12500000000000003f,0f,0f,0f,1f],start_interpolation:0}
execute if entity @s[tag=aj.uncle_alphon.bone.basket] run data modify entity @s {} merge value {transformation:[-0.9989179570274831f,-0.04650564435880049f,0.0003743939265082213f,-0.04085301166903929f,-0.04650715136448843f,0.9988855883487131f,-0.008041533510834104f,-2.4235129824903736f,-1.2233047380255753e-16f,-0.00805024422102051f,-0.9999675962589898f,0.27960141717724324f,0f,0f,0f,1f],start_interpolation:0}
execute if entity @s[tag=aj.uncle_alphon.bone.leftarm] run data modify entity @s {} merge value {transformation:[-0.9989179570274831f,-0.04650564435880049f,0.0003743939265082213f,-0.21185813175803603f,-0.04650715136448843f,0.9988855883487131f,-0.008041533510834104f,1.2494723582323761f,-1.2233047380255753e-16f,-0.00805024422102051f,-0.9999675962589898f,0.24999999999999997f,0f,0f,0f,1f],start_interpolation:0}
execute if entity @s[tag=aj.uncle_alphon.bone.righarm] run data modify entity @s {} merge value {transformation:[-0.9968890258958298f,-0.07881540111809997f,-0.0006345037876746806f,-0.21185813175803594f,-0.07881795511470446f,0.9968567229620188f,0.008025200119716665f,1.2494723582323761f,-1.2208369546684508e-16f,0.008050244221020495f,-0.9999675962589898f,-0.5f,0f,0f,0f,1f],start_interpolation:0}
execute if entity @s[tag=aj.uncle_alphon.bone.torso] run data modify entity @s {} merge value {transformation:[-0.999061970190891f,-0.0433033453476196f,1.2246467991473532e-16f,-0.18614677045788686f,-0.0433033453476196f,0.999061970190891f,0f,0.6562793134315347f,-1.223498043944123e-16f,-5.303130327233477e-18f,-1f,-0.12500000000000003f,0f,0f,0f,1f],start_interpolation:0}