execute if entity @s[tag=aj.uncle_alphon.bone.head] run data modify entity @s {} merge value {transformation:[-0.999143152524247f,-0.04138793017184291f,1.2246467991473532e-16f,-0.21595420199314197f,-0.04138793017184291f,0.999143152524247f,0f,1.3744109173604198f,-1.2235974636288149e-16f,-5.0685596208281584e-18f,-1f,-0.12500000000000003f,0f,0f,0f,1f],start_interpolation:0}
execute if entity @s[tag=aj.uncle_alphon.bone.basket] run data modify entity @s {} merge value {transformation:[-0.9990129057411532f,-0.04441577242171439f,0.0006732925071735585f,-0.047460223465935286f,-0.04442087530224659f,0.9988981434030987f,-0.01514215781270439f,-2.4235134834064755f,-1.2234379573227997e-16f,-0.015157119318164011f,-0.9998851242687706f,0.30573398766843235f,0f,0f,0f,1f],start_interpolation:0}
execute if entity @s[tag=aj.uncle_alphon.bone.leftarm] run data modify entity @s {} merge value {transformation:[-0.9990129057411532f,-0.04441577242171439f,0.0006732925071735585f,-0.21078071072166166f,-0.04442087530224659f,0.9988981434030987f,-0.01514215781270439f,1.2495180232948888f,-1.2234379573227997e-16f,-0.015157119318164011f,-0.9998851242687706f,0.24999999999999997f,0f,0f,0f,1f],start_interpolation:0}
execute if entity @s[tag=aj.uncle_alphon.bone.righarm] run data modify entity @s {} merge value {transformation:[-0.9999164833832419f,-0.01292237927659441f,-0.00019588854740991202f,-0.21078071072166157f,-0.012923863914911942f,0.9998016172460448f,0.01515585344683875f,1.2495180232948888f,-1.2245445207899648e-16f,0.015157119318164002f,-0.9998851242687706f,-0.5f,0f,0f,0f,1f],start_interpolation:0}
execute if entity @s[tag=aj.uncle_alphon.bone.torso] run data modify entity @s {} merge value {transformation:[-0.999143152524247f,-0.04138793017184291f,1.2246467991473532e-16f,-0.18620662718212988f,-0.04138793017184291f,0.999143152524247f,0f,0.6562767764836173f,-1.2235974636288149e-16f,-5.0685596208281584e-18f,-1f,-0.12500000000000003f,0f,0f,0f,1f],start_interpolation:0}