execute if entity @s[tag=aj.melissa.bone.rightleg] run data modify entity @s {} merge value {transformation:[-0.9959382943661703f,0.09003840189054599f,1.2246467991473532e-16f,-0.375f,0.09003840189054599f,0.9959382943661703f,0f,0.65625f,-1.2196726443438048e-16f,1.1026524067560014e-17f,-1f,-0.25000000000000006f,0f,0f,0f,1f],start_interpolation:0}
execute if entity @s[tag=aj.melissa.bone.leftleg] run data modify entity @s {} merge value {transformation:[-0.9908688991728971f,-0.1348288717296524f,1.2246467991473532e-16f,-0.12499999999999997f,-0.1348288717296524f,0.9908688991728971f,0f,0.65625f,-1.21346442574675e-16f,-1.651177461963679e-17f,-1f,-0.25f,0f,0f,0f,1f],start_interpolation:0}
execute if entity @s[tag=aj.melissa.bone.head] run data modify entity @s {} merge value {transformation:[-0.9966230960114316f,0.06273329950954805f,-0.05298054009949255f,-0.3393605712515957f,0.061519080372351764f,0.9978113287635068f,0.02424778219435597f,1.3437730264357448f,0.05438572649812373f,0.020906585657398613f,-0.9983011106021175f,-0.06567242995564457f,0f,0f,0f,1f],start_interpolation:0}
execute if entity @s[tag=aj.melissa.bone.broom] run data modify entity @s {} merge value {transformation:[-0.95863227285158f,-0.27623964084110075f,0.06867187397613009f,-0.6984442631079049f,0.10681296847621048f,-0.12547520669209794f,0.9863300473324715f,0.8310181723304814f,-0.2638468404448192f,0.9528628617663485f,0.14979055862680807f,-0.4200749240582292f,0f,0f,0f,1f],start_interpolation:0}
execute if entity @s[tag=aj.melissa.bone.rightarm] run data modify entity @s {} merge value {transformation:[-0.9651730108537098f,0.26038731707227697f,0.02528842081835215f,-0.6239918460792337f,0.24065290235835707f,0.8457781175403682f,0.4761780722338756f,1.2452568614187043f,0.10260233772231328f,0.46567995554648106f,-0.8789851758113694f,-0.08215162250019445f,0f,0f,0f,1f],start_interpolation:0}
execute if entity @s[tag=aj.melissa.bone.leftarm] run data modify entity @s {} merge value {transformation:[-0.8613240905284456f,-0.4614017509055789f,-0.21267166086860748f,-0.053816535826195416f,-0.49714027169423747f,0.6791183000159595f,0.5400461876943609f,1.315934667032077f,-0.1047490397814017f,0.5708824387250839f,-0.8143223439278668f,-0.11758408366928126f,0f,0f,0f,1f],start_interpolation:0}
execute if entity @s[tag=aj.melissa.bone.torso] run data modify entity @s {} merge value {transformation:[-0.9908566689843187f,-0.12997901272959372f,-0.0361734402447488f,-0.25406184414779975f,-0.1349187219376922f,0.9545789475429014f,0.2656613848089073f,0.7173305921107157f,-1.1787549785659183e-16f,0.26811282915542617f,-0.9633875185211158f,-0.24162147408889298f,0f,0f,0f,1f],start_interpolation:0}