execute if entity @s[tag=aj.melissa.bone.rightleg] run data modify entity @s {} merge value {transformation:[-0.9958792015331366f,0.09068966839570124f,1.2246467991473532e-16f,-0.375f,0.09068966839570124f,0.9958792015331366f,0f,0.65625f,-1.2196002764949775e-16f,1.110628121165304e-17f,-1f,-0.25000000000000006f,0f,0f,0f,1f],start_interpolation:0}
execute if entity @s[tag=aj.melissa.bone.leftleg] run data modify entity @s {} merge value {transformation:[-0.9907361671145094f,-0.13580076277860492f,1.2246467991473532e-16f,-0.12499999999999997f,-0.13580076277860492f,0.9907361671145094f,0f,0.65625f,-1.2133018758563012e-16f,-1.6630796945858753e-17f,-1f,-0.25f,0f,0f,0f,1f],start_interpolation:0}
execute if entity @s[tag=aj.melissa.bone.head] run data modify entity @s {} merge value {transformation:[-0.9971333896215171f,0.058876305806978724f,-0.04752456119131182f,-0.337095016303699f,0.05822313043511437f,0.9981906807468427f,0.015014391512498032f,1.3476672759454458f,0.048322565993946055f,0.01220432237684832f,-0.9987572198142464f,-0.07897404902814298f,0f,0f,0f,1f],start_interpolation:0}
execute if entity @s[tag=aj.melissa.bone.broom] run data modify entity @s {} merge value {transformation:[-0.9571825487103097f,-0.2806899004259083f,0.0708148871589128f,-0.6966361313437127f,0.10688928846877951f,-0.11535453645854787f,0.9875565861909239f,0.8322462246052376f,-0.2690283413602995f,0.9528412830672943f,0.14041809294958713f,-0.4261100503421531f,0f,0f,0f,1f],start_interpolation:0}
execute if entity @s[tag=aj.melissa.bone.rightarm] run data modify entity @s {} merge value {transformation:[-0.9644225793507496f,0.26258682368958514f,0.030614513928232834f,-0.6217734848829609f,0.2466300495480056f,0.8519684062473284f,0.4618695199039826f,1.2502914808933916f,0.09519825155114725f,0.4529878527962994f,-0.8864193692156116f,-0.09420579989413583f,0f,0f,0f,1f],start_interpolation:0}
execute if entity @s[tag=aj.melissa.bone.leftarm] run data modify entity @s {} merge value {transformation:[-0.8621300215782397f,-0.46108410956905604f,-0.21007919886655763f,-0.05202179943382329f,-0.4971905390177462f,0.6899358147142405f,0.5261084864225629f,1.3177325839646397f,-0.09763909977435793f,0.5580233108728594f,-0.8240610357963452f,-0.12974899287121383f,0f,0f,0f,1f],start_interpolation:0}
execute if entity @s[tag=aj.melissa.bone.torso] run data modify entity @s {} merge value {transformation:[-0.9914093875397085f,-0.1266836600781076f,-0.03253731038906862f,-0.25395886437744086f,-0.1307953603846104f,0.9602433104661029f,0.24662797571840736f,0.7175076034520658f,-1.2488208026146781e-16f,0.24876501959542846f,-0.9685638672930589f,-0.24222609313764293f,0f,0f,0f,1f],start_interpolation:0}