execute if entity @s[tag=aj.melissa.bone.rightleg] run data modify entity @s {} merge value {transformation:[-0.9954866993438424f,0.09490116663931202f,1.2246467991473532e-16f,-0.375f,0.09490116663931202f,0.9954866993438424f,0f,0.65625f,-1.2191195999452002e-16f,1.1622040996018303e-17f,-1f,-0.25000000000000006f,0f,0f,0f,1f],start_interpolation:0}
execute if entity @s[tag=aj.melissa.bone.leftleg] run data modify entity @s {} merge value {transformation:[-0.9898546269394091f,-0.14208383978005104f,1.2246467991473532e-16f,-0.12499999999999997f,-0.14208383978005104f,0.9898546269394091f,0f,0.65625f,-1.2122223005025448e-16f,-1.7400251959720488e-17f,-1f,-0.25f,0f,0f,0f,1f],start_interpolation:0}
execute if entity @s[tag=aj.melissa.bone.head] run data modify entity @s {} merge value {transformation:[-0.9988930700259644f,-0.030394107347895563f,-0.03590031883742085f,-0.34215474212967734f,-0.03553883259052372f,0.9876369525786078f,0.15267691796517074f,1.340411002319724f,0.030816002859011465f,0.1537837707294413f,-0.9876238787251086f,-0.05539533265395144f,0f,0f,0f,1f],start_interpolation:0}
execute if entity @s[tag=aj.melissa.bone.broom] run data modify entity @s {} merge value {transformation:[-0.9575605616109759f,-0.2834464867375495f,0.05230544907954169f,-0.6940282534089738f,0.11661848958867255f,-0.2150424267016568f,0.9696168741334484f,0.852957081312366f,-0.26358660575478604f,0.934566661011617f,0.2389712480451744f,-0.4308259519946577f,0f,0f,0f,1f],start_interpolation:0}
execute if entity @s[tag=aj.melissa.bone.rightarm] run data modify entity @s {} merge value {transformation:[-0.9661082770450752f,0.2565493235713234f,0.028587437802164294f,-0.623974912065011f,0.23430951761753846f,0.8250640735665675f,0.5141676034753437f,1.242793410992384f,0.10832288298800334f,0.5034398862673063f,-0.8572131788162901f,-0.07229828472188973f,0f,0f,0f,1f],start_interpolation:0}
execute if entity @s[tag=aj.melissa.bone.leftarm] run data modify entity @s {} merge value {transformation:[-0.8515508408944499f,-0.47077027007444994f,-0.23073040152087618f,-0.06024176946847129f,-0.5116395131636157f,0.6501978979947604f,0.5616651155385153f,1.3156073496824645f,-0.11439481606110313f,0.5963371917440877f,-0.7945412385780373f,-0.10975852691019714f,0f,0f,0f,1f],start_interpolation:0}
execute if entity @s[tag=aj.melissa.bone.torso] run data modify entity @s {} merge value {transformation:[-0.9901855269448107f,-0.13404326127953076f,-0.0395604137310906f,-0.2541888519149853f,-0.13975915794332625f,0.9496887306468711f,0.2802832364828607f,0.7171777728327147f,-1.2473220056545338e-16f,0.28306133432152525f,-0.9591018095135249f,-0.2411543333024524f,0f,0f,0f,1f],start_interpolation:0}