execute if entity @s[tag=aj.melissa.bone.rightleg] run data modify entity @s {} merge value {transformation:[-0.9951901802387838f,0.09796175353829205f,1.2246467991473532e-16f,-0.375f,0.09796175353829205f,0.9951901802387838f,0f,0.65625f,-1.2187564687723042e-16f,1.1996854790953127e-17f,-1f,-0.25000000000000006f,0f,0f,0f,1f],start_interpolation:0}
execute if entity @s[tag=aj.melissa.bone.leftleg] run data modify entity @s {} merge value {transformation:[-0.9891887558636504f,-0.1466478955625464f,1.2246467991473532e-16f,-0.12499999999999997f,-0.1466478955625464f,0.9891887558636504f,0f,0.65625f,-1.211406843620972e-16f,-1.795918759023678e-17f,-1f,-0.25f,0f,0f,0f,1f],start_interpolation:0}
execute if entity @s[tag=aj.melissa.bone.head] run data modify entity @s {} merge value {transformation:[-0.9903908810645464f,-0.13234353450904995f,-0.04013840527279797f,-0.3409861799749718f,-0.13829643055477417f,0.9477600341514338f,0.28744567306028723f,1.3390850234791107f,-1.2128790224004238e-16f,0.29023457157775834f,-0.9569555336906074f,-0.0504637320402912f,0f,0f,0f,1f],start_interpolation:0}
execute if entity @s[tag=aj.melissa.bone.broom] run data modify entity @s {} merge value {transformation:[-0.9562679879138223f,-0.2888514937398999f,0.04600380261976833f,-0.6904029305021323f,0.1266215679452717f,-0.26704147567289277f,0.9553302197677642f,0.8687969361110306f,-0.26366363765663814f,0.9193767806697494f,0.2919380436719352f,-0.4373575464104576f,0f,0f,0f,1f],start_interpolation:0}
execute if entity @s[tag=aj.melissa.bone.rightarm] run data modify entity @s {} merge value {transformation:[-0.9656475422386055f,0.2577230287538987f,0.033221448169183f,-0.6214778671687495f,0.23492282131860098f,0.811187779992642f,0.5355237190025459f,1.2432827637524284f,0.11106796204238777f,0.5249316393974803f,-0.8438665070775262f,-0.06747544829926339f,0f,0f,0f,1f],start_interpolation:0}
execute if entity @s[tag=aj.melissa.bone.leftarm] run data modify entity @s {} merge value {transformation:[-0.8475804792617277f,-0.4735608343288889f,-0.23947331242580347f,-0.06146483865377028f,-0.5169818301323534f,0.6350426175705839f,0.5739779274345866f,1.31480364614999f,-0.11973770704110878f,0.6102958381464089f,-0.783072072962451f,-0.10619823171648143f,0f,0f,0f,1f],start_interpolation:0}
execute if entity @s[tag=aj.melissa.bone.torso] run data modify entity @s {} merge value {transformation:[-0.9903908810645464f,-0.13234353450904995f,-0.04013840527279797f,-0.2541357354534078f,-0.13829643055477417f,0.9477600341514338f,0.28744567306028723f,0.7171175010672323f,-1.2128790224004238e-16f,0.29023457157775834f,-0.9569555336906074f,-0.2409301696381951f,0f,0f,0f,1f],start_interpolation:0}