execute if entity @s[tag=aj.melissa.bone.rightleg] run data modify entity @s {} merge value {transformation:[-0.9957674144676598f,0.09190895649713274f,1.2246467991473532e-16f,-0.375f,0.09190895649713274f,0.9957674144676598f,0f,0.65625f,-1.2194633768230554e-16f,1.1255600938718693e-17f,-1f,-0.25000000000000006f,0f,0f,0f,1f],start_interpolation:0}
execute if entity @s[tag=aj.melissa.bone.leftleg] run data modify entity @s {} merge value {transformation:[-0.990485084256457f,-0.13762012158648607f,1.2246467991473532e-16f,-0.12499999999999997f,-0.13762012158648607f,0.990485084256457f,0f,0.65625f,-1.2129943880378665e-16f,-1.685360413991597e-17f,-1f,-0.25f,0f,0f,0f,1f],start_interpolation:0}
execute if entity @s[tag=aj.melissa.bone.head] run data modify entity @s {} merge value {transformation:[-0.998199919578961f,0.037616928641342126f,-0.046710675783464675f,-0.3407427349953339f,0.03479242065134608f,0.9975993169660395f,0.05987562320436757f,1.3424308248275818f,0.048850875302041054f,0.058142664786572984f,-0.9971123419724283f,-0.061618417205317105f,0f,0f,0f,1f],start_interpolation:0}
execute if entity @s[tag=aj.melissa.bone.broom] run data modify entity @s {} merge value {transformation:[-0.9582685460072147f,-0.2790678483986152f,0.06198814179652773f,-0.696811774471241f,0.11015741694105957f,-0.16037995599923888f,0.9808891951727045f,0.839166129091899f,-0.2637929817604942f,0.9467837164336161f,0.1844284605749824f,-0.42435971843671083f,0f,0f,0f,1f],start_interpolation:0}
execute if entity @s[tag=aj.melissa.bone.rightarm] run data modify entity @s {} merge value {transformation:[-0.9656475222572583f,0.2585161448442737f,0.02634892053334388f,-0.624245573746655f,0.2377592662321449f,0.8380650550520371f,0.49103716236286854f,1.244127750066924f,0.10485892465198188f,0.480433519183956f,-0.8707400528087297f,-0.0782757375589663f,0f,0f,0f,1f],start_interpolation:0}
execute if entity @s[tag=aj.melissa.bone.leftarm] run data modify entity @s {} merge value {transformation:[-0.8573658539200149f,-0.46540084996674297f,-0.21983139307714228f,-0.05658023368178541f,-0.5031476088133084f,0.6678135559331052f,0.5485139362472307f,1.315896753266847f,-0.10847246783149046f,0.5808847591064982f,-0.8067258644423964f,-0.11448882018062523f,0f,0f,0f,1f],start_interpolation:0}
execute if entity @s[tag=aj.melissa.bone.torso] run data modify entity @s {} merge value {transformation:[-0.9905375332001759f,-0.13198943272048572f,-0.03760565079658714f,-0.25412466977251513f,-0.13724210477003945f,0.9526266542946644f,0.27141676846805807f,0.7172695829467083f,-1.2477530889884468e-16f,0.2740095749740843f,-0.9617269637597365f,-0.24143720078205994f,0f,0f,0f,1f],start_interpolation:0}