execute if entity @s[tag=aj.melissa.bone.rightleg] run data modify entity @s {} merge value {transformation:[-0.9979043400605829f,0.06470647640114971f,1.2246467991473532e-16f,-0.375f,0.06470647640114971f,0.9979043400605829f,0f,0.65625f,-1.2220803559104447e-16f,7.924257920877173e-18f,-1f,-0.25000000000000006f,0f,0f,0f,1f],start_interpolation:0}
execute if entity @s[tag=aj.melissa.bone.leftleg] run data modify entity @s {} merge value {transformation:[-0.9952868242917284f,-0.0969749317673702f,1.2246467991473532e-16f,-0.12499999999999997f,-0.0969749317673702f,0.9952868242917284f,0f,0.65625f,-1.2188748236023993e-16f,-1.1876003978644289e-17f,-1f,-0.25f,0f,0f,0f,1f],start_interpolation:0}
execute if entity @s[tag=aj.melissa.bone.head] run data modify entity @s {} merge value {transformation:[-0.9993606553005278f,-0.03573643042934323f,-0.001090035535511522f,-0.3453682950026981f,-0.03551446555413361f,0.9957465810626721f,-0.08501452251470698f,1.3678036609917508f,0.0041235147270530775f,-0.08492145690088035f,-0.9963791159915626f,-0.22264918375076698f,0f,0f,0f,1f],start_interpolation:0}
execute if entity @s[tag=aj.melissa.bone.broom] run data modify entity @s {} merge value {transformation:[-0.9610264349218685f,-0.24815690936271922f,0.12184555682053735f,-0.7212218091159301f,-0.00880424392156819f,0.46798951215815887f,0.8836901616510947f,0.7054151256658479f,-0.27631626204466f,0.8481768476240739f,-0.4519351264110316f,-0.35482294726729424f,0f,0f,0f,1f],start_interpolation:0}
execute if entity @s[tag=aj.melissa.bone.rightarm] run data modify entity @s {} merge value {transformation:[-0.9680181239556113f,0.2504127142194782f,0.015309613015769432f,-0.6415569186009498f,0.2504179156369977f,0.9607302496250791f,0.11953348896169089f,1.2550864314857484f,0.015224297076717531f,0.11954438511518284f,-0.9927121238133201f,-0.22545637207307467f,0f,0f,0f,1f],start_interpolation:0}
execute if entity @s[tag=aj.melissa.bone.leftarm] run data modify entity @s {} merge value {transformation:[-0.8941111838667961f,-0.43145963101088913f,-0.12003240267637592f,-0.03960445201675833f,-0.44766469006564763f,0.8534452902805988f,0.2668847349817748f,1.328704714430666f,-0.012708900532458108f,0.29235889469248566f,-0.9562242208506561f,-0.24908674974303502f,0f,0f,0f,1f],start_interpolation:0}
execute if entity @s[tag=aj.melissa.bone.torso] run data modify entity @s {} merge value {transformation:[-0.9903165889868428f,-0.13871752000392457f,-0.005522972155043174f,-0.25433492250012263f,-0.138827423722637f,0.989532597806183f,0.0393977702602857f,0.7184228936814432f,-1.212788040845262e-16f,0.03978300545342992f,-0.9992083428780468f,-0.24875678107958038f,0f,0f,0f,1f],start_interpolation:0}