execute if entity @s[tag=aj.melissa.bone.rightleg] run data modify entity @s {} merge value {transformation:[-0.9982184144856672f,0.05966571026746208f,1.2246467991473532e-16f,-0.375f,0.05966571026746208f,0.9982184144856672f,0f,0.65625f,-1.2224649861498183e-16f,7.30694210979008e-18f,-1f,-0.25000000000000006f,0f,0f,0f,1f],start_interpolation:0}
execute if entity @s[tag=aj.melissa.bone.leftleg] run data modify entity @s {} merge value {transformation:[-0.9959929207366384f,-0.08943210744749593f,1.2246467991473532e-16f,-0.12499999999999997f,-0.08943210744749593f,0.9959929207366384f,0f,0.65625f,-1.2197395423535477e-16f,-1.0952274412657805e-17f,-1f,-0.25f,0f,0f,0f,1f],start_interpolation:0}
execute if entity @s[tag=aj.melissa.bone.head] run data modify entity @s {} merge value {transformation:[-0.9990690289010389f,-0.043109758414959454f,0.0016199444864017534f,-0.3441758779235418f,-0.043081773886292196f,0.9950592650754032f,-0.08944841947406747f,1.368322412326648f,0.0022441589840251227f,-0.08943493566276087f,-0.9959901385221906f,-0.23362938941109263f,0f,0f,0f,1f],start_interpolation:0}
execute if entity @s[tag=aj.melissa.bone.broom] run data modify entity @s {} merge value {transformation:[-0.9625278866248792f,-0.23651482989575304f,0.13266801690244198f,-0.7260022618079582f,-0.01975258844317672f,0.5490670395926802f,0.8355448649131443f,0.6916042293342772f,-0.2704623868844578f,0.8016146962676727f,-0.5331641173301602f,-0.3326698167250754f,0f,0f,0f,1f],start_interpolation:0}
execute if entity @s[tag=aj.melissa.bone.rightarm] run data modify entity @s {} merge value {transformation:[-0.9675866727759906f,0.25233863092867687f,0.010062107499374952f,-0.6430041245972944f,0.2523747118705038f,0.9647510536420558f,0.07458156142655634f,1.253947023412886f,0.009112380291018617f,0.07470354635212459f,-0.9971641513250704f,-0.23535267522007386f,0f,0f,0f,1f],start_interpolation:0}
execute if entity @s[tag=aj.melissa.bone.leftarm] run data modify entity @s {} merge value {transformation:[-0.901561910279998f,-0.4195883894429982f,-0.10550689729544643f,-0.03471450814817317f,-0.4325891298489837f,0.8701261031979545f,0.23610846928909968f,1.327815424533998f,-0.007264066958671334f,0.25850753949967026f,-0.9659819280675215f,-0.2569800547629438f,0f,0f,0f,1f],start_interpolation:0}
execute if entity @s[tag=aj.melissa.bone.torso] run data modify entity @s {} merge value {transformation:[-0.9905680118878571f,-0.1369830951615154f,-0.003262738804943098f,-0.25428072172379734f,-0.1370219465068938f,0.9902871452023972f,0.023587204631919042f,0.7184464732875749f,-1.2130959450962216e-16f,0.023811797220228983f,-0.9997164589588103f,-0.2492558813368679f,0f,0f,0f,1f],start_interpolation:0}