execute if entity @s[tag=aj.melissa.bone.rightleg] run data modify entity @s {} merge value {transformation:[-0.9958792015331366f,0.09068966839570124f,1.2246467991473532e-16f,-0.375f,0.09068966839570124f,0.9958792015331366f,0f,0.65625f,-1.2196002764949775e-16f,1.110628121165304e-17f,-1f,-0.25000000000000006f,0f,0f,0f,1f],start_interpolation:0}
execute if entity @s[tag=aj.melissa.bone.leftleg] run data modify entity @s {} merge value {transformation:[-0.9907361671145094f,-0.1358007627786049f,1.2246467991473532e-16f,-0.12499999999999997f,-0.1358007627786049f,0.9907361671145094f,0f,0.65625f,-1.2133018758563012e-16f,-1.663079694585875e-17f,-1f,-0.25f,0f,0f,0f,1f],start_interpolation:0}
execute if entity @s[tag=aj.melissa.bone.head] run data modify entity @s {} merge value {transformation:[-0.997159705521381f,0.05535255340602617f,-0.05107461713949164f,-0.3398773601101699f,0.05361170799399609f,0.997953608870875f,0.03484794552858378f,1.343301508348911f,0.05289902126201516f,0.032010769641320075f,-0.9980866716756073f,-0.0642509978844572f,0f,0f,0f,1f],start_interpolation:0}
execute if entity @s[tag=aj.melissa.bone.broom] run data modify entity @s {} merge value {transformation:[-0.9585103408625284f,-0.27723996488532127f,0.06630179733601117f,-0.6978820232999967f,0.1079271460979046f,-0.1376782279484593f,0.9845793196508517f,0.8338174865985687f,-0.2638364220397957f,0.9508852230523714f,0.16188772339458268f,-0.42158945046488905f,0f,0f,0f,1f],start_interpolation:0}
execute if entity @s[tag=aj.melissa.bone.rightarm] run data modify entity @s {} merge value {transformation:[-0.9653519184524513f,0.25968904564936773f,0.025637338198267176f,-0.6241102735033437f,0.23959433912267245f,0.8431297080163721f,0.4813801492797526f,1.2448440951076298f,0.10339355009158716f,0.47084381171461487f,-0.8761369064076178f,-0.08079399915270505f,0f,0f,0f,1f],start_interpolation:0}
execute if entity @s[tag=aj.melissa.bone.leftarm] run data modify entity @s {} merge value {transformation:[-0.8599249429505396f,-0.46284369093069416f,-0.21518552520363327f,-0.05481228572316332f,-0.499283137792491f,0.6751677915367581f,0.5430145500697576f,1.3159328368466863f,-0.10604452276094234f,0.5743902602212443f,-0.8116836749346233f,-0.1164982836295142f,0f,0f,0f,1f],start_interpolation:0}
execute if entity @s[tag=aj.melissa.bone.torso] run data modify entity @s {} merge value {transformation:[-0.9907389557859808f,-0.1307307056147926f,-0.03668520270576019f,-0.2540853345504622f,-0.1357804164381016f,0.9538931030529616f,0.2676782143916231f,0.7173091594704051f,-1.2133052909938925e-16f,0.27018036671351686f,-0.9628097264997636f,-0.24155686354020264f,0f,0f,0f,1f],start_interpolation:0}