execute if entity @s[tag=aj.melissa.bone.rightleg] run data modify entity @s {} merge value {transformation:[-0.9952336977986249f,0.09751864829905794f,1.2246467991473532e-16f,-0.375f,0.09751864829905794f,0.9952336977986249f,0f,0.65625f,-1.2188097624126703e-16f,1.1942590049661779e-17f,-1f,-0.25000000000000006f,0f,0f,0f,1f],start_interpolation:0}
execute if entity @s[tag=aj.melissa.bone.leftleg] run data modify entity @s {} merge value {transformation:[-0.9892864748674257f,-0.14598722767551386f,1.2246467991473532e-16f,-0.12499999999999997f,-0.14598722767551386f,0.9892864748674257f,0f,0.65625f,-1.2115265148861615e-16f,-1.7878279108921394e-17f,-1f,-0.25f,0f,0f,0f,1f],start_interpolation:0}
execute if entity @s[tag=aj.melissa.bone.head] run data modify entity @s {} merge value {transformation:[-0.9919856932110495f,-0.12036672653602196f,-0.0384218116126275f,-0.34177290109940683f,-0.12628598459709522f,0.9542251854730598f,0.27112016801272265f,1.339059031239426f,0.0040292131906827225f,0.2737994641191016f,-0.9617783626642663f,-0.050739332947670635f,0f,0f,0f,1f],start_interpolation:0}
execute if entity @s[tag=aj.melissa.bone.broom] run data modify entity @s {} merge value {transformation:[-0.9566042150808359f,-0.2877318628391117f,0.04602989025310018f,-0.6911264960847117f,0.12441080347418973f,-0.26045495563033955f,0.9574367697485326f,0.8661791132353452f,-0.2634963522868663f,0.921614665245043f,0.2849492606356139f,-0.43628739604519057f,0f,0f,0f,1f],start_interpolation:0}
execute if entity @s[tag=aj.melissa.bone.rightarm] run data modify entity @s {} merge value {transformation:[-0.9659328113687241f,0.2568134477882328f,0.03194772224170939f,-0.6223649661264963f,0.2338199426717315f,0.8131383457283817f,0.533042460893219f,1.2427316503957333f,0.11091455418609844f,0.522353217412539f,-0.8454851139603037f,-0.06777376323342321f,0f,0f,0f,1f],start_interpolation:0}
execute if entity @s[tag=aj.melissa.bone.leftarm] run data modify entity @s {} merge value {transformation:[-0.8476652117082911f,-0.47373199536963684f,-0.23883401228183643f,-0.06188676911785834f,-0.5169626526466091f,0.636391168656086f,0.5724996910262243f,1.3150102462237212f,-0.1192195647874939f,0.6087563363281265f,-0.7843484036780067f,-0.10631807216167943f,0f,0f,0f,1f],start_interpolation:0}
execute if entity @s[tag=aj.melissa.bone.torso] run data modify entity @s {} merge value {transformation:[-0.9902256606048127f,-0.1334878561445918f,-0.040424415168103654f,-0.25417149550451845f,-0.1394745176717326f,0.9477222272573468f,0.28700076460283425f,0.7171163196017921f,-1.177982216173721e-16f,0.28983369753066096f,-0.9570770229065712f,-0.2409426969521669f,0f,0f,0f,1f],start_interpolation:0}