execute if entity @s[tag=aj.melissa.bone.rightleg] run data modify entity @s {} merge value {transformation:[-0.9952187608900522f,0.0976709679099635f,1.2246467991473532e-16f,-0.375f,0.0976709679099635f,0.9952187608900522f,0f,0.65625f,-1.2187914699753976e-16f,1.1961243822056066e-17f,-1f,-0.25000000000000006f,0f,0f,0f,1f],start_interpolation:0}
execute if entity @s[tag=aj.melissa.bone.leftleg] run data modify entity @s {} merge value {transformation:[-0.9892529337278589f,-0.14621433962106553f,1.2246467991473532e-16f,-0.12499999999999997f,-0.14621433962106553f,0.9892529337278589f,0f,0.65625f,-1.211485438836951e-16f,-1.7906092300638193e-17f,-1f,-0.25f,0f,0f,0f,1f],start_interpolation:0}
execute if entity @s[tag=aj.melissa.bone.head] run data modify entity @s {} merge value {transformation:[-0.9976252354487419f,-0.06004227991105491f,-0.03374632156139057f,-0.3392188801341121f,-0.06558688292505874f,0.9777442760569139f,0.19928495032519603f,1.3399900851753683f,0.021029749975139556f,0.20102501153096286f,-0.9793603495930184f,-0.052635033059422326f,0f,0f,0f,1f],start_interpolation:0}
execute if entity @s[tag=aj.melissa.bone.broom] run data modify entity @s {} merge value {transformation:[-0.9559205201972352f,-0.28944417437703823f,0.04937640109447068f,-0.6901474576108906f,0.12784981040999618f,-0.2589142144748274f,0.9574016166275319f,0.8681169255829082f,-0.2643300683690287f,0.9215126149229202f,0.2845067934056176f,-0.43737853556603984f,0f,0f,0f,1f],start_interpolation:0}
execute if entity @s[tag=aj.melissa.bone.rightarm] run data modify entity @s {} merge value {transformation:[-0.965023966504858f,0.259859282058838f,0.034668394815680646f,-0.6201166216008374f,0.23803291229568688f,0.8130945855107446f,0.5312414965692573f,1.244811149876857f,0.10985934978537117f,0.5209129951738347f,-0.8465108237487338f,-0.06949166959260528f,0f,0f,0f,1f],start_interpolation:0}
execute if entity @s[tag=aj.melissa.bone.leftarm] run data modify entity @s {} merge value {transformation:[-0.8494577017162062f,-0.47161173979021787f,-0.2366516002207986f,-0.059524768534666095f,-0.5142461252754498f,0.6394647120906309f,0.5715206073537795f,1.3146798928800592f,-0.11820548055909785f,0.6071797500599723f,-0.785722734482656f,-0.10807717823378774f,0f,0f,0f,1f],start_interpolation:0}
execute if entity @s[tag=aj.melissa.bone.torso] run data modify entity @s {} merge value {transformation:[-0.9907807123727577f,-0.12977291655870854f,-0.03889177442567094f,-0.2540554036424596f,-0.13547538518170302f,0.9490764875278087f,0.2844296764259075f,0.717158640235244f,-1.2133564280642322e-16f,0.28707631554993124f,-0.957907714265981f,-0.2410288651390647f,0f,0f,0f,1f],start_interpolation:0}