execute if entity @s[tag=aj.melissa.bone.rightleg] run data modify entity @s {} merge value {transformation:[-0.9951847266721969f,0.0980171403295606f,1.2246467991473532e-16f,-0.375f,0.0980171403295606f,0.9951847266721969f,0f,0.65625f,-1.2187497900794394e-16f,1.2003637716617333e-17f,-1f,-0.25000000000000006f,0f,0f,0f,1f],start_interpolation:0}
execute if entity @s[tag=aj.melissa.bone.leftleg] run data modify entity @s {} merge value {transformation:[-0.989176509964781f,-0.14673047445536175f,1.2246467991473532e-16f,-0.12499999999999997f,-0.14673047445536175f,0.989176509964781f,0f,0.65625f,-1.211391846720119e-16f,-1.7969300587913124e-17f,-1f,-0.25f,0f,0f,0f,1f],start_interpolation:0}
execute if entity @s[tag=aj.melissa.bone.head] run data modify entity @s {} merge value {transformation:[-0.9914509807955293f,-0.12459230276399844f,-0.03875191313402876f,-0.34051181926943175f,-0.13046168252218185f,0.9515205245131025f,0.27854701725883135f,1.3392354119106913f,0.002168426402856217f,0.28122135324735636f,-0.9596404787234962f,-0.050739332947670635f,0f,0f,0f,1f],start_interpolation:0}
execute if entity @s[tag=aj.melissa.bone.broom] run data modify entity @s {} merge value {transformation:[-0.9561326417466157f,-0.28921168515003026f,0.046550752510753204f,-0.6901913332662869f,0.1273455735767623f,-0.26726191601412425f,0.9551723264096718f,0.8692996246304856f,-0.2638057548216929f,0.919199472052252f,0.2923676697273795f,-0.4376041015533018f,0f,0f,0f,1f],start_interpolation:0}
execute if entity @s[tag=aj.melissa.bone.rightarm] run data modify entity @s {} merge value {transformation:[-0.9654785096228831f,0.25828628754256017f,0.03375560877629718f,-0.621046892813492f,0.2356887972010454f,0.8110343746753158f,0.5354194934525114f,1.2436582668011422f,0.11091455418609845f,0.5248918333928443f,-0.8439114437588803f,-0.06772177616235786f,0f,0f,0f,1f],start_interpolation:0}
execute if entity @s[tag=aj.melissa.bone.leftarm] run data modify entity @s {} merge value {transformation:[-0.8478705507934761f,-0.47319994604896515f,-0.2391596541150362f,-0.06104703655405719f,-0.5165340694327843f,0.6354412511940495f,0.5739398674043724f,1.3147321952549598f,-0.11961640444510453f,0.6101608208826567f,-0.7831958174348403f,-0.10646374821332308f,0f,0f,0f,1f],start_interpolation:0}
execute if entity @s[tag=aj.melissa.bone.torso] run data modify entity @s {} merge value {transformation:[-0.9904937202254266f,-0.13165355530099168f,-0.03986892989036741f,-0.25411417360315597f,-0.13755795212925465f,0.9479787809610055f,0.28707845731383547f,0.7171243369050314f,-1.2476994335691588e-16f,0.28983369753066096f,-0.9570770229065712f,-0.2409426969521669f,0f,0f,0f,1f],start_interpolation:0}