execute if entity @s[tag=aj.melissa.bone.rightleg] run data modify entity @s {} merge value {transformation:[-0.9953483332564635f,0.09634155636889041f,1.2246467991473532e-16f,-0.375f,0.09634155636889041f,0.9953483332564635f,0f,0.65625f,-1.218950150359181e-16f,1.1798437863203595e-17f,-1f,-0.25000000000000006f,0f,0f,0f,1f],start_interpolation:0}
execute if entity @s[tag=aj.melissa.bone.leftleg] run data modify entity @s {} merge value {transformation:[-0.9895438981518105f,-0.14423201319582013f,1.2246467991473532e-16f,-0.12499999999999997f,-0.14423201319582013f,0.9895438981518105f,0f,0.65625f,-1.2118417674874093e-16f,-1.7663327329483995e-17f,-1f,-0.25f,0f,0f,0f,1f],start_interpolation:0}
execute if entity @s[tag=aj.melissa.bone.head] run data modify entity @s {} merge value {transformation:[-0.9964247062185514f,-0.07700839621296365f,-0.03474926977622416f,-0.3422844711534475f,-0.08269371735967188f,0.9732362031470064f,0.21441325050760554f,1.3395635676132145f,0.017307626830744313f,0.21652020643973557f,-0.9761247083527708f,-0.052635033059422326f,0f,0f,0f,1f],start_interpolation:0}
execute if entity @s[tag=aj.melissa.bone.broom] run data modify entity @s {} merge value {transformation:[-0.9571120187201954f,-0.28565054088757247f,0.04837718586265331f,-0.6925379600841212f,0.12046993736852549f,-0.2405367878415614f,0.9631350102064025f,0.8600249327873384f,-0.2634835437209996f,0.9276560904696853f,0.26463295335751946f,-0.43381345262148757f,0f,0f,0f,1f],start_interpolation:0}
execute if entity @s[tag=aj.melissa.bone.rightarm] run data modify entity @s {} merge value {transformation:[-0.9661320169839899f,0.25628463002997764f,0.030118336090245022f,-0.6233779777556958f,0.23349485866541678f,0.8185394672771721f,0.5248554958142483f,1.2425113167891562f,0.10985934978537114f,0.514112175424781f,-0.8506583299684631f,-0.06962898288129304f,0f,0f,0f,1f],start_interpolation:0}
execute if entity @s[tag=aj.melissa.bone.leftarm] run data modify entity @s {} merge value {transformation:[-0.8491485114763585f,-0.47273542838777655f,-0.235516496671698f,-0.06147595751254889f,-0.5149963344813148f,0.6421974834464361f,0.5677685864204483f,1.3153394265554843f,-0.1171562244539075f,0.603409982517765f,-0.7887780499415638f,-0.10768765197908856f,0f,0f,0f,1f],start_interpolation:0}
execute if entity @s[tag=aj.melissa.bone.torso] run data modify entity @s {} merge value {transformation:[-0.9901330621115942f,-0.1342319580413782f,-0.04022810900223294f,-0.25419474868879305f,-0.1401303654227657f,0.9484560983464938f,0.2842437513751677f,0.7171392530733279f,-1.2472577547644675e-16f,0.28707631554993124f,-0.957907714265981f,-0.2410288651390647f,0f,0f,0f,1f],start_interpolation:0}