execute if entity @s[tag=aj.melissa.bone.rightleg] run data modify entity @s {} merge value {transformation:[-0.9955708116817557f,0.09401467400002053f,1.2246467991473532e-16f,-0.375f,0.09401467400002053f,0.9955708116817557f,0f,0.65625f,-1.2192226078505944e-16f,1.1513476958700703e-17f,-1f,-0.25000000000000006f,0f,0f,0f,1f],start_interpolation:0}
execute if entity @s[tag=aj.melissa.bone.leftleg] run data modify entity @s {} merge value {transformation:[-0.9900435268420248f,-0.14076155355140477f,1.2246467991473532e-16f,-0.12499999999999997f,-0.14076155355140477f,0.9900435268420248f,0f,0.65625f,-1.2124536361636422e-16f,-1.723831859997366e-17f,-1f,-0.25f,0f,0f,0f,1f],start_interpolation:0}
execute if entity @s[tag=aj.melissa.bone.head] run data modify entity @s {} merge value {transformation:[-0.9952380965498717f,0.0785829046787321f,-0.05767025462091694f,-0.33678598181285757f,0.07808707531075129f,0.9968879890428771f,0.010804904972357837f,1.3437177623120684f,0.05833986497414215f,0.006250151542317894f,-0.9982772138842482f,-0.0642509978844572f,0f,0f,0f,1f],start_interpolation:0}
execute if entity @s[tag=aj.melissa.bone.broom] run data modify entity @s {} merge value {transformation:[-0.9564542308986894f,-0.2850785210476873f,0.06265413819740902f,-0.6932998725097107f,0.11954652771749436f,-0.18677892519120243f,0.9751011541451018f,0.8504845817281979f,-0.2662779223042855f,0.9401297091049099f,0.2127256405599251f,-0.43131182390218914f,0f,0f,0f,1f],start_interpolation:0}
execute if entity @s[tag=aj.melissa.bone.rightarm] run data modify entity @s {} merge value {transformation:[-0.9642121423308742f,0.26304731652459873f,0.03318213150045667f,-0.6198524540710242f,0.24414077574457838f,0.8320860206410244f,0.4980242322142772f,1.2479774045008942f,0.10339355009158714f,0.48830212320139715f,-0.8665280204796992f,-0.08047091995143726f,0f,0f,0f,1f],start_interpolation:0}
execute if entity @s[tag=aj.melissa.bone.leftarm] run data modify entity @s {} merge value {transformation:[-0.8571638948076314f,-0.4647848974905223f,-0.2219122720872742f,-0.054341814755880874f,-0.5034794964667405f,0.6653627377440022f,0.5511812985392408f,1.3155834820792944f,-0.1085285864452733f,0.5841809876113147f,-0.8043345818983914f,-0.1174880630576986f,0f,0f,0f,1f],start_interpolation:0}
execute if entity @s[tag=aj.melissa.bone.torso] run data modify entity @s {} merge value {transformation:[-0.9913678030996118f,-0.1262341553641565f,-0.035423396180311754f,-0.25394481735512986f,-0.131110178771327f,0.9544985633630088f,0.26784811658942664f,0.7173280801050941f,-1.214075406843683e-16f,0.27018036671351686f,-0.9628097264997636f,-0.24155686354020264f,0f,0f,0f,1f],start_interpolation:0}