execute if entity @s[tag=aj.melissa.bone.rightleg] run data modify entity @s {} merge value {transformation:[-0.9996201013430974f,0.027561803112564082f,1.2246467991473532e-16f,-0.375f,0.027561803112564082f,0.9996201013430974f,0f,0.65625f,-1.224181557473177e-16f,3.375347396053116e-18f,-1f,-0.25000000000000006f,0f,0f,0f,1f],start_interpolation:0}
execute if entity @s[tag=aj.melissa.bone.leftleg] run data modify entity @s {} merge value {transformation:[-0.9991452956763691f,-0.04133616005123073f,1.2246467991473532e-16f,-0.12499999999999997f,-0.04133616005123073f,0.9991452956763691f,0f,0.65625f,-1.2236000882332011e-16f,-5.0622196095782405e-18f,-1f,-0.25f,0f,0f,0f,1f],start_interpolation:0}
execute if entity @s[tag=aj.melissa.bone.head] run data modify entity @s {} merge value {transformation:[-0.9989362329084178f,-0.045942173863904326f,0.003964750105387593f,-0.31002068016786255f,-0.046106060015961785f,0.996573173995126f,-0.06867415891792725f,1.372246791004974f,-0.0007961234476588152f,-0.06878390461393555f,-0.9976312648737092f,-0.26325142107765653f,0f,0f,0f,1f],start_interpolation:0}
execute if entity @s[tag=aj.melissa.bone.broom] run data modify entity @s {} merge value {transformation:[-0.9756136224967846f,-0.1159876228216353f,0.18634626626494963f,-0.754814408386188f,-0.027383310828888223f,0.9066616162333134f,0.42096896315197f,0.6592142838914178f,-0.21778019626850814f,0.4056002773684728f,-0.8877275489202009f,-0.17235550238383462f,0f,0f,0f,1f],start_interpolation:0}
execute if entity @s[tag=aj.melissa.bone.rightarm] run data modify entity @s {} merge value {transformation:[-0.9537600192537061f,0.29785694671492996f,-0.04028728045958782f,-0.6303847431132847f,0.30047864843676875f,0.9415796628157777f,-0.15211942809956674f,1.2599807770583356f,-0.007376144438854913f,-0.1571908962547956f,-0.9875406901124789f,-0.2616346724140173f,0f,0f,0f,1f],start_interpolation:0}
execute if entity @s[tag=aj.melissa.bone.leftarm] run data modify entity @s {} merge value {transformation:[-0.9550362361814559f,-0.2948690919686119f,-0.03095167494603037f,0.020519916442670594f,-0.2964609485356222f,0.9511663523533743f,0.08598532516735535f,1.3118905213488714f,0.004085777002919135f,0.09129506422793607f,-0.9958155038328633f,-0.2714088006999309f,0f,0f,0f,1f],start_interpolation:0}
execute if entity @s[tag=aj.melissa.bone.torso] run data modify entity @s {} merge value {transformation:[-0.996180398884191f,-0.08730280751689104f,0.0016830563278916585f,-0.2527282127349028f,-0.08731902930595473f,0.9959953323708716f,-0.01920117226897773f,0.7186248541365897f,-1.219969136866858e-16f,-0.019274794294773048f,-0.9998142238960667f,-0.2506023373217117f,0f,0f,0f,1f],start_interpolation:0}