execute if entity @s[tag=aj.eamon.bone.rockingchair] run data modify entity @s {} merge value {transformation:[-1.2f,6.6167925363617876e-18f,1.4680857920047283e-16f,-1.684503813628945e-17f,0f,1.1987830230127303f,-0.05403021133088051f,0.5575600873777824f,-1.4695761589768238e-16f,-0.05403021133088051f,-1.1987830230127303f,0.13755017485872353f,0f,0f,0f,1f],start_interpolation:0}
execute if entity @s[tag=aj.eamon.bone.head] run data modify entity @s {} merge value {transformation:[-1f,-1.581397804512577e-17f,1.2143935080939318e-16f,1.1965098738470067e-18f,0f,0.9916275524824297f,0.12913093029056275f,1.3379816898339865f,-1.2246467991473532e-16f,0.12913093029056275f,-0.9916275524824297f,-0.009770244569128513f,0f,0f,0f,1f],start_interpolation:0}
execute if entity @s[tag=aj.eamon.bone.rightarm] run data modify entity @s {} merge value {transformation:[-0.9961946980917455f,0.08715574274765829f,5.1599575996815233e-17f,-0.34375f,0.036722419677230944f,0.419739177594702f,-0.906901585997716f,1.1506488250078877f,-0.07904168132666026f,-0.9034505516619199f,-0.42134251306369197f,-0.017685278115903216f,0f,0f,0f,1f],start_interpolation:0}
execute if entity @s[tag=aj.eamon.bone.leftarm] run data modify entity @s {} merge value {transformation:[-0.9961946980917455f,-0.08715574274765807f,5.1599575996815233e-17f,0.34375f,-0.036722419677230944f,0.419739177594702f,-0.906901585997716f,1.1506488250078877f,0.07904168132666001f,-0.9034505516619199f,-0.42134251306369197f,-0.017685278115903133f,0f,0f,0f,1f],start_interpolation:0}
execute if entity @s[tag=aj.eamon.bone.torso] run data modify entity @s {} merge value {transformation:[-1.0104166666666665f,-5.223514935141924e-18f,1.2363005304769677e-16f,8.951006272408213e-18f,0f,1.0095159937850882f,0.042653236335396756f,-0.16068122877480462f,-1.2374035366384712e-16f,0.042653236335396756f,-1.0095159937850882f,-0.07309051294332577f,0f,0f,0f,1f],start_interpolation:0}
execute if entity @s[tag=aj.eamon.bone.rightleg] run data modify entity @s {} merge value {transformation:[-0.9659258262890683f,5.51399378030149e-18f,0.25881904510252085f,-0.125f,-0.011653373086121577f,0.9989858525106087f,-0.04349098043696145f,0.6511098637918636f,-0.25855656441772346f,-0.045025176109067096f,-0.964946235037399f,-0.027887198195819123f,0f,0f,0f,1f],start_interpolation:0}
execute if entity @s[tag=aj.eamon.bone.leftleg] run data modify entity @s {} merge value {transformation:[-0.9659258262890683f,5.51399378030149e-18f,-0.25881904510252063f,0.125f,0.011653373086121577f,0.9989858525106087f,-0.04349098043696145f,0.6511098637918636f,0.25855656441772323f,-0.045025176109067096f,-0.964946235037399f,-0.027887198195819096f,0f,0f,0f,1f],start_interpolation:0}