execute if entity @s[tag=aj.eamon.bone.rockingchair] run data modify entity @s {} merge value {transformation:[-1.2f,5.026212318152443e-18f,1.468716380383347e-16f,-1.7535045233790425e-17f,0f,1.1992979374999588f,-0.04104213820386325f,0.5552476344160546f,-1.4695761589768238e-16f,-0.04104213820386325f,-1.1992979374999588f,0.14318451039106952f,0f,0f,0f,1f],start_interpolation:0}
execute if entity @s[tag=aj.eamon.bone.head] run data modify entity @s {} merge value {transformation:[-1f,-1.712844953092654e-17f,1.2126093370614084e-16f,-5.297890297023888e-19f,0f,0.990170666273471f,0.13986440451934412f,1.337219189607524f,-1.2246467991473532e-16f,0.13986440451934412f,-0.990170666273471f,0.00432605572538344f,0f,0f,0f,1f],start_interpolation:0}
execute if entity @s[tag=aj.eamon.bone.rightarm] run data modify entity @s {} merge value {transformation:[-0.9961946980917455f,0.08715574274765829f,5.27995586764199e-17f,-0.34375f,0.037576424128131294f,0.429500493135284f,-0.9022845109754963f,1.1499830482311282f,-0.07863927672377705f,-0.8988510460040928f,-0.43114111524384835f,-0.00561765396860195f,0f,0f,0f,1f],start_interpolation:0}
execute if entity @s[tag=aj.eamon.bone.leftarm] run data modify entity @s {} merge value {transformation:[-0.9961946980917455f,-0.08715574274765807f,5.27995586764199e-17f,0.34375f,-0.037576424128131294f,0.429500493135284f,-0.9022845109754963f,1.1499830482311282f,0.0786392767237768f,-0.8988510460040928f,-0.43114111524384835f,-0.005617653968601865f,0f,0f,0f,1f],start_interpolation:0}
execute if entity @s[tag=aj.eamon.bone.torso] run data modify entity @s {} merge value {transformation:[-1.0104166666666665f,-6.562336822743315e-18f,1.2356622054703638e-16f,9.21223676900934e-18f,0f,1.0089947618616895f,0.053585546684254345f,-0.16066994140364388f,-1.2374035366384712e-16f,0.053585546684254345f,-1.0089947618616895f,-0.07522362182649932f,0f,0f,0f,1f],start_interpolation:0}
execute if entity @s[tag=aj.eamon.bone.rightleg] run data modify entity @s {} merge value {transformation:[-0.9659258262890683f,4.188510265127036e-18f,0.25881904510252085f,-0.125f,-0.00885207251574131f,0.9994149479166323f,-0.033036384381030626f,0.650583896988757f,-0.25866762248096836f,-0.03420178183655271f,-0.9653607093720192f,-0.021229850627003513f,0f,0f,0f,1f],start_interpolation:0}
execute if entity @s[tag=aj.eamon.bone.leftleg] run data modify entity @s {} merge value {transformation:[-0.9659258262890683f,4.188510265127036e-18f,-0.25881904510252063f,0.125f,0.00885207251574131f,0.9994149479166323f,-0.033036384381030626f,0.650583896988757f,0.25866762248096814f,-0.03420178183655271f,-0.9653607093720192f,-0.021229850627003485f,0f,0f,0f,1f],start_interpolation:0}