execute if entity @s[tag=aj.eamon.bone.rockingchair] run data modify entity @s {} merge value {transformation:[-1.2f,9.411525740946911e-18f,1.466559376689476e-16f,-1.5635760742242898e-17f,0f,1.197536610319442f,-0.0768509397770817f,0.5641992766625065f,-1.4695761589768238e-16f,-0.0768509397770817f,-1.197536610319442f,0.12767567557543222f,0f,0f,0f,1f],start_interpolation:0}
execute if entity @s[tag=aj.eamon.bone.head] run data modify entity @s {} merge value {transformation:[-1f,-1.3498327335740995e-17f,1.21718498946363e-16f,4.222699989071306e-18f,0f,0.9939069700023562f,0.11022220729388307f,1.341673654640522f,-1.2246467991473532e-16f,0.11022220729388307f,-0.9939069700023562f,-0.03448096211912949f,0f,0f,0f,1f],start_interpolation:0}
execute if entity @s[tag=aj.eamon.bone.rightarm] run data modify entity @s {} merge value {transformation:[-0.9961946980917455f,0.08715574274765829f,4.9475042126970454e-17f,-0.34375f,0.0352104300362357f,0.40245705691689304f,-0.9147614677906235f,1.154224026092379f,-0.07972671516222991f,-0.9112805242316422f,-0.4039943774924893f,-0.03882685180516188f,0f,0f,0f,1f],start_interpolation:0}
execute if entity @s[tag=aj.eamon.bone.leftarm] run data modify entity @s {} merge value {transformation:[-0.9961946980917455f,-0.08715574274765807f,4.9475042126970454e-17f,0.34375f,-0.0352104300362357f,0.40245705691689304f,-0.9147614677906235f,1.154224026092379f,0.07972671516222966f,-0.9112805242316422f,-0.4039943774924893f,-0.038826851805161794f,0f,0f,0f,1f],start_interpolation:0}
execute if entity @s[tag=aj.eamon.bone.torso] run data modify entity @s {} merge value {transformation:[-1.0104166666666665f,-2.868063609246447e-18f,1.2370711109708804e-16f,8.480443903828918e-18f,0f,1.010145220509438f,0.02341951664139656f,-0.15792337374462317f,-1.2374035366384712e-16f,0.02341951664139656f,-1.010145220509438f,-0.0692480796073883f,0f,0f,0f,1f],start_interpolation:0}
execute if entity @s[tag=aj.eamon.bone.rightleg] run data modify entity @s {} merge value {transformation:[-0.9659258262890683f,7.842938117455759e-18f,0.25881904510252085f,-0.125f,-0.016575405706946343f,0.9979471752662018f,-0.06186025625439089f,0.6545813720878175f,-0.2582877349651564f,-0.06404244981423475f,-0.9639429498618477f,-0.039513324950447196f,0f,0f,0f,1f],start_interpolation:0}
execute if entity @s[tag=aj.eamon.bone.leftleg] run data modify entity @s {} merge value {transformation:[-0.9659258262890683f,7.842938117455759e-18f,-0.25881904510252063f,0.125f,0.016575405706946343f,0.9979471752662018f,-0.06186025625439089f,0.6545813720878175f,0.25828773496515617f,-0.06404244981423475f,-0.9639429498618477f,-0.03951332495044717f,0f,0f,0f,1f],start_interpolation:0}