execute if entity @s[tag=aj.eamon.bone.rockingchair] run data modify entity @s {} merge value {transformation:[-1.2f,1.2207637612311482e-17f,1.4644969939968203e-16f,-1.4429853742994147e-17f,0f,1.1958525470498598f,-0.09968292589186462f,0.5741464890213691f,-1.4695761589768238e-16f,-0.09968292589186462f,-1.1958525470498598f,0.11782869765421972f,0f,0f,0f,1f],start_interpolation:0}
execute if entity @s[tag=aj.eamon.bone.head] run data modify entity @s {} merge value {transformation:[-1f,-1.1173789378380619e-17f,1.219538611834253e-16f,7.24141922963917e-18f,0f,0.9958288485164403f,0.09124091441026301f,1.34838583435804f,-1.2246467991473532e-16f,0.09124091441026301f,-0.9958288485164403f,-0.05913067534803448f,0f,0f,0f,1f],start_interpolation:0}
execute if entity @s[tag=aj.eamon.bone.rightarm] run data modify entity @s {} merge value {transformation:[-0.9961946980917455f,0.08715574274765829f,4.7328865664047146e-17f,-0.34375f,0.03368303778057591f,0.384998883547869f,-0.9223021807589781f,1.1608874114649237f,-0.08038393160183376f,-0.9187925425105486f,-0.38646951673739194f,-0.05989970889351287f,0f,0f,0f,1f],start_interpolation:0}
execute if entity @s[tag=aj.eamon.bone.leftarm] run data modify entity @s {} merge value {transformation:[-0.9961946980917455f,-0.08715574274765807f,4.7328865664047146e-17f,0.34375f,-0.03368303778057591f,0.384998883547869f,-0.9223021807589781f,1.1608874114649237f,0.0803839316018335f,-0.9187925425105486f,-0.38646951673739194f,-0.05989970889351279f,0f,0f,0f,1f],start_interpolation:0}
execute if entity @s[tag=aj.eamon.bone.torso] run data modify entity @s {} merge value {transformation:[-1.0104166666666665f,-5.075225754498859e-19f,1.237393128544416e-16f,7.994854805564774e-18f,0f,1.010408167812905f,0.004144236328411125f,-0.15160154878689158f,-1.2374035366384712e-16f,0.004144236328411125f,-1.010408167812905f,-0.0652829437118613f,0f,0f,0f,1f],start_interpolation:0}
execute if entity @s[tag=aj.eamon.bone.rightleg] run data modify entity @s {} merge value {transformation:[-0.9659258262890683f,1.0173031343592902e-17f,0.25881904510252085f,-0.125f,-0.021499866410298118f,0.9965437892082165f,-0.08023859379917608f,0.6613225920276635f,-0.2579245119257184f,-0.08306910490988718f,-0.9625873830241857f,-0.051054137870733624f,0f,0f,0f,1f],start_interpolation:0}
execute if entity @s[tag=aj.eamon.bone.leftleg] run data modify entity @s {} merge value {transformation:[-0.9659258262890683f,1.0173031343592902e-17f,-0.25881904510252063f,0.125f,0.021499866410298118f,0.9965437892082165f,-0.08023859379917608f,0.6613225920276635f,0.2579245119257182f,-0.08306910490988718f,-0.9625873830241857f,-0.051054137870733596f,0f,0f,0f,1f],start_interpolation:0}