execute if entity @s[tag=aj.eamon.bone.rockingchair] run data modify entity @s {} merge value {transformation:[-1.2f,1.0558259923483529e-17f,1.4657784286077797e-16f,-1.5140716461127372e-17f,0f,1.1968989178172118f,-0.08621473498182987f,0.5678517336591145f,-1.4695761589768238e-16f,-0.08621473498182987f,-1.1968989178172118f,0.12363333225276815f,0f,0f,0f,1f],start_interpolation:0}
execute if entity @s[tag=aj.eamon.bone.head] run data modify entity @s {} merge value {transformation:[-1f,-1.2545932556799259e-17f,1.2182034888678832e-16f,5.461815784473886e-18f,0f,0.9947386378799534f,0.10244531374706752f,1.344034076144725f,-1.2246467991473532e-16f,0.10244531374706752f,-0.9947386378799534f,-0.04459911043965177f,0f,0f,0f,1f],start_interpolation:0}
execute if entity @s[tag=aj.eamon.bone.rightarm] run data modify entity @s {} merge value {transformation:[-0.9961946980917455f,0.08715574274765829f,4.8597353950254676e-17f,-0.34375f,0.03458579634596875f,0.39531746116707495f,-0.9178932005345358f,1.1565561909346642f,-0.07999966365561276f,-0.914400339786968f,-0.3968275096467817f,-0.047478790484955485f,0f,0f,0f,1f],start_interpolation:0}
execute if entity @s[tag=aj.eamon.bone.leftarm] run data modify entity @s {} merge value {transformation:[-0.9961946980917455f,-0.08715574274765807f,4.8597353950254676e-17f,0.34375f,-0.03458579634596875f,0.39531746116707495f,-0.9178932005345358f,1.1565561909346642f,0.07999966365561251f,-0.914400339786968f,-0.3968275096467817f,-0.0474787904849554f,0f,0f,0f,1f],start_interpolation:0}
execute if entity @s[tag=aj.eamon.bone.torso] run data modify entity @s {} merge value {transformation:[-1.0104166666666665f,-1.900440678637869e-18f,1.2372575904022958e-16f,8.28308854451361e-18f,0f,1.0102974925208823f,0.015518275799692033f,-0.15578900553576047f,-1.2374035366384712e-16f,0.015518275799692033f,-1.0102974925208823f,-0.06763655080208118f,0f,0f,0f,1f],start_interpolation:0}
execute if entity @s[tag=aj.eamon.bone.rightleg] run data modify entity @s {} merge value {transformation:[-0.9659258262890683f,8.798549936236274e-18f,0.25881904510252085f,-0.125f,-0.018595012818136747f,0.9974157648476766f,-0.06939753260468089f,0.6569234499085833f,-0.25815019582807613f,-0.07184561248485823f,-0.963429646814235f,-0.04425744901495557f,0f,0f,0f,1f],start_interpolation:0}
execute if entity @s[tag=aj.eamon.bone.leftleg] run data modify entity @s {} merge value {transformation:[-0.9659258262890683f,8.798549936236274e-18f,-0.25881904510252063f,0.125f,0.018595012818136747f,0.9974157648476766f,-0.06939753260468089f,0.6569234499085833f,0.2581501958280759f,-0.07184561248485823f,-0.963429646814235f,-0.04425744901495554f,0f,0f,0f,1f],start_interpolation:0}