execute if entity @s[tag=aj.eamon.bone.rockingchair] run data modify entity @s {} merge value {transformation:[-1.2f,-1.1057059675749293e-17f,1.465410601219251e-16f,-2.458386603884391e-17f,0f,1.196598563961076f,0.09028774405361324f,0.5865526981690612f,-1.4695761589768238e-16f,0.09028774405361324f,-1.196598563961076f,0.20074250025362542f,0f,0f,0f,1f],start_interpolation:0}
execute if entity @s[tag=aj.eamon.bone.head] run data modify entity @s {} merge value {transformation:[-1f,-3.0279721781457444e-17f,1.18662278233043e-16f,-1.8147544358479716e-17f,0f,0.968951034009645f,0.2472526919805724f,1.3790165724823604f,-1.2246467991473532e-16f,0.2472526919805724f,-0.968951034009645f,0.14818594529553128f,0f,0f,0f,1f],start_interpolation:0}
execute if entity @s[tag=aj.eamon.bone.rightarm] run data modify entity @s {} merge value {transformation:[-0.9961946980917455f,0.08715574274765828f,6.456071917398196e-17f,-0.34375f,0.045946614451195224f,0.5251722063119715f,-0.8497547071584183f,1.1939890647060767f,-0.07406100265571083f,-0.8465211339497202f,-0.5271782788223646f,0.1178367877108933f,0f,0f,0f,1f],start_interpolation:0}
execute if entity @s[tag=aj.eamon.bone.leftarm] run data modify entity @s {} merge value {transformation:[-0.9961946980917455f,-0.08715574274765808f,6.456071917398196e-17f,0.34375f,-0.045946614451195224f,0.5251722063119715f,-0.8497547071584183f,1.1939890647060767f,0.07406100265571058f,-0.8465211339497202f,-0.5271782788223646f,0.11783678771089338f,0f,0f,0f,1f],start_interpolation:0}
execute if entity @s[tag=aj.eamon.bone.torso] run data modify entity @s {} merge value {transformation:[-1.0104166666666665f,-2.0028882628922274e-17f,1.2210863599881384e-16f,1.1586054595796654e-17f,0f,0.9970926807944189f,0.1635482380949933f,-0.10120348972791116f,-1.2374035366384712e-16f,0.1635482380949933f,-0.9970926807944189f,-0.09460731538157222f,0f,0f,0f,1f],start_interpolation:0}
execute if entity @s[tag=aj.eamon.bone.rightleg] run data modify entity @s {} merge value {transformation:[-0.9659258262890683f,-9.214216396457745e-18f,0.25881904510252085f,-0.125f,0.019473489750347482f,0.9971654699675633f,0.07267605314896858f,0.6992883654075631f,-0.25808541474621116f,0.07523978671134438f,-0.9631878805253457f,0.0477334992026994f,0f,0f,0f,1f],start_interpolation:0}
execute if entity @s[tag=aj.eamon.bone.leftleg] run data modify entity @s {} merge value {transformation:[-0.9659258262890683f,-9.214216396457745e-18f,-0.25881904510252063f,0.125f,-0.019473489750347482f,0.9971654699675633f,0.07267605314896858f,0.6992883654075631f,0.25808541474621094f,0.07523978671134438f,-0.9631878805253457f,0.047733499202699425f,0f,0f,0f,1f],start_interpolation:0}