execute if entity @s[tag=aj.eamon.bone.rockingchair] run data modify entity @s {} merge value {transformation:[-1.2f,1.6030271199788292e-18f,1.4694887265434656e-16f,-1.9024386138443477e-17f,0f,1.1999286060001797f,-0.013089709793018846f,0.5543448759659634f,-1.4695761589768238e-16f,-0.013089709793018846f,-1.1999286060001797f,0.15534590178726632f,0f,0f,0f,1f],start_interpolation:0}
execute if entity @s[tag=aj.eamon.bone.head] run data modify entity @s {} merge value {transformation:[-1f,-1.9948942008827598e-17f,1.2082895985378263e-16f,-4.254856601682352e-18f,0f,0.9866433320848791f,0.16289547339458876f,1.339339305297829f,-1.2246467991473532e-16f,0.16289547339458876f,-0.9866433320848791f,0.03474354078779896f,0f,0f,0f,1f],start_interpolation:0}
execute if entity @s[tag=aj.eamon.bone.rightarm] run data modify entity @s {} merge value {transformation:[-0.9961946980917455f,0.08715574274765829f,5.535961311941369e-17f,-0.34375f,0.039398365332802825f,0.4503253763972356f,-0.8919948565893141f,1.1523856554907417f,-0.07774247425313263f,-0.8886005468593816f,-0.45204554617671977f,0.020440295568307856f,0f,0f,0f,1f],start_interpolation:0}
execute if entity @s[tag=aj.eamon.bone.leftarm] run data modify entity @s {} merge value {transformation:[-0.9961946980917455f,-0.08715574274765807f,5.535961311941369e-17f,0.34375f,-0.039398365332802825f,0.4503253763972356f,-0.8919948565893141f,1.1523856554907417f,0.07774247425313238f,-0.8886005468593816f,-0.45204554617671977f,0.02044029556830794f,0f,0f,0f,1f],start_interpolation:0}
execute if entity @s[tag=aj.eamon.bone.torso] run data modify entity @s {} merge value {transformation:[-1.0104166666666665f,-9.439405984002957e-18f,1.2337979064467218e-16f,9.758282178693175e-18f,0f,1.007472446182638f,0.07707859923836848f,-0.15628989315887076f,-1.2374035366384712e-16f,0.07707859923836848f,-1.007472446182638f,-0.07968242096812951f,0f,0f,0f,1f],start_interpolation:0}
execute if entity @s[tag=aj.eamon.bone.rightleg] run data modify entity @s {} merge value {transformation:[-0.9659258262890683f,1.335855933315691e-18f,0.25881904510252085f,-0.125f,-0.00282322182441521f,0.9999405050001497f,-0.010536407289754865f,0.6534857927515481f,-0.2588036466634712f,-0.010908091494182372f,-0.9658683585321779f,-0.006802683433901449f,0f,0f,0f,1f],start_interpolation:0}
execute if entity @s[tag=aj.eamon.bone.leftleg] run data modify entity @s {} merge value {transformation:[-0.9659258262890683f,1.335855933315691e-18f,-0.25881904510252063f,0.125f,0.00282322182441521f,0.9999405050001497f,-0.010536407289754865f,0.6534857927515481f,0.258803646663471f,-0.010908091494182372f,-0.9658683585321779f,-0.006802683433901418f,0f,0f,0f,1f],start_interpolation:0}