execute if entity @s[tag=aj.eamon.bone.rockingchair] run data modify entity @s {} merge value {transformation:[-1.2f,-1.7152726457739545e-19f,1.4695751579530817e-16f,-1.9798776601611805e-17f,0f,1.1999991826020835f,0.0014006264067061573f,0.5561840806824963f,-1.4695761589768238e-16f,0.0014006264067061573f,-1.1999991826020835f,0.1616692797906832f,0f,0f,0f,1f],start_interpolation:0}
execute if entity @s[tag=aj.eamon.bone.head] run data modify entity @s {} merge value {transformation:[-1f,-2.1406521826935996e-17f,1.2057926293476623e-16f,-6.1911625792601204e-18f,0f,0.9846044020097731f,0.17479751583754638f,1.342577575726164f,-1.2246467991473532e-16f,0.17479751583754638f,-0.9846044020097731f,0.05055467897822172f,0f,0f,0f,1f],start_interpolation:0}
execute if entity @s[tag=aj.eamon.bone.rightarm] run data modify entity @s {} merge value {transformation:[-0.9961946980917455f,0.08715574274765829f,5.667464638734561e-17f,-0.34375f,0.040334249060946195f,0.46102257635921756f,-0.8864712812267518f,1.1558102709155647f,-0.07726106293978585f,-0.8830979903686869f,-0.4627836077047252f,0.03399497325062242f,0f,0f,0f,1f],start_interpolation:0}
execute if entity @s[tag=aj.eamon.bone.leftarm] run data modify entity @s {} merge value {transformation:[-0.9961946980917455f,-0.08715574274765807f,5.667464638734561e-17f,0.34375f,-0.040334249060946195f,0.46102257635921756f,-0.8864712812267518f,1.1558102709155647f,0.0772610629397856f,-0.8830979903686869f,-0.4627836077047252f,0.03399497325062251f,0f,0f,0f,1f],start_interpolation:0}
execute if entity @s[tag=aj.eamon.bone.torso] run data modify entity @s {} merge value {transformation:[-1.0104166666666665f,-1.0928553830945958e-17f,1.2325681253390451e-16f,1.0032669912041098e-17f,0f,1.0064682537015628f,0.08923841419872933f,-0.15156086275863068f,-1.2374035366384712e-16f,0.08923841419872933f,-1.0064682537015628f,-0.08192296684257235f,0f,0f,0f,1f],start_interpolation:0}
execute if entity @s[tag=aj.eamon.bone.rightleg] run data modify entity @s {} merge value {transformation:[-0.9659258262890683f,-1.4293938714782955e-19f,0.25881904510252085f,-0.125f,0.0003020906576075521f,0.9999993188350697f,0.001127417682683278f,0.6572757464399823f,-0.258818868804064f,0.0011671886722551311f,-0.9659251683342701f,0.0007296632113920392f,0f,0f,0f,1f],start_interpolation:0}
execute if entity @s[tag=aj.eamon.bone.leftleg] run data modify entity @s {} merge value {transformation:[-0.9659258262890683f,-1.4293938714782955e-19f,-0.25881904510252063f,0.125f,-0.0003020906576075521f,0.9999993188350697f,0.001127417682683278f,0.6572757464399823f,0.2588188688040638f,0.0011671886722551311f,-0.9659251683342701f,0.0007296632113920697f,0f,0f,0f,1f],start_interpolation:0}