execute if entity @s[tag=aj.eamon.bone.rockingchair] run data modify entity @s {} merge value {transformation:[-1.2f,-1.2808200165987567e-17f,1.4639839780147443e-16f,-2.535924512850535e-17f,0f,1.1954336377100947f,0.10458689129718982f,0.5923537551890995f,-1.4695761589768238e-16f,0.10458689129718982f,-1.1954336377100947f,0.20707395100498727f,0f,0f,0f,1f],start_interpolation:0}
execute if entity @s[tag=aj.eamon.bone.head] run data modify entity @s {} merge value {transformation:[-1f,-3.1696191514317656e-17f,1.18291797137867e-16f,-2.0083623652649275e-17f,0f,0.9659258262890683f,0.25881904510252074f,1.3853893203250909f,-1.2246467991473532e-16f,0.25881904510252074f,-0.9659258262890683f,0.16399523247545555f,0f,0f,0f,1f],start_interpolation:0}
execute if entity @s[tag=aj.eamon.bone.rightarm] run data modify entity @s {} merge value {transformation:[-0.9961946980917455f,0.08715574274765828f,6.580022455450645e-17f,-0.34375f,0.046828746443493274f,0.5352550211218774f,-0.8433914458128856f,1.200737866635302f,-0.07350640788684348f,-0.8401820867347284f,-0.5372996083468239f,0.13143619916290608f,0f,0f,0f,1f],start_interpolation:0}
execute if entity @s[tag=aj.eamon.bone.leftarm] run data modify entity @s {} merge value {transformation:[-0.9961946980917455f,-0.08715574274765808f,6.580022455450645e-17f,0.34375f,-0.046828746443493274f,0.5352550211218774f,-0.8433914458128856f,1.200737866635302f,0.07350640788684323f,-0.8401820867347284f,-0.5372996083468239f,0.1314361991629062f,0f,0f,0f,1f],start_interpolation:0}
execute if entity @s[tag=aj.eamon.bone.torso] run data modify entity @s {} merge value {transformation:[-1.0104166666666665f,-2.1487286917588527e-17f,1.2186045964862924e-16f,1.1815029090987303e-17f,0f,0.9950661671060852f,0.17545701285096085f,-0.09182230919322132f,-1.2374035366384712e-16f,0.17545701285096085f,-0.9950661671060852f,-0.09647703402493996f,0f,0f,0f,1f],start_interpolation:0}
execute if entity @s[tag=aj.eamon.bone.rightleg] run data modify entity @s {} merge value {transformation:[-0.9659258262890683f,-1.0673500138322974e-17f,0.25881904510252085f,-0.125f,0.022557566113149838f,0.9961946980917455f,0.0841859828293692f,0.7069106219942555f,-0.25783416049629965f,0.08715574274765818f,-0.9622501868990583f,0.05542366469434996f,0f,0f,0f,1f],start_interpolation:0}
execute if entity @s[tag=aj.eamon.bone.leftleg] run data modify entity @s {} merge value {transformation:[-0.9659258262890683f,-1.0673500138322974e-17f,-0.25881904510252063f,0.125f,-0.022557566113149838f,0.9961946980917455f,0.0841859828293692f,0.7069106219942555f,0.2578341604962994f,0.08715574274765818f,-0.9622501868990583f,0.055423664694349985f,0f,0f,0f,1f],start_interpolation:0}