execute if entity @s[tag=aj.lysander.bone.rightarm] run data modify entity @s {} merge value {transformation:[-0.9989035354118327f,0.04681302335403746f,0.0005174806235855406f,-0.3125f,0.04678770917287487f,0.9978579722262283f,0.045720646702715285f,0.8120862557028996f,0.0016239495361384756f,0.04569472736557658f,-0.9989541304178534f,-0.007401997480509086f,0f,0f,0f,1f],start_interpolation:0}
execute if entity @s[tag=aj.lysander.bone.leftarm] run data modify entity @s {} merge value {transformation:[-0.9989035354118327f,-0.046813023354037475f,0.0005174806235855406f,0.3125f,-0.04678770917287487f,0.9986248217845629f,0.02365112230116525f,0.8120862557028996f,-0.0016239495361387202f,0.023600977950172693f,-0.9997201391528029f,-0.00740199748050901f,0f,0f,0f,1f],start_interpolation:0}
execute if entity @s[tag=aj.lysander.bone.torso] run data modify entity @s {} merge value {transformation:[-1f,-4.24805526568038e-18f,1.2239097945959212e-16f,2.2340005227053362e-18f,0f,0.9993981901133085f,0.03468800366471411f,0.4997743212924907f,-1.2246467991473532e-16f,0.03468800366471411f,-0.9993981901133085f,-0.018241998625732208f,0f,0f,0f,1f],start_interpolation:0}
execute if entity @s[tag=aj.lysander.bone.head] run data modify entity @s {} merge value {transformation:[-1f,-4.24805526568038e-18f,1.2239097945959212e-16f,6.40979798075194e-19f,0f,0.9993981901133085f,0.03468800366471411f,0.8745486425849814f,-1.2246467991473532e-16f,0.03468800366471411f,-0.9993981901133085f,-0.005233997251464416f,0f,0f,0f,1f],start_interpolation:0}