execute if entity @s[tag=aj.lysander.bone.rightarm] run data modify entity @s {} merge value {transformation:[-0.9986748262365419f,0.05146438937119705f,0.00008982239541060493f,-0.3125f,0.05143681007773926f,0.9980793929656888f,0.03452216543423446f,0.8121305285051295f,0.0016870122819581817f,0.03448103774383672f,-0.9994039283621355f,-0.008713656102610304f,0f,0f,0f,1f],start_interpolation:0}
execute if entity @s[tag=aj.lysander.bone.leftarm] run data modify entity @s {} merge value {transformation:[-0.9986748262365419f,-0.051464389371197065f,0.00008982239541060496f,0.3125f,-0.05143681007773926f,0.9981938171701041f,0.031038007867827497f,0.8121305285051295f,-0.0016870122819584263f,0.030992256936637583f,-0.9995182009345972f,-0.008713656102610228f,0f,0f,0f,1f],start_interpolation:0}
execute if entity @s[tag=aj.lysander.bone.torso] run data modify entity @s {} merge value {transformation:[-1f,-4.014408933588702e-18f,1.2239886579348887e-16f,2.3216178972397157e-18f,0f,0.999462586916552f,0.03278013657802143f,0.499798470093707f,-1.2246467991473532e-16f,0.03278013657802143f,-0.999462586916552f,-0.018957448783241963f,0f,0f,0f,1f],start_interpolation:0}
execute if entity @s[tag=aj.lysander.bone.head] run data modify entity @s {} merge value {transformation:[-1f,-4.014408933588702e-18f,1.2239886579348887e-16f,8.162145471439526e-19f,0f,0.999462586916552f,0.03278013657802143f,0.874596940187414f,-1.2246467991473532e-16f,0.03278013657802143f,-0.999462586916552f,-0.006664897566483925f,0f,0f,0f,1f],start_interpolation:0}