execute if entity @s[tag=aj.lysander.bone.rightarm] run data modify entity @s {} merge value {transformation:[-0.9989171113385246f,0.046522162806488396f,-0.0005413343739136386f,-0.3125f,0.046496970234627656f,0.9986470854427412f,0.02328154839607067f,0.8120811935756282f,0.0016237099796279654f,0.023231166663020133f,-0.9997288014563636f,-0.007256596017030622f,0f,0f,0f,1f],start_interpolation:0}
execute if entity @s[tag=aj.lysander.bone.leftarm] run data modify entity @s {} merge value {transformation:[-0.9989171113385246f,-0.04652531219774666f,1.2239007774061617e-16f,0.3125f,-0.04649697023462765f,0.9983085980241342f,0.03489949670250097f,0.8120811935756282f,-0.0016237099796282096f,0.034861704433230625f,-0.9993908270190958f,-0.007256596017030546f,0f,0f,0f,1f],start_interpolation:0}
execute if entity @s[tag=aj.lysander.bone.torso] run data modify entity @s {} merge value {transformation:[-1f,-4.273955692857142e-18f,1.2239007774061617e-16f,2.2242878625140507e-18f,0f,0.9993908270190958f,0.03489949670250097f,0.4997715601321609f,-1.2246467991473532e-16f,0.03489949670250097f,-0.9993908270190958f,-0.018162688736562137f,0f,0f,0f,1f],start_interpolation:0}
execute if entity @s[tag=aj.lysander.bone.head] run data modify entity @s {} merge value {transformation:[-1f,-4.273955692857142e-18f,1.2239007774061617e-16f,6.215544776926226e-19f,0f,0.9993908270190958f,0.03489949670250097f,0.8745431202643218f,-1.2246467991473532e-16f,0.03489949670250097f,-0.9993908270190958f,-0.005075377473124275f,0f,0f,0f,1f],start_interpolation:0}