execute if entity @s[tag=aj.lysander.bone.rightarm] run data modify entity @s {} merge value {transformation:[-0.9989440096178075f,0.04594039478499574f,-0.0005880269522059459f,-0.3125f,0.045917715232890205f,0.9987214711573817f,0.021142054702087625f,0.8121043161726837f,0.0015585494823671946f,0.021092728041521774f,-0.9997763088547745f,-0.007928149797483318f,0f,0f,0f,1f],start_interpolation:0}
execute if entity @s[tag=aj.lysander.bone.leftarm] run data modify entity @s {} merge value {transformation:[-0.9989440096178075f,-0.045944157938717145f,1.2239419657908483e-16f,0.3125f,-0.04591771523289021f,0.9983690772701709f,0.03392269120366068f,0.8121043161726837f,-0.0015585494823674394f,0.03388686916801152f,-0.99942445988754f,-0.007928149797483242f,0f,0f,0f,1f],start_interpolation:0}
execute if entity @s[tag=aj.lysander.bone.torso] run data modify entity @s {} merge value {transformation:[-1f,-4.154331520102713e-18f,1.2239419657908483e-16f,2.2691469272969615e-18f,0f,0.99942445988754f,0.03392269120366068f,0.4997841724578275f,-1.2246467991473532e-16f,0.03392269120366068f,-0.99942445988754f,-0.018528990798627243f,0f,0f,0f,1f],start_interpolation:0}
execute if entity @s[tag=aj.lysander.bone.head] run data modify entity @s {} merge value {transformation:[-1f,-4.154331520102713e-18f,1.2239419657908483e-16f,7.112726072584442e-19f,0f,0.99942445988754f,0.03392269120366068f,0.874568344915655f,-1.2246467991473532e-16f,0.03392269120366068f,-0.99942445988754f,-0.005807981597254486f,0f,0f,0f,1f],start_interpolation:0}