execute if entity @s[tag=aj.lysander.bone.rightarm] run data modify entity @s {} merge value {transformation:[-0.9988623004973624f,0.047685507306419954f,-0.000443889678193821f,-0.3125f,0.04766341071736505f,0.9986092179817513f,0.022535062473018397f,0.8121516543179715f,0.0015178682106190518f,0.02248826704760598f,-0.9997459546911358f,-0.009367267810554981f,0f,0f,0f,1f],start_interpolation:0}
execute if entity @s[tag=aj.lysander.bone.leftarm] run data modify entity @s {} merge value {transformation:[-0.9988623004973624f,-0.04768757327771082f,1.2240262894389999e-16f,0.3125f,-0.04766341071736505f,0.998356192323807f,0.03182942863919281f,0.8121516543179715f,-0.0015178682106192964f,0.031793216314060756f,-0.9994933153715949f,-0.009367267810554905f,0f,0f,0f,1f],start_interpolation:0}
execute if entity @s[tag=aj.lysander.bone.torso] run data modify entity @s {} merge value {transformation:[-1f,-3.8979807901676565e-18f,1.2240262894389999e-16f,2.3652784510226075e-18f,0f,0.9994933153715949f,0.03182942863919281f,0.4998099932643481f,-1.2246467991473532e-16f,0.03182942863919281f,-0.9994933153715949f,-0.019313964260302696f,0f,0f,0f,1f],start_interpolation:0}
execute if entity @s[tag=aj.lysander.bone.head] run data modify entity @s {} merge value {transformation:[-1f,-3.8979807901676565e-18f,1.2240262894389999e-16f,9.035356547097362e-19f,0f,0.9994933153715949f,0.03182942863919281f,0.8746199865286962f,-1.2246467991473532e-16f,0.03182942863919281f,-0.9994933153715949f,-0.007377928520605391f,0f,0f,0f,1f],start_interpolation:0}