execute if entity @s[tag=aj.uncle_alphon.bone.head] run data modify entity @s {} merge value {transformation:[-0.720839139590459f,0f,-0.6931023985202234f,-0.18749999999999997f,0f,1f,0f,1.375f,0.6931023985202234f,0f,-0.720839139590459f,-0.12500000000000003f,0f,0f,0f,1f],start_interpolation:0}
execute if entity @s[tag=aj.uncle_alphon.bone.basket] run data modify entity @s {} merge value {transformation:[-0.9107097639054418f,0.2364388122755251f,-0.3386804009343222f,-0.920696119550532f,0.3790544863885157f,0.8041527636614844f,-0.45788211260578354f,-1.7069365571817574f,0.16408967754259507f,-0.5453760360937541f,-0.8219729660874688f,2.229781192155134f,0f,0f,0f,1f],start_interpolation:0}
execute if entity @s[tag=aj.uncle_alphon.bone.leftarm] run data modify entity @s {} merge value {transformation:[-0.9107097639054418f,0.2364388122755251f,-0.3386804009343222f,-0.05129095283715582f,0.3790544863885157f,0.8041527636614844f,-0.45788211260578354f,1.25f,0.16408967754259507f,-0.5453760360937541f,-0.8219729660874688f,0.2243881730553999f,0f,0f,0f,1f],start_interpolation:0}
execute if entity @s[tag=aj.uncle_alphon.bone.righarm] run data modify entity @s {} merge value {transformation:[-0.8392798324931777f,0.5197036234472371f,-0.15974199994377145f,-0.3237090471628441f,0.41863562932538617f,0.805173587407207f,0.4200472640086431f,1.25f,0.3469201242787182f,0.285663504700235f,-0.8933324070315692f,-0.47438817305539993f,0f,0f,0f,1f],start_interpolation:0}
execute if entity @s[tag=aj.uncle_alphon.bone.torso] run data modify entity @s {} merge value {transformation:[-0.9317017948143997f,0f,-0.3632241257675844f,-0.18749999999999997f,0f,1f,0f,0.65625f,0.3632241257675844f,0f,-0.9317017948143997f,-0.12500000000000003f,0f,0f,0f,1f],start_interpolation:0}
execute if entity @s[tag=aj.uncle_alphon.bone.leftleg] run data modify entity @s {} merge value {transformation:[-1f,1.5925558000650172e-17f,1.2142476859762386e-16f,-0.1875f,0f,0.9915084796870781f,-0.13004204977090672f,0.5625f,-1.2246467991473532e-16f,-0.13004204977090672f,-0.9915084796870781f,-2.7755575615628914e-17f,0f,0f,0f,1f],start_interpolation:0}
execute if entity @s[tag=aj.uncle_alphon.bone.rightleg] run data modify entity @s {} merge value {transformation:[-1f,-1.5738562674926757e-17f,1.214491476773138e-16f,-0.18749999999999994f,0f,0.9917075499798916f,0.12851511705974783f,0.5625f,-1.2246467991473532e-16f,0.12851511705974783f,-0.9917075499798916f,-0.25f,0f,0f,0f,1f],start_interpolation:0}