execute if entity @s[tag=aj.uncle_alphon.bone.head] run data modify entity @s {} merge value {transformation:[-0.9952614022063083f,0f,-0.09723549392239929f,-0.18749999999999997f,0f,1f,0f,1.375f,0.09723549392239929f,0f,-0.9952614022063083f,-0.12500000000000003f,0f,0f,0f,1f],start_interpolation:0}
execute if entity @s[tag=aj.uncle_alphon.bone.basket] run data modify entity @s {} merge value {transformation:[-0.9984274045150578f,0.05296809393208732f,-0.018360254315409906f,-0.36813426585986775f,0.05454337860537867f,0.993504939591133f,-0.09986468273784123f,-2.4032002479746994f,0.012951361458753086f,-0.10070906629107897f,-0.9948316170102072f,0.6200491604336538f,0f,0f,0f,1f],start_interpolation:0}
execute if entity @s[tag=aj.uncle_alphon.bone.leftarm] run data modify entity @s {} merge value {transformation:[-0.9984274045150578f,0.05296809393208732f,-0.018360254315409906f,-0.17336618149877456f,0.05454337860537867f,0.993504939591133f,-0.09986468273784123f,1.25f,0.012951361458753086f,-0.10070906629107897f,-0.9948316170102072f,0.24973355224022095f,0f,0f,0f,1f],start_interpolation:0}
execute if entity @s[tag=aj.uncle_alphon.bone.righarm] run data modify entity @s {} merge value {transformation:[-0.997414006252507f,0.06337507644057751f,-0.03389542472775165f,-0.2016338185012254f,0.059603572611087785f,0.9929347430032717f,0.10260609274805058f,1.25f,0.04015861381221352f,0.10032046562480522f,-0.9941444009365559f,-0.499733552240221f,0f,0f,0f,1f],start_interpolation:0}
execute if entity @s[tag=aj.uncle_alphon.bone.torso] run data modify entity @s {} merge value {transformation:[-0.9992894726405892f,0f,-0.03769018266993447f,-0.18749999999999997f,0f,1f,0f,0.65625f,0.03769018266993447f,0f,-0.9992894726405892f,-0.12500000000000003f,0f,0f,0f,1f],start_interpolation:0}
execute if entity @s[tag=aj.uncle_alphon.bone.leftleg] run data modify entity @s {} merge value {transformation:[-1f,6.964203718763433e-18f,1.2226650274372836e-16f,-0.1875f,0f,0.9983817605929732f,-0.05686703891776945f,0.5625f,-1.2246467991473532e-16f,-0.05686703891776945f,-0.9983817605929732f,-2.7755575615628914e-17f,0f,0f,0f,1f],start_interpolation:0}
execute if entity @s[tag=aj.uncle_alphon.bone.rightleg] run data modify entity @s {} merge value {transformation:[-1f,-6.964203718763433e-18f,1.2226650274372836e-16f,-0.18749999999999994f,0f,0.9983817605929732f,0.05686703891776945f,0.5625f,-1.2246467991473532e-16f,0.05686703891776945f,-0.9983817605929732f,-0.25f,0f,0f,0f,1f],start_interpolation:0}