execute if entity @s[tag=aj.uncle_alphon.bone.head] run data modify entity @s {} merge value {transformation:[-0.788328899902462f,0f,-0.615254049623872f,-0.18749999999999997f,0f,1f,0f,1.375f,0.615254049623872f,0f,-0.788328899902462f,-0.12500000000000003f,0f,0f,0f,1f],start_interpolation:0}
execute if entity @s[tag=aj.uncle_alphon.bone.basket] run data modify entity @s {} merge value {transformation:[-0.9513371969210788f,0.15272515615978452f,-0.2676426057829989f,-0.6311642616999272f,0.23150473945023897f,0.9274564586884732f,-0.2936495749173042f,-2.1603344934156445f,0.2033791861681556f,-0.3413202951964707f,-0.9176804251593105f,1.486040834176514f,0f,0f,0f,1f],start_interpolation:0}
execute if entity @s[tag=aj.uncle_alphon.bone.leftarm] run data modify entity @s {} merge value {transformation:[-0.9513371969210788f,0.15272515615978452f,-0.2676426057829989f,-0.06958116722179378f,0.23150473945023897f,0.9274564586884732f,-0.2936495749173042f,1.25f,0.2033791861681556f,-0.3413202951964707f,-0.9176804251593105f,0.2309777364895527f,0f,0f,0f,1f],start_interpolation:0}
execute if entity @s[tag=aj.uncle_alphon.bone.righarm] run data modify entity @s {} merge value {transformation:[-0.9146747506487042f,0.3257688099786089f,-0.2392588200481891f,-0.30541883277820614f,0.2538958289253121f,0.9236674373236736f,0.2870111030644044f,1.25f,0.3144948466669357f,0.20177499268501659f,-0.9275666249638902f,-0.4809777364895528f,0f,0f,0f,1f],start_interpolation:0}
execute if entity @s[tag=aj.uncle_alphon.bone.torso] run data modify entity @s {} merge value {transformation:[-0.9492739639721406f,0f,-0.31445022074188317f,-0.18749999999999997f,0f,1f,0f,0.65625f,0.31445022074188317f,0f,-0.9492739639721406f,-0.12500000000000003f,0f,0f,0f,1f],start_interpolation:0}
execute if entity @s[tag=aj.uncle_alphon.bone.leftleg] run data modify entity @s {} merge value {transformation:[-1f,1.433734254821872e-17f,1.2162252437469637e-16f,-0.1875f,0f,0.9931232781515023f,-0.11707328642185595f,0.5625f,-1.2246467991473532e-16f,-0.11707328642185595f,-0.9931232781515023f,-2.7755575615628914e-17f,0f,0f,0f,1f],start_interpolation:0}
execute if entity @s[tag=aj.uncle_alphon.bone.rightleg] run data modify entity @s {} merge value {transformation:[-1f,-1.4749650880963563e-17f,1.2157321096980315e-16f,-0.18749999999999994f,0f,0.9927206036421862f,0.12044003945654244f,0.5625f,-1.2246467991473532e-16f,0.12044003945654244f,-0.9927206036421862f,-0.25f,0f,0f,0f,1f],start_interpolation:0}