execute if entity @s[tag=aj.uncle_alphon.bone.head] run data modify entity @s {} merge value {transformation:[-0.8888272691890371f,0f,-0.4582423873300669f,-0.18749999999999997f,0f,1f,0f,1.375f,0.4582423873300669f,0f,-0.8888272691890371f,-0.12500000000000003f,0f,0f,0f,1f],start_interpolation:0}
execute if entity @s[tag=aj.uncle_alphon.bone.basket] run data modify entity @s {} merge value {transformation:[-0.963503883321717f,0.2252547475673949f,-0.1446394328055813f,-0.946935386924997f,0.2614184210595138f,0.9080559441037194f,-0.32725343620602926f,-2.08899718861973f,0.05762530654774696f,-0.3531213687618637f,-0.9338011688625294f,1.5420829408543855f,0f,0f,0f,1f],start_interpolation:0}
execute if entity @s[tag=aj.uncle_alphon.bone.leftarm] run data modify entity @s {} merge value {transformation:[-0.963503883321717f,0.2252547475673949f,-0.1446394328055813f,-0.11865495581879443f,0.2614184210595138f,0.9080559441037194f,-0.32725343620602926f,1.25f,0.05762530654774696f,-0.3531213687618637f,-0.9338011688625294f,0.24362631470323418f,0f,0f,0f,1f],start_interpolation:0}
execute if entity @s[tag=aj.uncle_alphon.bone.righarm] run data modify entity @s {} merge value {transformation:[-0.9392918511206679f,0.33043646028265833f,-0.09242599274109099f,-0.2563450441812055f,0.2870157474933214f,0.9042757399911391f,0.31608123442293706f,1.25f,0.18802334724485423f,0.27036481239122984f,-0.9442193013868632f,-0.49362631470323426f,0f,0f,0f,1f],start_interpolation:0}
execute if entity @s[tag=aj.uncle_alphon.bone.torso] run data modify entity @s {} merge value {transformation:[-0.9830035058752912f,0f,-0.18358678448321478f,-0.18749999999999997f,0f,1f,0f,0.65625f,0.18358678448321478f,0f,-0.9830035058752912f,-0.12500000000000003f,0f,0f,0f,1f],start_interpolation:0}
execute if entity @s[tag=aj.uncle_alphon.bone.leftleg] run data modify entity @s {} merge value {transformation:[-1f,1.3247355426810829e-17f,1.217460693444118e-16f,-0.1875f,0f,0.9941320993871551f,-0.10817286613604962f,0.5625f,-1.2246467991473532e-16f,-0.10817286613604962f,-0.9941320993871551f,-2.7755575615628914e-17f,0f,0f,0f,1f],start_interpolation:0}
execute if entity @s[tag=aj.uncle_alphon.bone.rightleg] run data modify entity @s {} merge value {transformation:[-1f,-1.3247355426810829e-17f,1.217460693444118e-16f,-0.18749999999999994f,0f,0.9941320993871551f,0.10817286613604962f,0.5625f,-1.2246467991473532e-16f,0.10817286613604962f,-0.9941320993871551f,-0.25f,0f,0f,0f,1f],start_interpolation:0}