execute if entity @s[tag=aj.uncle_alphon.bone.head] run data modify entity @s {} merge value {transformation:[-0.7929740583616495f,0f,-0.6092554002759889f,-0.18749999999999997f,0f,1f,0f,1.375f,0.6092554002759889f,0f,-0.7929740583616495f,-0.12500000000000003f,0f,0f,0f,1f],start_interpolation:0}
execute if entity @s[tag=aj.uncle_alphon.bone.basket] run data modify entity @s {} merge value {transformation:[-0.9326087824576342f,0.27210757025754295f,-0.23706186764518933f,-1.0906408599047663f,0.3517032479015672f,0.832544321774191f,-0.4279892261459871f,-1.811334676410448f,0.08090540339419652f,-0.4825219399054187f,-0.8721392625100269f,2.0113976967930642f,0f,0f,0f,1f],start_interpolation:0}
execute if entity @s[tag=aj.uncle_alphon.bone.leftarm] run data modify entity @s {} merge value {transformation:[-0.9326087824576342f,0.27210757025754295f,-0.23706186764518933f,-0.09007870512600324f,0.3517032479015672f,0.832544321774191f,-0.4279892261459871f,1.25f,0.08090540339419652f,-0.4825219399054187f,-0.8721392625100269f,0.23712441412458476f,0f,0f,0f,1f],start_interpolation:0}
execute if entity @s[tag=aj.uncle_alphon.bone.righarm] run data modify entity @s {} merge value {transformation:[-0.8855438760564405f,0.45582821581464655f,-0.0896252266171293f,-0.2849212948739967f,0.3877978234209606f,0.8315637579735937f,0.3976362214069539f,1.25f,0.25578289960218453f,0.3173678529594178f,-0.9131553833707756f,-0.48712441412458485f,0f,0f,0f,1f],start_interpolation:0}
execute if entity @s[tag=aj.uncle_alphon.bone.torso] run data modify entity @s {} merge value {transformation:[-0.9656651043322261f,0f,-0.2597901196639913f,-0.18749999999999997f,0f,1f,0f,0.65625f,0.2597901196639913f,0f,-0.9656651043322261f,-0.12500000000000003f,0f,0f,0f,1f],start_interpolation:0}
execute if entity @s[tag=aj.uncle_alphon.bone.leftleg] run data modify entity @s {} merge value {transformation:[-1f,1.600244800134615e-17f,1.2141465926560428e-16f,-0.1875f,0f,0.9914259307266218f,-0.1306699042735234f,0.5625f,-1.2246467991473532e-16f,-0.1306699042735234f,-0.9914259307266218f,-2.7755575615628914e-17f,0f,0f,0f,1f],start_interpolation:0}
execute if entity @s[tag=aj.uncle_alphon.bone.rightleg] run data modify entity @s {} merge value {transformation:[-1f,-1.6059337107602394e-17f,1.2140714772320024e-16f,-0.18749999999999994f,0f,0.9913645943281656f,0.13113443907895345f,0.5625f,-1.2246467991473532e-16f,0.13113443907895345f,-0.9913645943281656f,-0.25f,0f,0f,0f,1f],start_interpolation:0}