execute if entity @s[tag=aj.uncle_alphon.bone.head] run data modify entity @s {} merge value {transformation:[-0.7395551283303041f,0f,-0.6730959903017899f,-0.18749999999999997f,0f,1f,0f,1.375f,0.6730959903017899f,0f,-0.7395551283303041f,-0.12500000000000003f,0f,0f,0f,1f],start_interpolation:0}
execute if entity @s[tag=aj.uncle_alphon.bone.basket] run data modify entity @s {} merge value {transformation:[-0.912564999478007f,0.2557651573252057f,-0.31907570579114597f,-1.0011578402748518f,0.3859567866874315f,0.7965472099761601f,-0.46534922487214664f,-1.6789703040691704f,0.1351387455085243f,-0.5478108492697165f,-0.8256154025239443f,2.242253582709367f,0f,0f,0f,1f],start_interpolation:0}
execute if entity @s[tag=aj.uncle_alphon.bone.leftarm] run data modify entity @s {} merge value {transformation:[-0.912564999478007f,0.2557651573252057f,-0.31907570579114597f,-0.060688096311367706f,0.3859567866874315f,0.7965472099761601f,-0.46534922487214664f,1.25f,0.1351387455085243f,-0.5478108492697165f,-0.8256154025239443f,0.22790755316777375f,0f,0f,0f,1f],start_interpolation:0}
execute if entity @s[tag=aj.uncle_alphon.bone.righarm] run data modify entity @s {} merge value {transformation:[-0.8447036398894036f,0.5196504567795904f,-0.12821530145172177f,-0.31431190368863227f,0.4264448905550295f,0.7981813700946843f,0.4255011818471033f,1.25f,0.323450948486941f,0.3047456368884316f,-0.8958289907791344f,-0.4779075531677738f,0f,0f,0f,1f],start_interpolation:0}
execute if entity @s[tag=aj.uncle_alphon.bone.torso] run data modify entity @s {} merge value {transformation:[-0.9410868084473967f,0f,-0.33816507650301936f,-0.18749999999999997f,0f,1f,0f,0.65625f,0.33816507650301936f,0f,-0.9410868084473967f,-0.12500000000000003f,0f,0f,0f,1f],start_interpolation:0}
execute if entity @s[tag=aj.uncle_alphon.bone.leftleg] run data modify entity @s {} merge value {transformation:[-1f,1.5954210363435626e-17f,1.214210072363832e-16f,-0.1875f,0f,0.9914777658417204f,-0.13027601406824865f,0.5625f,-1.2246467991473532e-16f,-0.13027601406824865f,-0.9914777658417204f,-2.7755575615628914e-17f,0f,0f,0f,1f],start_interpolation:0}
execute if entity @s[tag=aj.uncle_alphon.bone.rightleg] run data modify entity @s {} merge value {transformation:[-1f,-1.5858722301685917e-17f,1.2143351577540934e-16f,-0.18749999999999994f,0f,0.9915799058141178f,0.12949629487234504f,0.5625f,-1.2246467991473532e-16f,0.12949629487234504f,-0.9915799058141178f,-0.25f,0f,0f,0f,1f],start_interpolation:0}