execute if entity @s[tag=aj.uncle_alphon.bone.head] run data modify entity @s {} merge value {transformation:[-0.7102422430475354f,0f,-0.7039573539574719f,-0.18749999999999997f,0f,1f,0f,1.375f,0.7039573539574719f,0f,-0.7102422430475354f,-0.12500000000000003f,0f,0f,0f,1f],start_interpolation:0}
execute if entity @s[tag=aj.uncle_alphon.bone.basket] run data modify entity @s {} merge value {transformation:[-0.9111434042069589f,0.22071205334827385f,-0.3479998368921208f,-0.857443050026804f,0.36793271231499564f,0.8160296466084617f,-0.4457814880236726f,-1.750608843043688f,0.1855888363525259f,-0.5342113864032269f,-0.8247272145736778f,2.18656430878217f,0f,0f,0f,1f],start_interpolation:0}
execute if entity @s[tag=aj.uncle_alphon.bone.leftarm] run data modify entity @s {} merge value {transformation:[-0.9111434042069589f,0.22071205334827385f,-0.3479998368921208f,-0.04586648317576644f,0.36793271231499564f,0.8160296466084617f,-0.4457814880236726f,1.25f,0.1855888363525259f,-0.5342113864032269f,-0.8247272145736778f,0.22222463465600986f,0f,0f,0f,1f],start_interpolation:0}
execute if entity @s[tag=aj.uncle_alphon.bone.righarm] run data modify entity @s {} merge value {transformation:[-0.8392728957896988f,0.5110554185418861f,-0.1855892388360678f,-0.32913351682423353f,0.4060759983304215f,0.8161568680114235f,0.41108423756906f,1.25f,0.3615567589918972f,0.2696485230383462f,-0.8925056773211661f,-0.47222463465600995f,0f,0f,0f,1f],start_interpolation:0}
execute if entity @s[tag=aj.uncle_alphon.bone.torso] run data modify entity @s {} merge value {transformation:[-0.925932359082693f,0f,-0.37768937819795606f,-0.18749999999999997f,0f,1f,0f,0.65625f,0.37768937819795606f,0f,-0.925932359082693f,-0.12500000000000003f,0f,0f,0f,1f],start_interpolation:0}
execute if entity @s[tag=aj.uncle_alphon.bone.leftleg] run data modify entity @s {} merge value {transformation:[-1f,1.594172100158564e-17f,1.214226476326644e-16f,-0.1875f,0f,0.9914911606938717f,-0.13017403068937825f,0.5625f,-1.2246467991473532e-16f,-0.13017403068937825f,-0.9914911606938717f,-2.7755575615628914e-17f,0f,0f,0f,1f],start_interpolation:0}
execute if entity @s[tag=aj.uncle_alphon.bone.rightleg] run data modify entity @s {} merge value {transformation:[-1f,-1.580360068461967e-17f,1.214407017108336e-16f,-0.18749999999999994f,0f,0.991638583429813f,0.12904619271142304f,0.5625f,-1.2246467991473532e-16f,0.12904619271142304f,-0.991638583429813f,-0.25f,0f,0f,0f,1f],start_interpolation:0}