execute if entity @s[tag=aj.uncle_alphon.bone.head] run data modify entity @s {} merge value {transformation:[-0.727852154222758f,0f,-0.6857340895662769f,-0.18749999999999997f,0f,1f,0f,1.375f,0.6857340895662769f,0f,-0.727852154222758f,-0.12500000000000003f,0f,0f,0f,1f],start_interpolation:0}
execute if entity @s[tag=aj.uncle_alphon.bone.basket] run data modify entity @s {} merge value {transformation:[-0.91118149579869f,0.2444002945669904f,-0.33168777145024564f,-0.9534866339157257f,0.382740444889948f,0.8001138579812448f,-0.4618739721090736f,-1.692085165261482f,0.15250584762397387f,-0.5478013419862505f,-0.8225908193984154f,2.240049459889344f,0f,0f,0f,1f],start_interpolation:0}
execute if entity @s[tag=aj.uncle_alphon.bone.leftarm] run data modify entity @s {} merge value {transformation:[-0.91118149579869f,0.2444002945669904f,-0.33168777145024564f,-0.054806435018416255f,0.382740444889948f,0.8001138579812448f,-0.4618739721090736f,1.25f,0.15250584762397387f,-0.5478013419862505f,-0.8225908193984154f,0.22573838941934796f,0f,0f,0f,1f],start_interpolation:0}
execute if entity @s[tag=aj.uncle_alphon.bone.righarm] run data modify entity @s {} merge value {transformation:[-0.8408397479702472f,0.5210174286287542f,-0.14672885639304914f,-0.3201935649815837f,0.4228044980639044f,0.80145645536359f,0.42297033769870873f,1.25f,0.33797170687834344f,0.2936126516707187f,-0.8941849563309754f,-0.475738389419348f,0f,0f,0f,1f],start_interpolation:0}
execute if entity @s[tag=aj.uncle_alphon.bone.torso] run data modify entity @s {} merge value {transformation:[-0.935302371784928f,0f,-0.3538495066175566f,-0.18749999999999997f,0f,1f,0f,0.65625f,0.3538495066175566f,0f,-0.935302371784928f,-0.12500000000000003f,0f,0f,0f,1f],start_interpolation:0}
execute if entity @s[tag=aj.uncle_alphon.bone.leftleg] run data modify entity @s {} merge value {transformation:[-1f,1.5931937912470826e-17f,1.214239316649389e-16f,-0.1875f,0f,0.9915016456130777f,-0.13009414570440442f,0.5625f,-1.2246467991473532e-16f,-0.13009414570440442f,-0.9915016456130777f,-2.7755575615628914e-17f,0f,0f,0f,1f],start_interpolation:0}
execute if entity @s[tag=aj.uncle_alphon.bone.rightleg] run data modify entity @s {} merge value {transformation:[-1f,-1.5766048134652167e-17f,1.214455826814397e-16f,-0.18749999999999994f,0f,0.991678439579435f,0.12873955287050196f,0.5625f,-1.2246467991473532e-16f,0.12873955287050196f,-0.991678439579435f,-0.25f,0f,0f,0f,1f],start_interpolation:0}