execute if entity @s[tag=aj.uncle_alphon.bone.head] run data modify entity @s {} merge value {transformation:[-0.7906401167462636f,0f,-0.6122811493027158f,-0.18749999999999997f,0f,1f,0f,1.375f,0.6122811493027158f,0f,-0.7906401167462636f,-0.12500000000000003f,0f,0f,0f,1f],start_interpolation:0}
execute if entity @s[tag=aj.uncle_alphon.bone.basket] run data modify entity @s {} merge value {transformation:[-0.9293634984410424f,0.27709708764234914f,-0.24392763637102463f,-1.1073974838458052f,0.36046597240122297f,0.8237463912362599f,-0.4376141744346033f,-1.7789839544944996f,0.07967289693658267f,-0.4946302527599448f,-0.8654438991340604f,2.055489401371278f,0f,0f,0f,1f],start_interpolation:0}
execute if entity @s[tag=aj.uncle_alphon.bone.leftarm] run data modify entity @s {} merge value {transformation:[-0.9293634984410424f,0.27709708764234914f,-0.24392763637102463f,-0.08848845888947707f,0.36046597240122297f,0.8237463912362599f,-0.4376141744346033f,1.25f,0.07967289693658267f,-0.4946302527599448f,-0.8654438991340604f,0.2366928458332003f,0f,0f,0f,1f],start_interpolation:0}
execute if entity @s[tag=aj.uncle_alphon.bone.righarm] run data modify entity @s {} merge value {transformation:[-0.880219979196441f,0.4669047351890211f,-0.08492794876533108f,-0.2865115411105229f,0.3976596134414717f,0.8233360770756322f,0.40495004139188306f,1.25f,0.2589973360113883f,0.32267270173316265f,-0.9103860211444512f,-0.4866928458332004f,0f,0f,0f,1f],start_interpolation:0}
execute if entity @s[tag=aj.uncle_alphon.bone.torso] run data modify entity @s {} merge value {transformation:[-0.9645142555552009f,0f,-0.26403077629472776f,-0.18749999999999997f,0f,1f,0f,0.65625f,0.26403077629472776f,0f,-0.9645142555552009f,-0.12500000000000003f,0f,0f,0f,1f],start_interpolation:0}
execute if entity @s[tag=aj.uncle_alphon.bone.leftleg] run data modify entity @s {} merge value {transformation:[-1f,1.6027973683179645e-17f,1.2141129225170894e-16f,-0.1875f,0f,0.9913984369717065f,-0.13087833728336157f,0.5625f,-1.2246467991473532e-16f,-0.13087833728336157f,-0.9913984369717065f,-2.7755575615628914e-17f,0f,0f,0f,1f],start_interpolation:0}
execute if entity @s[tag=aj.uncle_alphon.bone.rightleg] run data modify entity @s {} merge value {transformation:[-1f,-1.616606040374427e-17f,1.2139298298353603e-16f,-0.18749999999999994f,0f,0.9912489304512497f,0.13200590092588094f,0.5625f,-1.2246467991473532e-16f,0.13200590092588094f,-0.9912489304512497f,-0.25f,0f,0f,0f,1f],start_interpolation:0}