execute if entity @s[tag=aj.uncle_alphon.bone.head] run data modify entity @s {} merge value {transformation:[-0.9214568408214987f,0f,-0.38848074663136567f,-0.18749999999999997f,0f,1f,0f,1.375f,0.38848074663136567f,0f,-0.9214568408214987f,-0.12500000000000003f,0f,0f,0f,1f],start_interpolation:0}
execute if entity @s[tag=aj.uncle_alphon.bone.basket] run data modify entity @s {} merge value {transformation:[-0.9740365520371913f,0.19692977388330435f,-0.11167568873201901f,-0.854128104455004f,0.22108290428990782f,0.9336072341602542f,-0.28195723391035715f,-2.1829514061085944f,0.048735456561313145f,-0.29932623754343857f,-0.9529053776697083f,1.3462130516070745f,0f,0f,0f,1f],start_interpolation:0}
execute if entity @s[tag=aj.uncle_alphon.bone.leftarm] run data modify entity @s {} merge value {transformation:[-0.9740365520371913f,0.19692977388330435f,-0.11167568873201901f,-0.13000095609863985f,0.22108290428990782f,0.9336072341602542f,-0.28195723391035715f,1.25f,0.048735456561313145f,-0.29932623754343857f,-0.9529053776697083f,0.24556559466635516f,0f,0f,0f,1f],start_interpolation:0}
execute if entity @s[tag=aj.uncle_alphon.bone.righarm] run data modify entity @s {} merge value {transformation:[-0.9570559258348664f,0.2759257099637037f,-0.08893231923992877f,-0.2449990439013601f,0.24238237205652302f,0.9298887680487504f,0.27669055779522084f,1.25f,0.15904320337763503f,0.24325271147060887f,-0.9568350839207229f,-0.4955655946663552f,0f,0f,0f,1f],start_interpolation:0}
execute if entity @s[tag=aj.uncle_alphon.bone.torso] run data modify entity @s {} merge value {transformation:[-0.9881749191102805f,0f,-0.15333078373696035f,-0.18749999999999997f,0f,1f,0f,0.65625f,0.15333078373696035f,0f,-0.9881749191102805f,-0.12500000000000003f,0f,0f,0f,1f],start_interpolation:0}
execute if entity @s[tag=aj.uncle_alphon.bone.leftleg] run data modify entity @s {} merge value {transformation:[-1f,1.1993002072626926e-17f,1.2187602605887894e-16f,-0.1875f,0f,0.9951932764919141f,-0.09793029370571923f,0.5625f,-1.2246467991473532e-16f,-0.09793029370571923f,-0.9951932764919141f,-2.7755575615628914e-17f,0f,0f,0f,1f],start_interpolation:0}
execute if entity @s[tag=aj.uncle_alphon.bone.rightleg] run data modify entity @s {} merge value {transformation:[-1f,-1.1993002072626926e-17f,1.2187602605887894e-16f,-0.18749999999999994f,0f,0.9951932764919141f,0.09793029370571923f,0.5625f,-1.2246467991473532e-16f,0.09793029370571923f,-0.9951932764919141f,-0.25f,0f,0f,0f,1f],start_interpolation:0}