execute if entity @s[tag=aj.elowen.bone.head] run data modify entity @s {} merge value {transformation:[-0.9239758992249427f,-1.6951509761321009e-18f,0.3824506996352061f,-0.24999999999999997f,0.0052938665847198085f,0.9999041955078218f,0.012789635743009344f,1.3783946239530045f,-0.38241405914014437f,0.013841958165508055f,-0.9238873781831326f,-0.2404597026381687f,0f,0f,0f,1f],start_interpolation:0}
execute if entity @s[tag=aj.elowen.bone.rightarm] run data modify entity @s {} merge value {transformation:[-0.9926519607452164f,0.1210044826800941f,1.2245294724826633e-16f,-0.59375f,0.12099288990707965f,0.9925568602282075f,0.013841958165508055f,1.2846536056241462f,0.001674938987096685f,0.013740246913544845f,-0.9999041955078218f,-0.24175738621618512f,0f,0f,0f,1f],start_interpolation:0}
execute if entity @s[tag=aj.elowen.bone.leftarm] run data modify entity @s {} merge value {transformation:[-0.9956521444682933f,-0.09314938118790003f,1.2245294724826633e-16f,0.09375000000000003f,-0.09314045705873862f,0.9955567565202065f,0.013841958165508055f,1.2846536056241462f,-0.001289369837545997f,0.013781775331128485f,-0.9999041955078218f,-0.24175738621618503f,0f,0f,0f,1f],start_interpolation:0}
execute if entity @s[tag=aj.elowen.bone.torso] run data modify entity @s {} merge value {transformation:[-1f,-1.6951509761321009e-18f,1.2245294724826633e-16f,-0.24999999999999997f,0f,0.9999041955078218f,0.013841958165508055f,0.7222074956509964f,-1.2246467991473532e-16f,0.013841958165508055f,-0.9999041955078218f,-0.24954348768428336f,0f,0f,0f,1f],start_interpolation:0}