execute if entity @s[tag=aj.elowen.bone.head] run data modify entity @s {} merge value {transformation:[-0.999403257475159f,-1.3061713844055525e-18f,0.03454169868493877f,-0.24999999999999997f,0.0003684113527462631f,0.9999431198173294f,0.010659334081505068f,1.3776273195637918f,-0.034539733946807816f,0.010665698757510817f,-0.9993464112353122f,-0.2426531120585437f,0f,0f,0f,1f],start_interpolation:0}
execute if entity @s[tag=aj.elowen.bone.rightarm] run data modify entity @s {} merge value {transformation:[-0.9844734068420293f,0.17553378939921566f,1.2245771410137109e-16f,-0.59375f,0.17552380500520978f,0.9844174098148138f,0.010665698757510817f,1.283882652080917f,0.0018721905194962593f,0.010500096792157495f,-0.9999431198173294f,-0.24365302131706038f,0f,0f,0f,1f],start_interpolation:0}
execute if entity @s[tag=aj.elowen.bone.leftarm] run data modify entity @s {} merge value {transformation:[-0.9960525496657037f,-0.08876552430111015f,1.2245771410137109e-16f,0.09375000000000003f,-0.08876047530187305f,0.9959958940147292f,0.010665698757510817f,1.283882652080917f,-0.0009467463422482687f,0.010623596441384968f,-0.9999431198173294f,-0.2436530213170603f,0f,0f,0f,1f],start_interpolation:0}
execute if entity @s[tag=aj.elowen.bone.torso] run data modify entity @s {} merge value {transformation:[-1f,-1.3061713844055525e-18f,1.2245771410137109e-16f,-0.24999999999999997f,0f,0.9999431198173294f,0.010665698757510817f,0.7214146471836692f,-1.2246467991473532e-16f,0.010665698757510817f,-0.9999431198173294f,-0.24965247686816017f,0f,0f,0f,1f],start_interpolation:0}