execute if entity @s[tag=aj.elowen.bone.head] run data modify entity @s {} merge value {transformation:[-0.9995879432550229f,-1.6951509761321013e-18f,-0.02870441950629115f,-0.24999999999999997f,-0.00039732537397127725f,0.9999041955078218f,0.01383625449328227f,1.3783946239530045f,0.02870166949395708f,0.013841958165508058f,-0.9994921782397319f,-0.2404597026381687f,0f,0f,0f,1f],start_interpolation:0}
execute if entity @s[tag=aj.elowen.bone.rightarm] run data modify entity @s {} merge value {transformation:[-0.9746151558463244f,0.22388679727631283f,1.2245294724826633e-16f,-0.59375f,0.2238653479153944f,0.9745217833362494f,0.013841958165508058f,1.2846536056241462f,0.0030990316817081863f,0.013490582214694968f,-0.9999041955078218f,-0.24175738621618512f,0f,0f,0f,1f],start_interpolation:0}
execute if entity @s[tag=aj.elowen.bone.leftarm] run data modify entity @s {} merge value {transformation:[-0.9927708288571623f,-0.12002533636804803f,1.2245294724826633e-16f,0.09375000000000003f,-0.12001383740164878f,0.9926757169520544f,0.013841958165508058f,1.2846536056241462f,-0.0016613856848076754f,0.013741892280977587f,-0.9999041955078218f,-0.24175738621618503f,0f,0f,0f,1f],start_interpolation:0}
execute if entity @s[tag=aj.elowen.bone.torso] run data modify entity @s {} merge value {transformation:[-1f,-1.6951509761321013e-18f,1.2245294724826633e-16f,-0.24999999999999997f,0f,0.9999041955078218f,0.013841958165508058f,0.7222074956509964f,-1.2246467991473532e-16f,0.013841958165508058f,-0.9999041955078218f,-0.24954348768428336f,0f,0f,0f,1f],start_interpolation:0}