execute if entity @s[tag=aj.elowen.bone.head] run data modify entity @s {} merge value {transformation:[-0.927908086150436f,-2.1285769267598525e-18f,0.37280904449414204f,-0.24999999999999997f,0.0064798497881194805f,0.9998489364085559f,0.016128109294115407f,1.3792414311899577f,-0.3727527266209579f,0.01738114963630208f,-0.927767913022412f,-0.2380126937271813f,0f,0f,0f,1f],start_interpolation:0}
execute if entity @s[tag=aj.elowen.bone.rightarm] run data modify entity @s {} merge value {transformation:[-0.9924622678489103f,0.12255058913035745f,1.2244617996036235e-16f,-0.59375f,0.12253207619822983f,0.9923123429343563f,0.01738114963630208f,1.2855055934016555f,0.0021300701276915964f,0.01725013518586564f,-0.9998489364085559f,-0.2396421765055847f,0f,0f,0f,1f],start_interpolation:0}
execute if entity @s[tag=aj.elowen.bone.leftarm] run data modify entity @s {} merge value {transformation:[-0.9961843387617109f,-0.08727406949313754f,1.2244617996036235e-16f,0.09375000000000003f,-0.08726088555875997f,0.9960338515777571f,0.01738114963630208f,1.2855055934016555f,-0.001516923661229372f,0.017314829057357928f,-0.9998489364085559f,-0.23964217650558461f,0f,0f,0f,1f],start_interpolation:0}
execute if entity @s[tag=aj.elowen.bone.torso] run data modify entity @s {} merge value {transformation:[-1f,-2.1285769267598525e-18f,1.2244617996036235e-16f,-0.24999999999999997f,0f,0.9998489364085559f,0.01738114963630208f,0.7230905666718429f,-1.2246467991473532e-16f,0.01738114963630208f,-0.9998489364085559f,-0.24941907317600456f,0f,0f,0f,1f],start_interpolation:0}