execute if entity @s[tag=aj.elowen.bone.head] run data modify entity @s {} merge value {transformation:[-0.9265510347923862f,-2.1373033680837913e-18f,0.3761690842229838f,-0.24999999999999997f,0.006565055747000244f,0.9998476951563913f,0.01617054524408234f,1.3792583920293398f,-0.37611179184944077f,0.01745240643728351f,-0.9264099165819366f,-0.23796339436346542f,0f,0f,0f,1f],start_interpolation:0}
execute if entity @s[tag=aj.elowen.bone.rightarm] run data modify entity @s {} merge value {transformation:[-0.9924962068785106f,0.12227542407110563f,1.2244602795081332e-16f,-0.59375f,0.12225680093176529f,0.9923450448989397f,0.01745240643728351f,1.2855226706084282f,0.0021340003981800137f,0.017321447189906f,-0.9998476951563913f,-0.2395995574669608f,0f,0f,0f,1f],start_interpolation:0}
execute if entity @s[tag=aj.elowen.bone.leftarm] run data modify entity @s {} merge value {transformation:[-0.9961946980917455f,-0.08715574274765818f,1.2244602795081332e-16f,0.09375000000000003f,-0.0871424685058894f,0.9960429728140489f,0.01745240643728351f,1.2855226706084282f,-0.0015210774457755775f,0.017385994761764074f,-0.9998476951563913f,-0.2395995574669607f,0f,0f,0f,1f],start_interpolation:0}
execute if entity @s[tag=aj.elowen.bone.torso] run data modify entity @s {} merge value {transformation:[-1f,-2.1373033680837913e-18f,1.2244602795081332e-16f,-0.24999999999999997f,0f,0.9998476951563913f,0.01745240643728351f,0.7231083420829582f,-1.2246467991473532e-16f,0.01745240643728351f,-0.9998476951563913f,-0.24941653608793274f,0f,0f,0f,1f],start_interpolation:0}