execute if entity @s[tag=aj.elowen.bone.head] run data modify entity @s {} merge value {transformation:[-0.9265345453029185f,-1.1603597987557118e-18f,0.3762096973235993f,-0.24999999999999997f,0.0035646082526022524f,0.999955110641747f,0.008778967448218091f,1.3773379027673642f,-0.3761928095117179f,0.00947505680465257f,-0.9264929537617806f,-0.24347467610723814f,0f,0f,0f,1f],start_interpolation:0}
execute if entity @s[tag=aj.elowen.bone.rightarm] run data modify entity @s {} merge value {transformation:[-0.9926573583690271f,0.12096019541909182f,1.224591825538453e-16f,-0.59375f,0.1209547655935453f,0.9926127986172448f,0.00947505680465257f,1.2835921111447004f,0.001146104722697649f,0.00940548485810291f,-0.999955110641747f,-0.24436296268267435f,0f,0f,0f,1f],start_interpolation:0}
execute if entity @s[tag=aj.elowen.bone.leftarm] run data modify entity @s {} merge value {transformation:[-0.9949477726794559f,-0.10039387252312604f,1.224591825538453e-16f,0.09375000000000003f,-0.10038936590661594f,0.994903110112445f,0.00947505680465257f,1.2835921111447004f,-0.0009512376449957898f,0.009427186663800383f,-0.999955110641747f,-0.24436296268267427f,0f,0f,0f,1f],start_interpolation:0}
execute if entity @s[tag=aj.elowen.bone.torso] run data modify entity @s {} merge value {transformation:[-1f,-1.1603597987557118e-18f,1.224591825538453e-16f,-0.24999999999999997f,0f,0.999955110641747f,0.00947505680465257f,0.7211173614087177f,-1.2246467991473532e-16f,0.00947505680465257f,-0.999955110641747f,-0.2496926821352914f,0f,0f,0f,1f],start_interpolation:0}