execute if entity @s[tag=aj.elowen.bone.head] run data modify entity @s {} merge value {transformation:[-0.9710792956586707f,9.789242166596622e-19f,0.23875720207579101f,-0.24999999999999997f,-0.0019085111493095386f,0.9999680512858994f,-0.007762344534595072f,1.3729796545476924f,-0.23874957409020242f,-0.007993522845454112f,-0.9710482709238847f,-0.2554875597777246f,0f,0f,0f,1f],start_interpolation:0}
execute if entity @s[tag=aj.elowen.bone.rightarm] run data modify entity @s {} merge value {transformation:[-0.9907307108934127f,0.13584056276618256f,1.224607673256893e-16f,-0.59375f,0.13583622283487948f,0.9906990583211797f,-0.007993522845454112f,1.2792326497396393f,-0.001085844641810945f,-0.00791942857121947f,-0.9999680512858994f,-0.2547381670109633f,0f,0f,0f,1f],start_interpolation:0}
execute if entity @s[tag=aj.elowen.bone.leftarm] run data modify entity @s {} merge value {transformation:[-0.991679589911166f,-0.1287306915759469f,1.224607673256893e-16f,0.09375000000000003f,-0.12872657879588578f,0.9916479070234685f,-0.007993522845454112f,1.2792326497396393f,0.0010290117240233175f,-0.007927013457325487f,-0.9999680512858994f,-0.25473816701096325f,0f,0f,0f,1f],start_interpolation:0}
execute if entity @s[tag=aj.elowen.bone.torso] run data modify entity @s {} merge value {transformation:[-1f,9.789242166596622e-19f,1.224607673256893e-16f,-0.24999999999999997f,0f,0.9999680512858994f,-0.007993522845454112f,0.7167506208913208f,-1.2246467991473532e-16f,-0.007993522845454112f,-0.9999680512858994f,-0.25024181041039534f,0f,0f,0f,1f],start_interpolation:0}