execute if entity @s[tag=aj.elowen.bone.head] run data modify entity @s {} merge value {transformation:[-0.9846122582811427f,3.761838996148836e-19f,0.1747532570297568f,-0.24999999999999997f,-0.0005368026254233159f,0.9999952820891121f,-0.0030245069777400375f,1.374228812773086f,-0.17475243255946277f,-0.0030717746527145415f,-0.9846076129682491f,-0.25211066559601936f,0f,0f,0f,1f],start_interpolation:0}
execute if entity @s[tag=aj.elowen.bone.rightarm] run data modify entity @s {} merge value {transformation:[-0.9890974700494185f,0.14726233307210504f,1.2246410213728858e-16f,-0.59375f,0.14726163830154046f,0.9890928035756954f,-0.0030717746527145415f,1.2804792550772317f,-0.0004523567020306197f,-0.0030382845375618657f,-0.9999952820891121f,-0.2518226867223274f,0f,0f,0f,1f],start_interpolation:0}
execute if entity @s[tag=aj.elowen.bone.leftarm] run data modify entity @s {} merge value {transformation:[-0.9931222023630123f,-0.11708241188855005f,1.2246410213728858e-16f,0.09375000000000003f,-0.11708185950416422f,0.9931175169009608f,-0.0030717746527145415f,1.2804792550772317f,0.0003596507851178101f,-0.003050647608266757f,-0.9999952820891121f,-0.2518226867223273f,0f,0f,0f,1f],start_interpolation:0}
execute if entity @s[tag=aj.elowen.bone.torso] run data modify entity @s {} merge value {transformation:[-1f,3.761838996148836e-19f,1.2246410213728858e-16f,-0.24999999999999997f,0f,0.9999952820891121f,-0.0030717746527145415f,0.7179819089021061f,-1.2246467991473532e-16f,-0.0030717746527145415f,-0.9999952820891121f,-0.2500948134801754f,0f,0f,0f,1f],start_interpolation:0}