execute if entity @s[tag=aj.elowen.bone.head] run data modify entity @s {} merge value {transformation:[-0.999578768714555f,-1.8039103882776116e-18f,-0.029022149043348072f,-0.24999999999999997f,-0.00042749759510976875f,0.9998915069846752f,0.014723841405059428f,1.3786079225922987f,0.029019000342887152f,0.014730046161338634f,-0.9994703213998825f,-0.23984597001024852f,0f,0f,0f,1f],start_interpolation:0}
execute if entity @s[tag=aj.elowen.bone.rightarm] run data modify entity @s {} merge value {transformation:[-0.9752161200641698f,0.22125442180211155f,1.2245139335234059e-16f,-0.59375f,0.2212304172427363f,0.9751103159267107f,0.014730046161338634f,1.2848680938124857f,0.003259087846545273f,0.014364978465826808f,-0.9998915069846752f,-0.24122691183787406f,0f,0f,0f,1f],start_interpolation:0}
execute if entity @s[tag=aj.elowen.bone.leftarm] run data modify entity @s {} merge value {transformation:[-0.9935322797694498f,-0.11355002886886352f,1.2245139335234059e-16f,0.09375000000000003f,-0.11353770948384131f,0.9934244884565951f,0.014730046161338634f,1.2848680938124857f,-0.0016725971668598157f,0.014634776343783991f,-0.9998915069846752f,-0.24122691183787398f,0f,0f,0f,1f],start_interpolation:0}
execute if entity @s[tag=aj.elowen.bone.torso] run data modify entity @s {} merge value {transformation:[-1f,-1.8039103882776116e-18f,1.2245139335234059e-16f,-0.24999999999999997f,0f,0.9998915069846752f,0.014730046161338634f,0.7224291211336058f,-1.2246467991473532e-16f,0.014730046161338634f,-0.9998915069846752f,-0.249512562803627f,0f,0f,0f,1f],start_interpolation:0}