execute if entity @s[tag=aj.elowen.bone.head] run data modify entity @s {} merge value {transformation:[-0.9504980268136516f,-1.762057175631956e-18f,0.31073059235188766f,-0.24999999999999997f,0.004470881484549014f,0.9998964832156383f,0.013676040060996309f,1.378525904396909f,-0.3106984265201646f,0.014388288744630443f,-0.9503996343143737f,-0.24008217229197618f,0f,0f,0f,1f],start_interpolation:0}
execute if entity @s[tag=aj.elowen.bone.rightarm] run data modify entity @s {} merge value {transformation:[-0.9922187501285091f,0.12450683472572528f,1.2245200276487265e-16f,-0.59375f,0.12449394617856342f,0.9921160388341125f,0.014388288744630443f,1.2847856090954428f,0.0017914402887135945f,0.01427632987468533f,-0.9998964832156383f,-0.24143107436178532f,0f,0f,0f,1f],start_interpolation:0}
execute if entity @s[tag=aj.elowen.bone.leftarm] run data modify entity @s {} merge value {transformation:[-0.9957365573358398f,-0.09224266033116056f,1.2245200276487265e-16f,0.09375000000000003f,-0.09223311166758211f,0.995633481889353f,0.014388288744630443f,1.2847856090954428f,-0.0013272140314177284f,0.014326945100532317f,-0.9998964832156383f,-0.24143107436178524f,0f,0f,0f,1f],start_interpolation:0}
execute if entity @s[tag=aj.elowen.bone.torso] run data modify entity @s {} merge value {transformation:[-1f,-1.762057175631956e-18f,1.2245200276487265e-16f,-0.24999999999999997f,0f,0.9998964832156383f,0.014388288744630443f,0.7223438372866463f,-1.2246467991473532e-16f,0.014388288744630443f,-0.9998964832156383f,-0.2495244867806399f,0f,0f,0f,1f],start_interpolation:0}