execute if entity @s[tag=aj.elowen.bone.head] run data modify entity @s {} merge value {transformation:[-0.9237284205719638f,-1.899845459837424e-18f,0.38304804532542047f,-0.24999999999999997f,0.005942383471853069f,0.9998796597293474f,0.014330182769173107f,1.378795619931262f,-0.3830019492199731f,0.015513415469343246f,-0.9236172588438227f,-0.2393044417971634f,0f,0f,0f,1f],start_interpolation:0}
execute if entity @s[tag=aj.elowen.bone.rightarm] run data modify entity @s {} merge value {transformation:[-0.9926242475945946f,0.12123160927441742f,1.22449942482009e-16f,-0.59375f,0.12121702022974569f,0.9925047949239827f,0.015513415469343246f,1.285056901831636f,0.0018807163226910017f,0.015398992357879199f,-0.9998796597293474f,-0.2407588244974144f,0f,0f,0f,1f],start_interpolation:0}
execute if entity @s[tag=aj.elowen.bone.leftarm] run data modify entity @s {} merge value {transformation:[-0.9959077999460093f,-0.09037507403426812f,1.22449942482009e-16f,0.09375000000000003f,-0.09036419827339859f,0.9957879521318188f,0.015513415469343246f,1.285056901831636f,-0.001402026071566378f,0.01544993146972201f,-0.9998796597293474f,-0.24075882449741431f,0f,0f,0f,1f],start_interpolation:0}
execute if entity @s[tag=aj.elowen.bone.torso] run data modify entity @s {} merge value {transformation:[-1f,-1.899845459837424e-18f,1.22449942482009e-16f,-0.24999999999999997f,0f,0.9998796597293474f,0.015513415469343246f,0.722624593233878f,-1.2246467991473532e-16f,0.015513415469343246f,-0.9998796597293474f,-0.24948512069891993f,0f,0f,0f,1f],start_interpolation:0}