execute if entity @s[tag=aj.elowen.bone.head] run data modify entity @s {} merge value {transformation:[-0.9885025997573015f,9.167121215213134e-20f,0.1512038699010588f,-0.24999999999999997f,-0.00011318399758668225f,0.9999997198347225f,-0.0007399458488633311f,1.37481266932294f,-0.15120382753898462f,-0.0007485522537270045f,-0.9885023228131963f,-0.250514559633118f,0f,0f,0f,1f],start_interpolation:0}
execute if entity @s[tag=aj.elowen.bone.rightarm] run data modify entity @s {} merge value {transformation:[-0.9884078003579682f,0.1518223310041147f,1.2246464560438428e-16f,-0.59375f,0.15182228846876922f,0.9884075234404225f,-0.0007485522537270045f,1.2810626955884348f,-0.00011364694803933839f,-0.0007398748865592896f,-0.9999997198347225f,-0.2504443828593311f,0f,0f,0f,1f],start_interpolation:0}
execute if entity @s[tag=aj.elowen.bone.leftarm] run data modify entity @s {} merge value {transformation:[-0.9937312071604378f,-0.11179574193796003f,1.2246464560438428e-16f,0.09375000000000003f,-0.11179571061667497f,0.9937309287514584f,-0.0007485522537270045f,1.2810626955884348f,0.00008368495458462087f,-0.0007438597347188161f,-0.9999997198347225f,-0.25044438285933107f,0f,0f,0f,1f],start_interpolation:0}
execute if entity @s[tag=aj.elowen.bone.torso] run data modify entity @s {} merge value {transformation:[-1f,9.167121215213134e-20f,1.2246464560438428e-16f,-0.24999999999999997f,0f,0.9999997198347225f,-0.0007485522537270045f,0.7185628531814033f,-1.2246467991473532e-16f,-0.0007485522537270045f,-0.9999997198347225f,-0.25002332221660967f,0f,0f,0f,1f],start_interpolation:0}