execute if entity @s[tag=aj.elowen.bone.head] run data modify entity @s {} merge value {transformation:[-0.9996599311998926f,-2.126855382635442e-18f,-0.02607723055513914f,-0.24999999999999997f,-0.000452885666373672f,0.9998491806816897f,0.01736118615553287f,1.379238084759093f,0.026073297605003393f,0.01736709216172566f,-0.999509163170527f,-0.23802241930923607f,0f,0f,0f,1f],start_interpolation:0}
execute if entity @s[tag=aj.elowen.bone.rightarm] run data modify entity @s {} merge value {transformation:[-0.9782525822218235f,0.20741717714869815f,1.224462098751935e-16f,-0.59375f,0.20738589463143473f,0.9781050428342376f,0.01736709216172566f,1.2855022240701848f,0.0036022332314662986f,0.016989402752892544f,-0.9998491806816897f,-0.2396505841993979f,0f,0f,0f,1f],start_interpolation:0}
execute if entity @s[tag=aj.elowen.bone.leftarm] run data modify entity @s {} merge value {transformation:[-0.9959640540951653f,-0.08975301081480543f,1.224462098751935e-16f,0.09375000000000003f,-0.08973947432689804f,0.9958138434754651f,0.01736709216172566f,1.2855022240701848f,-0.0015587488106132076f,0.017296999517236646f,-0.9998491806816897f,-0.2396505841993978f,0f,0f,0f,1f],start_interpolation:0}
execute if entity @s[tag=aj.elowen.bone.torso] run data modify entity @s {} merge value {transformation:[-1f,-2.126855382635442e-18f,1.224462098751935e-16f,-0.24999999999999997f,0f,0.9998491806816897f,0.01736709216172566f,0.7230870599367343f,-1.2246467991473532e-16f,0.01736709216172566f,-0.9998491806816897f,-0.24941957354036853f,0f,0f,0f,1f],start_interpolation:0}