execute if entity @s[tag=aj.elowen.bone.head] run data modify entity @s {} merge value {transformation:[-0.9999946050220473f,7.523642496255361e-19f,0.0032848023988783976f,-0.24999999999999997f,-0.000020180250287028692f,0.9999811284009659f,-0.006143487176554247f,1.3734511456954863f,-0.0032847404094046195f,-0.00614352032071093f,-0.999975733524825f,-0.2542189523207303f,0f,0f,0f,1f],start_interpolation:0}
execute if entity @s[tag=aj.elowen.bone.rightarm] run data modify entity @s {} merge value {transformation:[-0.9914814267576864f,0.13024814929411735f,1.2246236881040014e-16f,-0.59375f,0.13024569130326893f,0.9914627159177508f,-0.00614352032071093f,1.2797029149078958f,-0.0008001821519235222f,-0.006091186292893296f,-0.9999811284009659f,-0.2536429972906637f,0f,0f,0f,1f],start_interpolation:0}
execute if entity @s[tag=aj.elowen.bone.leftarm] run data modify entity @s {} merge value {transformation:[-0.9919976060425169f,-0.12625668143078825f,1.2246236881040014e-16f,0.09375000000000003f,-0.1262542987653209f,0.9919788854614529f,-0.00614352032071093f,1.2797029149078958f,0.0007756604879954525f,-0.006094357450818813f,-0.9999811284009659f,-0.2536429972906636f,0f,0f,0f,1f],start_interpolation:0}
execute if entity @s[tag=aj.elowen.bone.torso] run data modify entity @s {} merge value {transformation:[-1f,7.523642496255361e-19f,1.2246236881040014e-16f,-0.24999999999999997f,0f,0.9999811284009659f,-0.00614352032071093f,0.7172135301823525f,-1.2246467991473532e-16f,-0.00614352032071093f,-0.9999811284009659f,-0.25018726711026373f,0f,0f,0f,1f],start_interpolation:0}