execute if entity @s[tag=aj.elowen.bone.head] run data modify entity @s {} merge value {transformation:[-0.9783242843386261f,-1.545842089773918e-18f,0.20707871612822776f,-0.24999999999999997f,0.00261390464181373f,0.9999203298091806f,0.01234915125921646f,1.3781009163901041f,-0.20706221812739917f,0.012622758585170788f,-0.9782463410562096f,-0.24130193592499025f,0f,0f,0f,1f],start_interpolation:0}
execute if entity @s[tag=aj.elowen.bone.rightarm] run data modify entity @s {} merge value {transformation:[-0.9921277837693976f,0.12522963176829752f,1.2245492313031788e-16f,-0.59375f,0.12521965469963828f,0.9920487407595474f,0.012622758585170788f,1.2843583854704936f,0.0015807434095209325f,0.012523389500161646f,-0.9999203298091806f,-0.24248531954235006f,0f,0f,0f,1f],start_interpolation:0}
execute if entity @s[tag=aj.elowen.bone.leftarm] run data modify entity @s {} merge value {transformation:[-0.9954607926423696f,-0.09517252918686696f,1.2245492313031788e-16f,0.09375000000000003f,-0.09516494677330588f,0.9953814840910665f,0.012622758585170788f,1.2843583854704936f,-0.0012013398598660643f,0.012565461266527377f,-0.9999203298091806f,-0.24248531954234995f,0f,0f,0f,1f],start_interpolation:0}
execute if entity @s[tag=aj.elowen.bone.torso] run data modify entity @s {} merge value {transformation:[-1f,-1.545842089773918e-18f,1.2245492313031788e-16f,-0.24999999999999997f,0f,0.9999203298091806f,0.012622758585170788f,0.7219031999528296f,-1.2246467991473532e-16f,0.012622758585170788f,-0.9999203298091806f,-0.24958562124650857f,0f,0f,0f,1f],start_interpolation:0}