execute if entity @s[tag=aj.elowen.bone.head] run data modify entity @s {} merge value {transformation:[-0.9866078765123383f,2.3749006024622726e-19f,0.1631100794059479f,-0.24999999999999997f,-0.00031631179383194956f,0.9999981196461462f,-0.0019132827864773174f,1.3745138938794899f,-0.1631097727012815f,-0.0019392535089429628f,-0.9866060213404154f,-0.2513327666989349f,0f,0f,0f,1f],start_interpolation:0}
execute if entity @s[tag=aj.elowen.bone.rightarm] run data modify entity @s {} merge value {transformation:[-0.9887615155820717f,0.14950138896961648f,1.2246444963780249e-16f,-0.59375f,0.1495011078541036f,0.9887596563605453f,-0.0019392535089429628f,1.2807640701626637f,-0.00028992109315129663f,-0.0019174592386002763f,-0.9999981196461462f,-0.25115096168247153f,0f,0f,0f,1f],start_interpolation:0}
execute if entity @s[tag=aj.elowen.bone.leftarm] run data modify entity @s {} merge value {transformation:[-0.9934246721317241f,-0.11448764474814084f,1.2246444963780249e-16f,0.09375000000000003f,-0.11448742947085683f,0.9934228041418134f,-0.0019392535089429628f,1.2807640701626637f,0.00022202056680832585f,-0.0019265022813019725f,-0.9999981196461462f,-0.2511509616824714f,0f,0f,0f,1f],start_interpolation:0}
execute if entity @s[tag=aj.elowen.bone.torso] run data modify entity @s {} merge value {transformation:[-1f,2.3749006024622726e-19f,1.2246444963780249e-16f,-0.24999999999999997f,0f,0.9999981196461462f,-0.0019392535089429628f,0.7182651278617064f,-1.2246467991473532e-16f,-0.0019392535089429628f,-0.9999981196461462f,-0.25006013158369106f,0f,0f,0f,1f],start_interpolation:0}