execute if entity @s[tag=aj.elowen.bone.head] run data modify entity @s {} merge value {transformation:[-0.9758212980143658f,8.3120934970066715e-19f,0.2185698843426474f,-0.24999999999999997f,-0.0014835079923051506f,0.9999769657465017f,-0.006623230364145071f,1.373287329095398f,-0.21856484974852436f,-0.006787339421287734f,-0.9757988206992183f,-0.2546605372887608f,0f,0f,0f,1f],start_interpolation:0}
execute if entity @s[tag=aj.elowen.bone.rightarm] run data modify entity @s {} merge value {transformation:[-0.9902601266440217f,0.139229600225548f,1.2246185903225358e-16f,-0.59375f,0.13922639317564195f,0.9902373167412354f,-0.006787339421287734f,1.2795394885566636f,-0.0009449985542211148f,-0.006721231594900335f,-0.9999769657465017f,-0.2540242242180151f,0f,0f,0f,1f],start_interpolation:0}
execute if entity @s[tag=aj.elowen.bone.leftarm] run data modify entity @s {} merge value {transformation:[-0.9920533131432282f,-0.1258182176059731f,1.2246185903225358e-16f,0.09375000000000003f,-0.12581531947725405f,0.9920304619357295f,-0.006787339421287734f,1.2795394885566636f,0.000853970948273058f,-0.006733402560316153f,-0.9999769657465017f,-0.254024224218015f,0f,0f,0f,1f],start_interpolation:0}
execute if entity @s[tag=aj.elowen.bone.torso] run data modify entity @s {} merge value {transformation:[-1f,8.3120934970066715e-19f,1.2246185903225358e-16f,-0.24999999999999997f,0f,0.9999769657465017f,-0.006787339421287734f,0.7170524453242563f,-1.2246467991473532e-16f,-0.006787339421287734f,-0.9999769657465017f,-0.25020634579354073f,0f,0f,0f,1f],start_interpolation:0}