execute if entity @s[tag=aj.elowen.bone.head] run data modify entity @s {} merge value {transformation:[-0.9997502240405367f,-2.1268553826354416e-18f,-0.022349262423994657f,-0.24999999999999997f,-0.0003881417002641095f,0.9998491806816897f,0.017362754279617875f,1.379238084759093f,0.022345891723471133f,0.017367092161725658f,-0.9995994423932664f,-0.23802241930923607f,0f,0f,0f,1f],start_interpolation:0}
execute if entity @s[tag=aj.elowen.bone.rightarm] run data modify entity @s {} merge value {transformation:[-0.9794553977354141f,0.20166091303711228f,1.224462098751935e-16f,-0.59375f,0.2016304986756782f,0.9793076769400123f,0.017367092161725658f,1.2855022240701848f,0.003502263662133152f,0.017010292160770622f,-0.9998491806816897f,-0.2396505841993979f,0f,0f,0f,1f],start_interpolation:0}
execute if entity @s[tag=aj.elowen.bone.leftarm] run data modify entity @s {} merge value {transformation:[-0.9963581913365648f,-0.08526637412561548f,1.224462098751935e-16f,0.09375000000000003f,-0.08525351430919506f,0.9962079212733546f,0.017367092161725658f,1.2855022240701848f,-0.0014808289777358662f,0.017303844535032396f,-0.9998491806816897f,-0.2396505841993978f,0f,0f,0f,1f],start_interpolation:0}
execute if entity @s[tag=aj.elowen.bone.torso] run data modify entity @s {} merge value {transformation:[-1f,-2.1268553826354416e-18f,1.224462098751935e-16f,-0.24999999999999997f,0f,0.9998491806816897f,0.017367092161725658f,0.7230870599367342f,-1.2246467991473532e-16f,0.017367092161725658f,-0.9998491806816897f,-0.24941957354036853f,0f,0f,0f,1f],start_interpolation:0}