execute if entity @s[tag=aj.elowen.bone.head] run data modify entity @s {} merge value {transformation:[-0.9997725670699316f,-1.444856910262217e-18f,0.021326371805798536f,-0.24999999999999997f,0.00025161177652105693f,0.999930399382377f,0.011795468728022833f,1.3779016875794605f,-0.021324887477149196f,0.011798152016305295f,-0.999702982281781f,-0.2418713703343844f,0f,0f,0f,1f],start_interpolation:0}
execute if entity @s[tag=aj.elowen.bone.rightarm] run data modify entity @s {} merge value {transformation:[-0.9839604894568347f,0.1783865330899908f,1.2245615629737625e-16f,-0.59375f,0.17837411727711214f,0.9838920051990518f,0.011798152016305295f,1.2841582126373627f,0.002104631435057266f,0.011608915432649922f,-0.999930399382377f,-0.24297744708591307f,0f,0f,0f,1f],start_interpolation:0}
execute if entity @s[tag=aj.elowen.bone.leftarm] run data modify entity @s {} merge value {transformation:[-0.9962117918784886f,-0.08696013869728428f,1.2245615629737625e-16f,0.09375000000000003f,-0.08695408621792237f,0.9961424549224906f,0.011798152016305295f,1.2841582126373627f,-0.0010259689357096746f,0.01175345816101829f,-0.999930399382377f,-0.24297744708591298f,0f,0f,0f,1f],start_interpolation:0}
execute if entity @s[tag=aj.elowen.bone.torso] run data modify entity @s {} merge value {transformation:[-1f,-1.444856910262217e-18f,1.2245615629737625e-16f,-0.24999999999999997f,0f,0.999930399382377f,0.011798152016305295f,0.7216973629847756f,-1.2246467991473532e-16f,0.011798152016305295f,-0.999930399382377f,-0.24961390759508476f,0f,0f,0f,1f],start_interpolation:0}