execute if entity @s[tag=aj.elowen.bone.head] run data modify entity @s {} merge value {transformation:[-0.9347941970034988f,-2.1564099842911112e-19f,0.35518982143156097f,-0.24999999999999997f,0.0006254332904694385f,0.9999984497158549f,0.001646025238525275f,1.3754391447746137f,-0.3551892707864123f,0.0017608423798539201f,-0.9347927478068763f,-0.24878903329281418f,0f,0f,0f,1f],start_interpolation:0}
execute if entity @s[tag=aj.elowen.bone.rightarm] run data modify entity @s {} merge value {transformation:[-0.9925120968350731f,0.12214637790800985f,1.2246449005968371e-16f,-0.59375f,0.1221461885464168f,0.9925105581593057f,0.0017608423798539201f,1.2816892901137522f,0.00021508051876595482f,0.0017476573626248897f,-0.9999984497158549f,-0.24895411226592554f,0f,0f,0f,1f],start_interpolation:0}
execute if entity @s[tag=aj.elowen.bone.leftarm] run data modify entity @s {} merge value {transformation:[-0.9935747824093457f,-0.11317752321119826f,1.2246449005968371e-16f,0.09375000000000003f,-0.11317734775387844f,0.9935732420861136f,0.0017608423798539201f,1.2816892901137522f,-0.00019928777931730029f,0.0017495285844204992f,-0.9999984497158549f,-0.24895411226592545f,0f,0f,0f,1f],start_interpolation:0}
execute if entity @s[tag=aj.elowen.bone.torso] run data modify entity @s {} merge value {transformation:[-1f,-2.1564099842911112e-19f,1.2246449005968371e-16f,-0.24999999999999997f,0f,0.9999984497158549f,0.0017608423798539201f,0.7191901621485839f,-1.2246467991473532e-16f,0.0017608423798539201f,-0.9999984497158549f,-0.24994458610459333f,0f,0f,0f,1f],start_interpolation:0}