execute if entity @s[tag=aj.elowen.bone.head] run data modify entity @s {} merge value {transformation:[-0.9434924874134368f,-1.855202548224603e-18f,0.33139391393688244f,-0.24999999999999997f,0.005020246115287106f,0.9998852491572504f,0.01429285299319651f,1.378708328403574f,-0.3313558862059761f,0.015148878431856984f,-0.9433842208553782f,-0.23955645836741096f,0f,0f,0f,1f],start_interpolation:0}
execute if entity @s[tag=aj.elowen.bone.rightarm] run data modify entity @s {} merge value {transformation:[-0.9922629676201398f,0.12415394915053389f,1.2245062698950805e-16f,-0.59375f,0.12413970238023818f,0.9921491046083761f,0.015148878431856984f,1.2849690862950818f,0.00188079308251627f,0.015031671068911154f,-0.9998852491572504f,-0.24097666572039758f,0f,0f,0f,1f],start_interpolation:0}
execute if entity @s[tag=aj.elowen.bone.leftarm] run data modify entity @s {} merge value {transformation:[-0.9958527012051857f,-0.09098020390356992f,1.2245062698950805e-16f,0.09375000000000003f,-0.09096976384849846f,0.9957384262684679f,0.015148878431856984f,1.2849690862950818f,-0.0013782480486408627f,0.015086051506593744f,-0.9998852491572504f,-0.2409766657203975f,0f,0f,0f,1f],start_interpolation:0}
execute if entity @s[tag=aj.elowen.bone.torso] run data modify entity @s {} merge value {transformation:[-1f,-1.855202548224603e-18f,1.2245062698950805e-16f,-0.24999999999999997f,0f,0.9998852491572504f,0.015148878431856984f,0.7225336336441284f,-1.2246467991473532e-16f,0.015148878431856984f,-0.9998852491572504f,-0.2494979098383171f,0f,0f,0f,1f],start_interpolation:0}