execute if entity @s[tag=aj.elowen.bone.head] run data modify entity @s {} merge value {transformation:[-0.9996007493831471f,-2.0475451754508213e-18f,-0.028254943508184062f,-0.24999999999999997f,-0.0004724078265104496f,0.9998602198057119f,0.016712799912607455f,1.3790837699097729f,0.02825099402669089f,0.016719475173383885f,-0.9994610249961878f,-0.23847041576972658f,0f,0f,0f,1f],start_interpolation:0}
execute if entity @s[tag=aj.elowen.bone.rightarm] run data modify entity @s {} merge value {transformation:[-0.9770375685533614f,0.21306710125060505f,1.2244756177798341e-16f,-0.59375f,0.21303731868979583f,0.9769009980522023f,0.016719475173383885f,1.2853468743029874f,0.003562370109624242f,0.01633555537089131f,-0.9998602198057119f,-0.2400378665672314f,0f,0f,0f,1f],start_interpolation:0}
execute if entity @s[tag=aj.elowen.bone.leftarm] run data modify entity @s {} merge value {transformation:[-0.9952550360264256f,-0.0973006334205393f,1.2244756177798341e-16f,0.09375000000000003f,-0.09728703271909542f,0.9951159190841237f,0.016719475173383885f,1.2853468743029874f,-0.0016268155248293549f,0.016640141866029096f,-0.9998602198057119f,-0.2400378665672313f,0f,0f,0f,1f],start_interpolation:0}
execute if entity @s[tag=aj.elowen.bone.torso] run data modify entity @s {} merge value {transformation:[-1f,-2.0475451754508213e-18f,1.2244756177798341e-16f,-0.24999999999999997f,0f,0.9998602198057119f,0.016719475173383885f,0.7229255006622745f,-1.2246467991473532e-16f,0.016719475173383885f,-0.9998602198057119f,-0.24944257135225978f,0f,0f,0f,1f],start_interpolation:0}