execute if entity @s[tag=aj.elowen.bone.head] run data modify entity @s {} merge value {transformation:[-0.9999452299668359f,2.374900602462261e-19f,-0.010465995727679546f,-0.24999999999999997f,0.000020296218939484754f,0.9999981196461462f,-0.0019391472959639547f,1.3745138938794899f,0.010465976047904144f,-0.0019392535089429533f,-0.9999433497159691f,-0.2513327666989349f,0f,0f,0f,1f],start_interpolation:0}
execute if entity @s[tag=aj.elowen.bone.rightarm] run data modify entity @s {} merge value {transformation:[-0.9679477709231978f,0.251151573287552f,1.2246444963780249e-16f,-0.59375f,0.2511511010337233f,0.9679459508388765f,-0.0019392535089429533f,1.2807640701626637f,-0.0004870465697745471f,-0.0018770961112362906f,-0.9999981196461462f,-0.25115096168247153f,0f,0f,0f,1f],start_interpolation:0}
execute if entity @s[tag=aj.elowen.bone.leftarm] run data modify entity @s {} merge value {transformation:[-0.9755913563732694f,-0.2195939556767543f,1.2246444963780249e-16f,0.09375000000000003f,-0.21959354276241347f,0.9755895219163027f,-0.0019392535089429533f,1.2807640701626637f,0.00042584834908868964f,-0.0018919189611413048f,-0.9999981196461462f,-0.2511509616824714f,0f,0f,0f,1f],start_interpolation:0}
execute if entity @s[tag=aj.elowen.bone.torso] run data modify entity @s {} merge value {transformation:[-1f,2.374900602462261e-19f,1.2246444963780249e-16f,-0.24999999999999997f,0f,0.9999981196461462f,-0.0019392535089429533f,0.7182651278617064f,-1.2246467991473532e-16f,-0.0019392535089429533f,-0.9999981196461462f,-0.25006013158369106f,0f,0f,0f,1f],start_interpolation:0}