execute if entity @s[tag=aj.elowen.bone.head] run data modify entity @s {} merge value {transformation:[-0.9249239505245825f,-1.4448569102622182e-18f,0.3801521876117506f,-0.24999999999999997f,0.004485093298774446f,0.999930399382377f,0.01091239337181067f,1.3779016875794605f,-0.38012572878470213f,0.011798152016305304f,-0.9248595752463717f,-0.24187137033438438f,0f,0f,0f,1f],start_interpolation:0}
execute if entity @s[tag=aj.elowen.bone.rightarm] run data modify entity @s {} merge value {transformation:[-0.9926636017248448f,0.12090894843086969f,1.2245615629737625e-16f,-0.59375f,0.12090053309338276f,0.992594511725073f,0.011798152016305304f,1.2841582126373627f,0.0014265021537188975f,0.011711596074202878f,-0.999930399382377f,-0.24297744708591307f,0f,0f,0f,1f],start_interpolation:0}
execute if entity @s[tag=aj.elowen.bone.leftarm] run data modify entity @s {} merge value {transformation:[-0.9953290428423857f,-0.09654064674768086f,1.2245615629737625e-16f,0.09375000000000003f,-0.09653392745904149f,0.9952597673262658f,0.011798152016305304f,1.2841582126373627f,-0.0011390012260816909f,0.011743043353698109f,-0.999930399382377f,-0.24297744708591298f,0f,0f,0f,1f],start_interpolation:0}
execute if entity @s[tag=aj.elowen.bone.torso] run data modify entity @s {} merge value {transformation:[-1f,-1.4448569102622182e-18f,1.2245615629737625e-16f,-0.24999999999999997f,0f,0.999930399382377f,0.011798152016305304f,0.7216973629847756f,-1.2246467991473532e-16f,0.011798152016305304f,-0.999930399382377f,-0.24961390759508476f,0f,0f,0f,1f],start_interpolation:0}