execute if entity @s[tag=aj.elowen.bone.head] run data modify entity @s {} merge value {transformation:[-0.9238795325112867f,-1.9815318315732375e-18f,0.38268343236508984f,-0.24999999999999997f,0.00619198452300767f,0.9998690881875782f,0.014948773013449419f,1.3789551069573849f,-0.3826333345833752f,0.016180435313699077f,-0.9237585857672264f,-0.23884322276872647f,0f,0f,0f,1f],start_interpolation:0}
execute if entity @s[tag=aj.elowen.bone.rightarm] run data modify entity @s {} merge value {transformation:[-0.9926049180474115f,0.12138977167822504f,1.2244864784153003e-16f,-0.59375f,0.12137388032320517f,0.9924749743385711f,0.016180435313699077f,1.2852173799397995f,0.001964139348384099f,0.01606077966852573f,-0.9998690881875782f,-0.2403601385793858f,0f,0f,0f,1f],start_interpolation:0}
execute if entity @s[tag=aj.elowen.bone.leftarm] run data modify entity @s {} merge value {transformation:[-0.9960076669271948f,-0.08926772889598061f,1.2244864784153003e-16f,0.09375000000000003f,-0.08925604269580006f,0.9958772777583313f,0.016180435313699077f,1.2852173799397995f,-0.0014443907130023623f,0.0161158376266638f,-0.9998690881875782f,-0.2403601385793857f,0f,0f,0f,1f],start_interpolation:0}
execute if entity @s[tag=aj.elowen.bone.torso] run data modify entity @s {} merge value {transformation:[-1f,-1.9815318315732375e-18f,1.2244864784153003e-16f,-0.24999999999999997f,0f,0.9998690881875782f,0.016180435313699077f,0.7227910178342866f,-1.2246467991473532e-16f,0.016180435313699077f,-0.9998690881875782f,-0.2494616334433415f,0f,0f,0f,1f],start_interpolation:0}