execute if entity @s[tag=aj.uncle_alphon.bone.head] run data modify entity @s {} merge value {transformation:[-0.9994530152886765f,-0.03307068536291147f,1.2246467991473532e-16f,-0.21023609618700162f,-0.03307068536291147f,0.9994530152886765f,0f,1.374623948010965f,-1.2239769360714483e-16f,-4.0499908975298756e-18f,-1f,-0.12500000000000003f,0f,0f,0f,1f],start_interpolation:0}
execute if entity @s[tag=aj.uncle_alphon.bone.basket] run data modify entity @s {} merge value {transformation:[-0.9993735503424921f,-0.03538131686631722f,0.0008181030788857556f,-0.07600221732722476f,-0.03539077388024208f,0.9991065008110601f,-0.02310179995664075f,-2.4241053331102678f,-1.2239135008973493e-16f,-0.02311628114304567f,-0.9997327830706142f,0.3350004873038489f,0f,0f,0f,1f],start_interpolation:0}
execute if entity @s[tag=aj.uncle_alphon.bone.leftarm] run data modify entity @s {} merge value {transformation:[-0.9993735503424921f,-0.03538131686631722f,0.0008181030788857556f,-0.20610226051663771f,-0.03539077388024208f,0.9991065008110601f,-0.02310179995664075f,1.2496923210998805f,-1.2239135008973493e-16f,-0.02311628114304567f,-0.9997327830706142f,0.24999999999999997f,0f,0f,0f,1f],start_interpolation:0}
execute if entity @s[tag=aj.uncle_alphon.bone.righarm] run data modify entity @s {} merge value {transformation:[-0.9999211013077509f,-0.012558138469673834f,-0.0002903750526280885f,-0.20610226051663763f,-0.012561495113826641f,0.9996539054614313f,0.023114457298693814f,1.2496923210998805f,-1.2245501761164332e-16f,0.023116281143045665f,-0.9997327830706142f,-0.5f,0f,0f,0f,1f],start_interpolation:0}
execute if entity @s[tag=aj.uncle_alphon.bone.torso] run data modify entity @s {} merge value {transformation:[-0.9994530152886765f,-0.03307068536291147f,1.2246467991473532e-16f,-0.18646654108240898f,-0.03307068536291147f,0.9994530152886765f,0f,0.6562670932722289f,-1.2239769360714483e-16f,-4.0499908975298756e-18f,-1f,-0.12500000000000003f,0f,0f,0f,1f],start_interpolation:0}