execute if entity @s[tag=aj.uncle_alphon.bone.head] run data modify entity @s {} merge value {transformation:[-0.999061970190891f,-0.0433033453476196f,1.2246467991473532e-16f,-0.21727104992648844f,-0.0433033453476196f,0.999061970190891f,0f,1.3743551045062374f,-1.223498043944123e-16f,-5.303130327233477e-18f,-1f,-0.12500000000000003f,0f,0f,0f,1f],start_interpolation:0}
execute if entity @s[tag=aj.uncle_alphon.bone.basket] run data modify entity @s {} merge value {transformation:[-0.9999999804847122f,0.00019737476244308637f,-0.000008589445839170472f,-0.21258389516631637f,0.00019756157376699807f,0.9990543951833871f,-0.04347730941745726f,-2.424133699253538f,-1.2235625730755328e-16f,-0.04347731026592949f,-0.9990544146802216f,0.4098696838992386f,0f,0f,0f,1f],start_interpolation:0}
execute if entity @s[tag=aj.uncle_alphon.bone.leftarm] run data modify entity @s {} merge value {transformation:[-0.9999999804847122f,0.00019737476244308637f,-0.000008589445839170472f,-0.21185813175803603f,0.00019756157376699807f,0.9990543951833871f,-0.04347730941745726f,1.2494723582323761f,-1.2235625730755328e-16f,-0.04347731026592949f,-0.9990544146802216f,0.24999999999999997f,0f,0f,0f,1f],start_interpolation:0}
execute if entity @s[tag=aj.uncle_alphon.bone.righarm] run data modify entity @s {} merge value {transformation:[-0.9991258558514334f,-0.041763870333778354f,-0.0018174993491108338f,-0.21185813175803594f,-0.04180339901420302f,0.9981810971095293f,0.04343930482956512f,1.2494723582323761f,-1.2235762813138177e-16f,0.04347731026592949f,-0.9990544146802216f,-0.5f,0f,0f,0f,1f],start_interpolation:0}
execute if entity @s[tag=aj.uncle_alphon.bone.torso] run data modify entity @s {} merge value {transformation:[-0.999061970190891f,-0.0433033453476196f,1.2246467991473532e-16f,-0.18614677045788686f,-0.0433033453476196f,0.999061970190891f,0f,0.6562793134315347f,-1.223498043944123e-16f,-5.303130327233477e-18f,-1f,-0.12500000000000003f,0f,0f,0f,1f],start_interpolation:0}