execute if entity @s[tag=aj.uncle_alphon.bone.head] run data modify entity @s {} merge value {transformation:[-0.999100767101245f,-0.042398787455584105f,1.2246467991473532e-16f,-0.21664916637571405f,-0.042398787455584105f,0.999100767101245f,0f,1.3743817773821059f,-1.2235455564562048e-16f,-5.192353934521003e-18f,-1f,-0.12500000000000003f,0f,0f,0f,1f],start_interpolation:0}
execute if entity @s[tag=aj.uncle_alphon.bone.basket] run data modify entity @s {} merge value {transformation:[-0.998962637240549f,-0.04553196976665743f,0.0006993758469887f,-0.043924480266779864f,-0.0455373406931845f,0.9988448140465234f,-0.015342361453149548f,-2.4233412287297837f,-1.2233763961644369e-16f,-0.015358293574952924f,-0.9998820544536569f,0.3064737221332553f,0f,0f,0f,1f],start_interpolation:0}
execute if entity @s[tag=aj.uncle_alphon.bone.leftarm] run data modify entity @s {} merge value {transformation:[-0.998962637240549f,-0.04553196976665743f,0.0006993758469887f,-0.2113493179437661f,-0.0455373406931845f,0.9988448140465234f,-0.015342361453149548f,1.2494941814944505f,-1.2233763961644369e-16f,-0.015358293574952924f,-0.9998820544536569f,0.24999999999999997f,0f,0f,0f,1f],start_interpolation:0}
execute if entity @s[tag=aj.uncle_alphon.bone.righarm] run data modify entity @s {} merge value {transformation:[-0.9999505153082835f,-0.009947039290999592f,-0.00015278757024608775f,-0.211349317943766f,-0.009948212638374358f,0.9998325755984393f,0.01535753357453007f,1.2494941814944505f,-1.2251282989642784e-16f,0.015358293574952917f,-0.9998820544536569f,-0.5f,0f,0f,0f,1f],start_interpolation:0}
execute if entity @s[tag=aj.uncle_alphon.bone.torso] run data modify entity @s {} merge value {transformation:[-0.999100767101245f,-0.042398787455584105f,1.2246467991473532e-16f,-0.18617503789201298f,-0.042398787455584105f,0.999100767101245f,0f,0.6562781010280861f,-1.2235455564562048e-16f,-5.192353934521003e-18f,-1f,-0.12500000000000003f,0f,0f,0f,1f],start_interpolation:0}