execute if entity @s[tag=aj.uncle_alphon.bone.head] run data modify entity @s {} merge value {transformation:[-0.9991603343673734f,-0.04097104132040792f,1.2246467991473532e-16f,-0.21566759090778043f,-0.04097104132040792f,0.9991603343673734f,0f,1.374422729877569f,-1.223618505318003e-16f,-5.017505461077151e-18f,-1f,-0.12500000000000003f,0f,0f,0f,1f],start_interpolation:0}
execute if entity @s[tag=aj.uncle_alphon.bone.basket] run data modify entity @s {} merge value {transformation:[-0.9990332721574915f,-0.04395965344211967f,0.00026455915060560187f,-0.048902910889863066f,-0.043960449523354886f,0.9990151806309047f,-0.006012299618733018f,-2.423934174235079f,-1.2234459583304332e-16f,-0.006018117500480225f,-0.9999818909669067f,0.27212911830528297f,0f,0f,0f,1f],start_interpolation:0}
execute if entity @s[tag=aj.uncle_alphon.bone.leftarm] run data modify entity @s {} merge value {transformation:[-0.9990332721574915f,-0.04395965344211967f,0.00026455915060560187f,-0.21054621074272947f,-0.043960449523354886f,0.9990151806309047f,-0.006012299618733018f,1.2495276880816475f,-1.2234459583304332e-16f,-0.006018117500480225f,-0.9999818909669067f,0.24999999999999997f,0f,0f,0f,1f],start_interpolation:0}
execute if entity @s[tag=aj.uncle_alphon.bone.righarm] run data modify entity @s {} merge value {transformation:[-0.9999988047078044f,-0.0015461230160041743f,-0.000009304918483464323f,-0.21054621074272936f,-0.001546151015304073f,0.9999806956963568f,0.0060181103070713424f,1.2495276880816475f,-1.2246453353365918e-16f,0.0060181175004802205f,-0.9999818909669067f,-0.5f,0f,0f,0f,1f],start_interpolation:0}
execute if entity @s[tag=aj.uncle_alphon.bone.torso] run data modify entity @s {} merge value {transformation:[-0.9991603343673734f,-0.04097104132040792f,1.2246467991473532e-16f,-0.1862196549587372f,-0.04097104132040792f,0.9991603343673734f,0f,0.6562762395510195f,-1.223618505318003e-16f,-5.017505461077151e-18f,-1f,-0.12500000000000003f,0f,0f,0f,1f],start_interpolation:0}