execute if entity @s[tag=aj.uncle_alphon.bone.head] run data modify entity @s {} merge value {transformation:[-0.9990482215818578f,-0.043619387365336f,1.2246467991473532e-16f,-0.21748832881366847f,-0.043619387365336f,0.9990482215818578f,0f,1.3743456523375273f,-1.223481206754078e-16f,-5.341834311772723e-18f,-1f,-0.12500000000000003f,0f,0f,0f,1f],start_interpolation:0}
execute if entity @s[tag=aj.uncle_alphon.bone.basket] run data modify entity @s {} merge value {transformation:[-0.9989020217580329f,-0.046845171368723466f,0.0005299501385606048f,-0.039782316265335294f,-0.046848168883259766f,0.9988381084098287f,-0.011299657541752384f,-2.423346128400907f,-1.2233021636077948e-16f,-0.011312077957220851f,-0.9999360163991943f,0.29159545096518125f,0f,0f,0f,1f],start_interpolation:0}
execute if entity @s[tag=aj.uncle_alphon.bone.leftarm] run data modify entity @s {} merge value {transformation:[-0.9989020217580329f,-0.046845171368723466f,0.0005299501385606048f,-0.21203590539300152f,-0.046848168883259766f,0.9988381084098287f,-0.011299657541752384f,1.2494646246397951f,-1.2233021636077948e-16f,-0.011312077957220851f,-0.9999360163991943f,0.24999999999999997f,0f,0f,0f,1f],start_interpolation:0}
execute if entity @s[tag=aj.uncle_alphon.bone.righarm] run data modify entity @s {} merge value {transformation:[-0.9999673551352007f,-0.008079623095859046f,-0.00009140317462943504f,-0.21203590539300143f,-0.008080140092317174f,0.999903373623131f,0.011311708675965332f,1.2494646246397951f,-1.2246068207181682e-16f,0.011312077957220843f,-0.9999360163991943f,-0.5f,0f,0f,0f,1f],start_interpolation:0}
execute if entity @s[tag=aj.uncle_alphon.bone.torso] run data modify entity @s {} merge value {transformation:[-0.9990482215818578f,-0.043619387365336f,1.2246467991473532e-16f,-0.18613689414483323f,-0.043619387365336f,0.9990482215818578f,0f,0.6562797430755669f,-1.223481206754078e-16f,-5.341834311772723e-18f,-1f,-0.12500000000000003f,0f,0f,0f,1f],start_interpolation:0}