execute if entity @s[tag=aj.uncle_alphon.bone.head] run data modify entity @s {} merge value {transformation:[-0.9994149479166323f,-0.034201781836552675f,1.2246467991473532e-16f,-0.21101372501262994f,-0.034201781836552675f,0.9994149479166323f,0f,1.3745977766926847f,-1.2239303169861225e-16f,-4.1885102651270316e-18f,-1f,-0.12500000000000003f,0f,0f,0f,1f],start_interpolation:0}
execute if entity @s[tag=aj.uncle_alphon.bone.basket] run data modify entity @s {} merge value {transformation:[-0.9993378352371756f,-0.036385255934927696f,0.00006491552599085821f,-0.07294689168593216f,-0.03638531384330367f,0.9993362447594532f,-0.0017829320229651824f,-2.4249715336027493f,-1.2238401163547883e-16f,-0.0017841133999915442f,-0.9999984084684215f,0.25656033327619526f,0f,0f,0f,1f],start_interpolation:0}
execute if entity @s[tag=aj.uncle_alphon.bone.leftarm] run data modify entity @s {} merge value {transformation:[-0.9993378352371756f,-0.036385255934927696f,0.00006491552599085821f,-0.2067385022830609f,-0.03638531384330367f,0.9993362447594532f,-0.0017829320229651824f,1.2496709082031057f,-1.2238401163547883e-16f,-0.0017841133999915442f,-0.9999984084684215f,0.24999999999999997f,0f,0f,0f,1f],start_interpolation:0}
execute if entity @s[tag=aj.uncle_alphon.bone.righarm] run data modify entity @s {} merge value {transformation:[-0.9971090170392248f,-0.07598414151206925f,-0.0001355645408136613f,-0.20673850228306082f,-0.0759842624434224f,0.9971074301087369f,0.0017789555585520731f,1.2496709082031057f,-1.2211741287538308e-16f,0.00178411339999153f,-0.9999984084684215f,-0.5f,0f,0f,0f,1f],start_interpolation:0}
execute if entity @s[tag=aj.uncle_alphon.bone.torso] run data modify entity @s {} merge value {transformation:[-0.9994149479166323f,-0.034201781836552675f,1.2246467991473532e-16f,-0.1864311943176077f,-0.034201781836552675f,0.9994149479166323f,0f,0.6562682828776052f,-1.2239303169861225e-16f,-4.1885102651270316e-18f,-1f,-0.12500000000000003f,0f,0f,0f,1f],start_interpolation:0}