execute if entity @s[tag=aj.uncle_alphon.bone.head] run data modify entity @s {} merge value {transformation:[-0.9993669954030912f,-0.035575391761694615f,1.2246467991473532e-16f,-0.21195808183616502f,-0.035575391761694615f,0.9993669954030912f,0f,1.3745648093396252f,-1.2238715920939033e-16f,-4.3567289649372426e-18f,-1f,-0.12500000000000003f,0f,0f,0f,1f],start_interpolation:0}
execute if entity @s[tag=aj.uncle_alphon.bone.basket] run data modify entity @s {} merge value {transformation:[-0.9992736404559787f,-0.03809914843257452f,0.0008039767212038835f,-0.06741742208766327f,-0.03810763033639828f,0.9990512245556156f,-0.021082201594460934f,-2.4239504639098013f,-1.2237233839388472e-16f,-0.02109752598381452f,-0.9997774224282934f,0.32757735677433336f,0f,0f,0f,1f],start_interpolation:0}
execute if entity @s[tag=aj.uncle_alphon.bone.leftarm] run data modify entity @s {} merge value {transformation:[-0.9992736404559787f,-0.03809914843257452f,0.0008039767212038835f,-0.20751115786595323f,-0.03810763033639828f,0.9990512245556156f,-0.021082201594460934f,1.2496439349142388f,-1.2237233839388472e-16f,-0.02109752598381452f,-0.9997774224282934f,0.24999999999999997f,0f,0f,0f,1f],start_interpolation:0}
execute if entity @s[tag=aj.uncle_alphon.bone.righarm] run data modify entity @s {} merge value {transformation:[-0.9999148661362581f,-0.013045485648891604f,-0.00027528874554934996f,-0.20751115786595314f,-0.01304838992783642f,0.9996923075134404f,0.02109572986991212f,1.2496439349142388f,-1.224542540233623e-16f,0.021097525983814515f,-0.9997774224282934f,-0.5f,0f,0f,0f,1f],start_interpolation:0}
execute if entity @s[tag=aj.uncle_alphon.bone.torso] run data modify entity @s {} merge value {transformation:[-0.9993669954030912f,-0.035575391761694615f,1.2246467991473532e-16f,-0.186388269007447f,-0.035575391761694615f,0.9993669954030912f,0f,0.6562697813936534f,-1.2238715920939033e-16f,-4.3567289649372426e-18f,-1f,-0.12500000000000003f,0f,0f,0f,1f],start_interpolation:0}