execute if entity @s[tag=aj.uncle_alphon.bone.head] run data modify entity @s {} merge value {transformation:[-0.9991603343673734f,-0.04097104132040792f,1.2246467991473532e-16f,-0.21566759090778043f,-0.04097104132040792f,0.9991603343673734f,0f,1.374422729877569f,-1.223618505318003e-16f,-5.017505461077151e-18f,-1f,-0.12500000000000003f,0f,0f,0f,1f],start_interpolation:0}
execute if entity @s[tag=aj.uncle_alphon.bone.basket] run data modify entity @s {} merge value {transformation:[-0.9990313530700209f,-0.04399731863075701f,0.0007691140272662042f,-0.04876441286032476f,-0.04400404053133412f,0.9988787445970794f,-0.01746132896086284f,-2.4234324875974584f,-1.22342666746716e-16f,-0.017478259223000583f,-0.9998472435600018f,0.314269012043271f,0f,0f,0f,1f],start_interpolation:0}
execute if entity @s[tag=aj.uncle_alphon.bone.leftarm] run data modify entity @s {} merge value {transformation:[-0.9990313530700209f,-0.04399731863075701f,0.0007691140272662042f,-0.21054621074272947f,-0.04400404053133412f,0.9988787445970794f,-0.01746132896086284f,1.2495276880816475f,-1.22342666746716e-16f,-0.017478259223000583f,-0.9998472435600018f,0.24999999999999997f,0f,0f,0f,1f],start_interpolation:0}
execute if entity @s[tag=aj.uncle_alphon.bone.righarm] run data modify entity @s {} merge value {transformation:[-0.9974249580512324f,-0.07170691588236719f,-0.0012535035446127882f,-0.21054621074272936f,-0.07171787124906345f,0.9972725949654752f,0.017433251972309913f,1.2495276880816475f,-1.2214932822671247e-16f,0.017478259223000562f,-0.9998472435600018f,-0.5f,0f,0f,0f,1f],start_interpolation:0}
execute if entity @s[tag=aj.uncle_alphon.bone.torso] run data modify entity @s {} merge value {transformation:[-0.9991603343673734f,-0.04097104132040792f,1.2246467991473532e-16f,-0.1862196549587372f,-0.04097104132040792f,0.9991603343673734f,0f,0.6562762395510195f,-1.223618505318003e-16f,-5.017505461077151e-18f,-1f,-0.12500000000000003f,0f,0f,0f,1f],start_interpolation:0}