execute if entity @s[tag=aj.uncle_alphon.bone.head] run data modify entity @s {} merge value {transformation:[-0.9994149479166323f,-0.03420178183655273f,1.2246467991473532e-16f,-0.21101372501262997f,-0.03420178183655273f,0.9994149479166323f,0f,1.3745977766926847f,-1.2239303169861225e-16f,-4.1885102651270385e-18f,-1f,-0.12500000000000003f,0f,0f,0f,1f],start_interpolation:0}
execute if entity @s[tag=aj.uncle_alphon.bone.basket] run data modify entity @s {} merge value {transformation:[-0.9999844036286483f,0.005580756903607284f,-0.0002182930131629928f,-0.22725940931804256f,0.005585024570828323f,0.9992202886983013f,-0.03908480720467877f,-2.4245451535270464f,-1.2235434969286136e-16f,-0.039085416795353545f,-0.9992358731520469f,0.39372032653178607f,0f,0f,0f,1f],start_interpolation:0}
execute if entity @s[tag=aj.uncle_alphon.bone.leftarm] run data modify entity @s {} merge value {transformation:[-0.9999844036286483f,0.005580756903607284f,-0.0002182930131629928f,-0.20673850228306095f,0.005585024570828323f,0.9992202886983013f,-0.03908480720467877f,1.2496709082031057f,-1.2235434969286136e-16f,-0.039085416795353545f,-0.9992358731520469f,0.24999999999999997f,0f,0f,0f,1f],start_interpolation:0}
execute if entity @s[tag=aj.uncle_alphon.bone.righarm] run data modify entity @s {} merge value {transformation:[-0.9997099573147568f,-0.02406481238938871f,-0.000941302496851012f,-0.20673850228306084f,-0.024083215020570953f,0.9989460520962066f,0.03907408035611237f,1.2496709082031057f,-1.2242915993012542e-16f,0.03908541679535354f,-0.9992358731520469f,-0.5f,0f,0f,0f,1f],start_interpolation:0}
execute if entity @s[tag=aj.uncle_alphon.bone.torso] run data modify entity @s {} merge value {transformation:[-0.9994149479166323f,-0.03420178183655273f,1.2246467991473532e-16f,-0.1864311943176077f,-0.03420178183655273f,0.9994149479166323f,0f,0.6562682828776052f,-1.2239303169861225e-16f,-4.1885102651270385e-18f,-1f,-0.12500000000000003f,0f,0f,0f,1f],start_interpolation:0}