execute if entity @s[tag=aj.uncle_alphon.bone.head] run data modify entity @s {} merge value {transformation:[-0.999100767101245f,-0.042398787455584105f,1.2246467991473532e-16f,-0.21664916637571405f,-0.042398787455584105f,0.999100767101245f,0f,1.3743817773821059f,-1.2235455564562048e-16f,-5.192353934521003e-18f,-1f,-0.12500000000000003f,0f,0f,0f,1f],start_interpolation:0}
execute if entity @s[tag=aj.uncle_alphon.bone.basket] run data modify entity @s {} merge value {transformation:[-0.9989632258804183f,-0.045523459326399396f,0.00029663031881336995f,-0.043955773863039005f,-0.04552442573595387f,0.9989420195150339f,-0.006509094302349245f,-2.423698661317702f,-1.2233601763814235e-16f,-0.006515849766754504f,-0.9999787716255866f,0.27395932122236816f,0f,0f,0f,1f],start_interpolation:0}
execute if entity @s[tag=aj.uncle_alphon.bone.leftarm] run data modify entity @s {} merge value {transformation:[-0.9989632258804183f,-0.045523459326399396f,0.00029663031881336995f,-0.2113493179437661f,-0.04552442573595387f,0.9989420195150339f,-0.006509094302349245f,1.2494941814944505f,-1.2233601763814235e-16f,-0.006515849766754504f,-0.9999787716255866f,0.24999999999999997f,0f,0f,0f,1f],start_interpolation:0}
execute if entity @s[tag=aj.uncle_alphon.bone.righarm] run data modify entity @s {} merge value {transformation:[-0.9968392485655451f,-0.07944334179666449f,-0.0005176518690235631f,-0.211349317943766f,-0.0794450282854702f,0.9968180872887467f,0.006495254785257538f,1.2494941814944505f,-1.220640469748687e-16f,0.0065158497667544895f,-0.9999787716255866f,-0.5f,0f,0f,0f,1f],start_interpolation:0}
execute if entity @s[tag=aj.uncle_alphon.bone.torso] run data modify entity @s {} merge value {transformation:[-0.999100767101245f,-0.042398787455584105f,1.2246467991473532e-16f,-0.18617503789201298f,-0.042398787455584105f,0.999100767101245f,0f,0.6562781010280861f,-1.2235455564562048e-16f,-5.192353934521003e-18f,-1f,-0.12500000000000003f,0f,0f,0f,1f],start_interpolation:0}