execute if entity @s[tag=aj.uncle_alphon.bone.head] run data modify entity @s {} merge value {transformation:[-0.9992083428780468f,-0.03978300545342979f,1.2246467991473532e-16f,-0.21485081624923297f,-0.03978300545342979f,0.9992083428780468f,0f,1.3744557357286573f,-1.223677298786931e-16f,-4.872013028900449e-18f,-1f,-0.12500000000000003f,0f,0f,0f,1f],start_interpolation:0}
execute if entity @s[tag=aj.uncle_alphon.bone.basket] run data modify entity @s {} merge value {transformation:[-0.9990889433449577f,-0.042670253257573156f,0.0007299128649342608f,-0.05297587237465573f,-0.04267649570730741f,0.9989428028897606f,-0.017087810535392003f,-2.4236410304772384f,-1.2234971952130235e-16f,-0.017103392695130712f,-0.9998537262811577f,0.31289059665951335f,0f,0f,0f,1f],start_interpolation:0}
execute if entity @s[tag=aj.uncle_alphon.bone.leftarm] run data modify entity @s {} merge value {transformation:[-0.9990889433449577f,-0.042670253257573156f,0.0007299128649342608f,-0.20987794056755427f,-0.04267649570730741f,0.9989428028897606f,-0.017087810535392003f,1.2495546928689014f,-1.2234971952130235e-16f,-0.017103392695130712f,-0.9998537262811577f,0.24999999999999997f,0f,0f,0f,1f],start_interpolation:0}
execute if entity @s[tag=aj.uncle_alphon.bone.righarm] run data modify entity @s {} merge value {transformation:[-0.99780146829205f,-0.06626420627012644f,-0.0011335085439790596f,-0.20987794056755418f,-0.06627390040000013f,0.9976555161606167f,0.017065790343976938f,1.2495546928689014f,-1.2219543743283882e-16f,0.017103392695130698f,-0.9998537262811577f,-0.5f,0f,0f,0f,1f],start_interpolation:0}
execute if entity @s[tag=aj.uncle_alphon.bone.torso] run data modify entity @s {} merge value {transformation:[-0.9992083428780468f,-0.03978300545342979f,1.2246467991473532e-16f,-0.1862567810795803f,-0.03978300545342979f,0.9992083428780468f,0f,0.6562747392850611f,-1.223677298786931e-16f,-4.872013028900449e-18f,-1f,-0.12500000000000003f,0f,0f,0f,1f],start_interpolation:0}