execute if entity @s[tag=aj.percival.bone.rightarm] run data modify entity @s {} merge value {transformation:[-0.03209625021482036f,0.999435368552853f,0.009938551593192485f,-0.2986591080881274f,0.9985267576469763f,0.0324991694533123f,-0.043452482643245194f,0.8133460389370478f,-0.043750942677435865f,0.00852924794268492f,-0.9990060595133384f,-0.13708580601894793f,0f,0f,0f,1f],start_interpolation:0}
execute if entity @s[tag=aj.percival.bone.leftarm] run data modify entity @s {} merge value {transformation:[-0.8877718048363791f,-0.4262793397585653f,0.1736293380525297f,0.25529525298123956f,-0.4304643893612716f,0.9024873601507737f,0.014730046161338621f,0.8133460389370478f,-0.16297739729602242f,-0.06166432731400924f,-0.9847009082495686f,-0.03940870608129956f,0f,0f,0f,1f],start_interpolation:0}
execute if entity @s[tag=aj.percival.bone.torso] run data modify entity @s {} merge value {transformation:[-0.984807753012208f,-0.002557845672866216f,0.1736293380525297f,-0.0009591921273248272f,0f,0.9998915069846752f,0.014730046161338621f,0.4999593151192532f,-0.17364817766693044f,0.014506263661913989f,-0.9847009082495686f,-0.025810151126782255f,0f,0f,0f,1f],start_interpolation:0}
execute if entity @s[tag=aj.percival.bone.head] run data modify entity @s {} merge value {transformation:[-0.9961930561111594f,-0.002557845672866216f,0.08713697482367816f,-0.001918384254649658f,-0.0012838081138987587f,0.9998915069846752f,0.014673993888572203f,0.8749186302385064f,-0.08716505488230479f,0.014506263661913989f,-0.9960882599056853f,-0.02037030225356451f,0f,0f,0f,1f],start_interpolation:0}