execute if entity @s[tag=aj.percival.bone.rightarm] run data modify entity @s {} merge value {transformation:[-0.02964428850910019f,0.9995123249905785f,0.009814700745169658f,-0.29696928023660424f,0.9978962471726497f,0.030159885248044f,-0.057388685300912116f,0.8125364591849384f,-0.05765670852148552f,0.008092806296509214f,-0.9983036664506024f,-0.14666929599157477f,0f,0f,0f,1f],start_interpolation:0}
execute if entity @s[tag=aj.percival.bone.leftarm] run data modify entity @s {} merge value {transformation:[-0.8888292354188694f,-0.4240623904393654f,0.17364814793011588f,0.2569850808327627f,-0.43051102308435046f,0.9025851297843963f,0.0005852306814029026f,0.8125364591849384f,-0.15698041045803784f,-0.07423727168300182f,-0.9848075843663523f,-0.04899219605392639f,0f,0f,0f,1f],start_interpolation:0}
execute if entity @s[tag=aj.percival.bone.torso] run data modify entity @s {} merge value {transformation:[-0.984807753012208f,-0.00010162424134038999f,0.17364814793011588f,-0.00003810909050264242f,-6.776263578034403e-21f,0.9999998287525101f,0.0005852306814029026f,0.4999999357821913f,-0.17364817766693044f,0.0005763397123461959f,-0.9848075843663523f,-0.031033872607870175f,0f,0f,0f,1f],start_interpolation:0}
execute if entity @s[tag=aj.percival.bone.head] run data modify entity @s {} merge value {transformation:[-0.9961946955000114f,-0.00010162424134038999f,0.08715571312400125f,-0.00007621818100528867f,-0.00005100621471638809f,0.9999998287525101f,0.000583003701974191f,0.8749998715643826f,-0.08715575744611306f,0.0005763397123461959f,-0.9961945300876383f,-0.030817745215740353f,0f,0f,0f,1f],start_interpolation:0}