execute if entity @s[tag=aj.percival.bone.rightarm] run data modify entity @s {} merge value {transformation:[-0.028792949298363596f,0.9995377115561829f,0.00976366978808249f,-0.2963827751110355f,0.9976304948244995f,0.029345855721051212f,-0.06222713675096639f,0.8122230345992318f,-0.06248489310966365f,0.007948831928534794f,-0.998014255511436f,-0.14999553184732548f,0f,0f,0f,1f],start_interpolation:0}
execute if entity @s[tag=aj.percival.bone.leftarm] run data modify entity @s {} merge value {transformation:[-0.8891965662309443f,-0.4232922653765617f,0.17364655100368778f,0.2575715859583315f,-0.4305070639610395f,0.9025768293097607f,-0.004328403029341023f,0.8122230345992318f,-0.1548971739017316f,-0.07860486795051218f,-0.9847985277465332f,-0.05231843190967711f,0f,0f,0f,1f],start_interpolation:0}
execute if entity @s[tag=aj.percival.bone.torso] run data modify entity @s {} merge value {transformation:[-0.984807753012208f,0.00075161929825309f,0.17364655100368778f,0.0002818572368449126f,0f,0.999990632419732f,-0.004328403029341023f,0.49999648715739947f,-0.17364817766693044f,-0.004262644861456568f,-0.9847985277465332f,-0.032848491823046215f,0f,0f,0f,1f],start_interpolation:0}
execute if entity @s[tag=aj.percival.bone.head] run data modify entity @s {} merge value {transformation:[-0.9961945563187024f,0.00075161929825309f,0.08715412227436034f,0.0005637144736898213f,0.0003772451809334306f,0.999990632419732f,-0.004311932149033778f,0.8749929743147989f,-0.08715654678254019f,-0.004262644861456568f,-0.9961855079309918f,-0.03444698364609242f,0f,0f,0f,1f],start_interpolation:0}