execute if entity @s[tag=aj.percival.bone.rightarm] run data modify entity @s {} merge value {transformation:[-0.030299029619025326f,0.9994923331534563f,0.009851130473490649f,-0.2974204205102772f,0.998084199352078f,0.030785296567027973f,-0.05366746238645561f,0.8127661623258017f,-0.05394348716821078f,0.00820618563892156f,-0.9985102697065227f,-0.14411075235939638f,0f,0f,0f,1f],start_interpolation:0}
execute if entity @s[tag=aj.percival.bone.leftarm] run data modify entity @s {} merge value {transformation:[-0.8885467958307465f,-0.42465453734997355f,0.1736465246614333f,0.25653394055908985f,-0.43050699865293773f,0.9025766923884779f,0.004363309284746571f,0.8127661623258017f,-0.15858220495929962f,-0.07087903967432686f,-0.9847983783521843f,-0.04643365242174801f,0f,0f,0f,1f],start_interpolation:0}
execute if entity @s[tag=aj.percival.bone.torso] run data modify entity @s {} merge value {transformation:[-0.984807753012208f,-0.0007576807058934398f,0.1736465246614333f,-0.00028413026471003607f,0f,0.9999904807207345f,0.004363309284746571f,0.4999964302702754f,-0.17364817766693044f,0.004297020812408575f,-0.9847983783521843f,-0.029638617195346783f,0f,0f,0f,1f],start_interpolation:0}
execute if entity @s[tag=aj.percival.bone.head] run data modify entity @s {} merge value {transformation:[-0.9961945540228236f,-0.0007576807058934398f,0.08715409603234608f,-0.000568260529420076f,-0.00038028746154984054f,0.9999904807207345f,0.004346705575599021f,0.8749928605405508f,-0.08715655980311562f,0.004297020812408575f,-0.9961853591051335f,-0.02802723439069357f,0f,0f,0f,1f],start_interpolation:0}