execute if entity @s[tag=aj.percival.bone.rightarm] run data modify entity @s {} merge value {transformation:[-0.03216888120265882f,0.9994330021261082f,0.00994169720740884f,-0.2987091775085079f,0.9985423833759742f,0.03256834466345489f,-0.04303965064578538f,0.8133679136976008f,-0.043339031876566785f,0.008542668615660082f,-0.9990238991780551f,-0.13680184822542513f,0f,0f,0f,1f],start_interpolation:0}
execute if entity @s[tag=aj.percival.bone.leftarm] run data modify entity @s {} merge value {transformation:[-0.8877404939965589f,-0.4263449842993726f,0.17362825139220125f,0.2552451835608591f,-0.43046169529712336f,0.9024817119278281f,0.01514887843185698f,0.8133679136976008f,-0.16315496989265224f,-0.061292038623171535f,-0.9846947454926036f,-0.03912474828777675f,0f,0f,0f,1f],start_interpolation:0}
execute if entity @s[tag=aj.percival.bone.torso] run data modify entity @s {} merge value {transformation:[-0.984807753012208f,-0.0026305751333898317f,0.17362825139220125f,-0.000986465675021183f,0f,0.9998852491572504f,0.01514887843185698f,0.4999569684339689f,-0.17364817766693044f,0.014918732929132176f,-0.9846947454926036f,-0.025655475151575433f,0f,0f,0f,1f],start_interpolation:0}
execute if entity @s[tag=aj.percival.bone.head] run data modify entity @s {} merge value {transformation:[-0.9961929614024713f,-0.0026305751333898317f,0.08713589229842034f,-0.00197293135004237f,-0.0013203117515224745f,0.9998852491572504f,0.01509123237585232f,0.8749139368679378f,-0.08716559200196544f,0.014918732929132176f,-0.9960821205998711f,-0.020060950303150867f,0f,0f,0f,1f],start_interpolation:0}