execute if entity @s[tag=aj.percival.bone.rightarm] run data modify entity @s {} merge value {transformation:[-0.03158786601616652f,0.9994517926252731f,0.009915691537805638f,-0.2983086673116676f,0.9984124720695715f,0.032014783997953565f,-0.04634208909287009f,0.8131895340764034f,-0.04663413274064232f,0.008436102399365014f,-0.9988764136968274f,-0.13907325442333726f,0f,0f,0f,1f],start_interpolation:0}
execute if entity @s[tag=aj.percival.bone.leftarm] run data modify entity @s {} merge value {transformation:[-0.8879909858174233f,-0.4258198172757151f,0.17363609164651578f,0.2556456937576994f,-0.43048113297006374f,0.9025224638566125f,0.011798152016305304f,0.8131895340764034f,-0.1617343601830202f,-0.06427040881670316f,-0.9847392097843586f,-0.04139615448568887f,0f,0f,0f,1f],start_interpolation:0}
execute if entity @s[tag=aj.percival.bone.torso] run data modify entity @s {} merge value {transformation:[-0.984807753012208f,-0.002048727597468837f,0.17363609164651578f,-0.0007682728490508102f,0f,0.999930399382377f,0.011798152016305304f,0.4999738997683914f,-0.17364817766693047f,0.011618911576874079f,-0.9847392097843586f,-0.02689290815867222f,0f,0f,0f,1f],start_interpolation:0}
execute if entity @s[tag=aj.percival.bone.head] run data modify entity @s {} merge value {transformation:[-0.9961936447256594f,-0.002048727597468837f,0.08714370271820016f,-0.001536545698101624f,-0.0010282767020308697f,0.999930399382377f,0.01175325648592378f,0.8749477995367828f,-0.08716171668359182f,0.011618911576874079f,-0.9961264156915719f,-0.022535816317344443f,0f,0f,0f,1f],start_interpolation:0}