execute if entity @s[tag=aj.percival.bone.rightarm] run data modify entity @s {} merge value {transformation:[-0.030970623933909678f,0.9994714044660113f,0.009885955081981534f,-0.2978832415270367f,0.9982621567798088f,0.03142623201987283f,-0.049850358898985876f,0.8129915382265069f,-0.050134686540048545f,0.008324878123536245f,-0.9987077698755323f,-0.14148596394131063f,0f,0f,0f,1f],start_interpolation:0}
execute if entity @s[tag=aj.percival.bone.leftarm] run data modify entity @s {} merge value {transformation:[-0.8882571441650916f,-0.42526180469556735f,0.17364228548007762f,0.25607111954233025f,-0.4304964888126416f,0.9025546580500776f,0.008237860893131698f,0.8129915382265069f,-0.16022490118474964f,-0.0674350554176133f,-0.9847743367600319f,-0.04380886400366227f,0f,0f,0f,1f],start_interpolation:0}
execute if entity @s[tag=aj.percival.bone.torso] run data modify entity @s {} merge value {transformation:[-0.984807753012208f,-0.0014304895319659915f,0.17364228548007762f,-0.000536433574487243f,1.0842021724855044e-19f,0.9999660682482708f,0.008237860893131698f,0.4999872755931016f,-0.17364817766693044f,0.008112709275792168f,-0.9847743367600319f,-0.02820773402157794f,0f,0f,0f,1f],start_interpolation:0}
execute if entity @s[tag=aj.percival.bone.head] run data modify entity @s {} merge value {transformation:[-0.9961941845538239f,-0.0014304895319659915f,0.08714987298235533f,-0.0010728671489744898f,-0.0007179768847927799f,0.9999660682482708f,0.00820651334535513f,0.8749745511862032f,-0.0871586551659365f,0.008112709275792168f,-0.9961614089984976f,-0.025165468043155875f,0f,0f,0f,1f],start_interpolation:0}