execute if entity @s[tag=aj.percival.bone.rightarm] run data modify entity @s {} merge value {transformation:[-0.028166289457925688f,0.9995559586541237f,0.009723459117414013f,-0.29595112731851153f,0.9974194350501885f,0.028746061325656776f,-0.06578855935817764f,0.8119816656792122f,-0.06603885766982368f,0.007845347493722343f,-0.9977862094659192f,-0.1524435281255448f,0f,0f,0f,1f],start_interpolation:0}
execute if entity @s[tag=aj.percival.bone.leftarm] run data modify entity @s {} merge value {transformation:[-0.8894670140918904f,-0.422725259644808f,0.17364269550052036f,0.2580032337508555f,-0.43049750534130826f,0.9025567892467471f,-0.007946073213437052f,0.8119816656792122f,-0.15336338786479342f,-0.08182051724862585f,-0.9847766621015144f,-0.0547664281878964f,0f,0f,0f,1f],start_interpolation:0}
execute if entity @s[tag=aj.percival.bone.torso] run data modify entity @s {} merge value {transformation:[-0.984807753012208f,0.0013798211331213545f,0.17364269550052036f,0.0005174329249205118f,0f,0.9999684294618939f,-0.007946073213437052f,0.4999881610482102f,-0.17364817766693047f,-0.00782535450659544f,-0.9847766621015144f,-0.03418450793997329f,0f,0f,0f,1f],start_interpolation:0}
execute if entity @s[tag=aj.percival.bone.head] run data modify entity @s {} merge value {transformation:[-0.9961942202894601f,0.0013798211331213545f,0.0871502814425465f,0.0010348658498410199f,0.0006925459128443773f,0.9999684294618939f,-0.007915836005874831f,0.8749763220964204f,-0.08715845249907249f,-0.00782535450659544f,-0.9961637254913537f,-0.03711901587994658f,0f,0f,0f,1f],start_interpolation:0}