execute if entity @s[tag=aj.thaddeus.bone.rightarm] run data modify entity @s {} merge value {transformation:[-0.7297808731480321f,0.46193064681617724f,-0.5040237640422167f,-0.2864142932988213f,0.6763250185711106f,0.5956272265704022f,-0.43337359889919164f,1.4208220174776827f,0.10002172984948232f,-0.6571516449800905f,-0.7470926107638051f,-0.0696381985458935f,0f,0f,0f,1f],start_interpolation:0}
execute if entity @s[tag=aj.thaddeus.bone.leftarm] run data modify entity @s {} merge value {transformation:[-0.5599086416628363f,-0.7417152324009708f,-0.369270669043253f,0.2864142932988213f,-0.5770769806393241f,0.6689040078730814f,-0.4685611877519625f,1.395174607597382f,0.5945456007805278f,-0.04925385543998301f,-0.8025519212591908f,-0.3183038792157014f,0f,0f,0f,1f],start_interpolation:0}
execute if entity @s[tag=aj.thaddeus.bone.torso] run data modify entity @s {} merge value {transformation:[-0.9165257385562282f,1.256437026040677e-17f,-0.3999757124675952f,2.023966032692579e-17f,0.04103585580848105f,0.9947231211043257f,-0.09403175462860648f,1.129719905214432f,0.39786508907169266f,-0.1025958690224363f,-0.9116893432290986f,-0.16526936861319877f,0f,0f,0f,1f],start_interpolation:0}
execute if entity @s[tag=aj.thaddeus.bone.head] run data modify entity @s {} merge value {transformation:[-1f,1.314983992952569e-18f,1.224576197862626e-16f,2.495129917457833e-17f,0f,0.9999423496760239f,-0.01073765916726449f,1.502741075628554f,-1.2246467991473532e-16f,-0.01073765916726449f,-0.9999423496760239f,-0.20374281949661238f,0f,0f,0f,1f],start_interpolation:0}
execute if entity @s[tag=aj.thaddeus.bone.leftleg] run data modify entity @s {} merge value {transformation:[-0.6533068690432124f,-0.17444188869565744f,-0.7367225816609986f,0.08452331245283146f,-0.2608769519942292f,0.9653681204413103f,0.002758251948712917f,0.7564432738807388f,0.710727339265316f,0.19399592651368694f,-0.6761894924626828f,-0.21888687489561987f,0f,0f,0f,1f],start_interpolation:0}
execute if entity @s[tag=aj.thaddeus.bone.rightleg] run data modify entity @s {} merge value {transformation:[-0.6515121268057069f,0.18102979394524457f,-0.7367225816609986f,-0.08452331245283143f,0.2648206008040078f,0.9642937526687558f,0.002758251948712917f,0.7569541957198808f,0.7109163087276229f,-0.19330228210797343f,-0.6761894924626828f,-0.03470496056395045f,0f,0f,0f,1f],start_interpolation:0}