execute if entity @s[tag=aj.thaddeus.bone.rightarm] run data modify entity @s {} merge value {transformation:[-0.7372707312436839f,0.46151015120424066f,-0.49339664488810864f,-0.2880370899534731f,0.6681253296537036f,0.6063866696994674f,-0.43116557224101093f,1.4136482594249111f,0.100201859895579f,-0.6475365527491306f,-0.7554177652976126f,-0.07488779179862282f,0f,0f,0f,1f],start_interpolation:0}
execute if entity @s[tag=aj.thaddeus.bone.leftarm] run data modify entity @s {} merge value {transformation:[-0.5755994076073787f,-0.735072905897159f,-0.35826407157003765f,0.2880370899534731f,-0.5720983077759801f,0.675037084012126f,-0.46586313596191053f,1.389512560644297f,0.5842849032808346f,-0.06318827600364019f,-0.809084911226129f,-0.31609518656277746f,0f,0f,0f,1f],start_interpolation:0}
execute if entity @s[tag=aj.thaddeus.bone.torso] run data modify entity @s {} merge value {transformation:[-0.921718687851114f,1.219317358025193e-17f,-0.38785907294534255f,2.051691463123569e-17f,0.03861711804898224f,0.9950310784067524f,-0.0917707535017891f,1.1221720210857842f,0.38593183162264744f,-0.0995648181070762f,-0.9171387399601507f,-0.16753332181589306f,0f,0f,0f,1f],start_interpolation:0}
execute if entity @s[tag=aj.thaddeus.bone.head] run data modify entity @s {} merge value {transformation:[-1f,7.122926681379384e-19f,1.2246260843936607e-16f,2.5089354723830164e-17f,0f,0.9999830851199651f,-0.0058163110264434215f,1.4953086754883163f,-1.2246467991473532e-16f,-0.0058163110264434215f,-0.9999830851199651f,-0.20487012860604664f,0f,0f,0f,1f],start_interpolation:0}
execute if entity @s[tag=aj.thaddeus.bone.leftleg] run data modify entity @s {} merge value {transformation:[-0.6412323827548144f,-0.17123731177303045f,-0.747996533657295f,0.08296264780631643f,-0.2571957392553628f,0.9663590441375359f,-0.0007412978317606969f,0.7486695574666831f,0.7229601531311877f,0.19190617725944598f,-0.6637022194585428f,-0.22369552706641385f,0f,0f,0f,1f],start_interpolation:0}
execute if entity @s[tag=aj.thaddeus.bone.rightleg] run data modify entity @s {} merge value {transformation:[-0.6405106521119631f,0.173917480914883f,-0.747996533657295f,-0.0829626478063164f,0.26284735992834035f,0.9648371447328435f,-0.0007412978317606969f,0.7494011758998207f,0.7215659151524613f,-0.19708372326500023f,-0.6637022194585428f,-0.036697502985065106f,0f,0f,0f,1f],start_interpolation:0}