execute if entity @s[tag=aj.thaddeus.bone.rightarm] run data modify entity @s {} merge value {transformation:[-0.7395625160322152f,0.46133369537231966f,-0.49012090997448665f,-0.28852497138979116f,0.6650489007809941f,0.6130457637810719f,-0.42647960218523223f,1.4147857361184455f,0.1037171367233531f,-0.6413627000568416f,-0.7601951345054158f,-0.07125121424422243f,0f,0f,0f,1f],start_interpolation:0}
execute if entity @s[tag=aj.thaddeus.bone.leftarm] run data modify entity @s {} merge value {transformation:[-0.5803756465213596f,-0.7329613791243803f,-0.35486860334072934f,0.28852497138979116f,-0.5736011276761122f,0.6772666085657367f,-0.460751220563286f,1.3923656438914107f,0.578053505528343f,-0.06385575646683334f,-0.813496519422451f,-0.31028197168479116f,0f,0f,0f,1f],start_interpolation:0}
execute if entity @s[tag=aj.thaddeus.bone.torso] run data modify entity @s {} merge value {transformation:[-0.9232799084473317f,1.1436481335932781e-17f,-0.38412785717451775f,2.014708269163871e-17f,0.03587214756325541f,0.9956299829906762f,-0.08622137785483351f,1.123678667918817f,0.38244921190491f,-0.09338595702773489f,-0.9192451595430499f,-0.16451341485288568f,0f,0f,0f,1f],start_interpolation:0}
execute if entity @s[tag=aj.thaddeus.bone.head] run data modify entity @s {} merge value {transformation:[-1f,3.1211867622871233e-19f,1.2246428217464277e-16f,2.4435763192613503e-17f,0f,0.9999967522056741f,-0.0025486424040468136f,1.4970399115403206f,-1.2246467991473532e-16f,-0.0025486424040468136f,-0.9999967522056741f,-0.19953314873828626f,0f,0f,0f,1f],start_interpolation:0}
execute if entity @s[tag=aj.thaddeus.bone.leftleg] run data modify entity @s {} merge value {transformation:[-0.6599905531164248f,-0.1765510346814486f,-0.7302343472817379f,0.08539956887286025f,-0.25764539279196585f,0.9662392511335398f,-0.0007490940994800271f,0.7501221338617188f,0.7057133422078326f,0.1876471202065361f,-0.6831963384767548f,-0.2207727886426556f,0f,0f,0f,1f],start_interpolation:0}
execute if entity @s[tag=aj.thaddeus.bone.rightleg] run data modify entity @s {} merge value {transformation:[-0.659720845317585f,0.17755620040839296f,-0.7302343472817379f,-0.08539956887286022f,0.2606632887516416f,0.9654294840925506f,-0.0007490940994800271f,0.750512714732908f,0.7048567628608167f,-0.19083947951439753f,-0.6831963384767548f,-0.038214573292314605f,0f,0f,0f,1f],start_interpolation:0}