execute if entity @s[tag=aj.thaddeus.bone.rightarm] run data modify entity @s {} merge value {transformation:[-0.7232898809685392f,0.473116829319855f,-0.5030031947242913f,-0.2887123539097771f,0.6697401667120702f,0.658073540771713f,-0.3440745907919809f,1.4093342860830396f,0.16822561392666932f,-0.5857471133095815f,-0.7928432771162831f,0.009394281672461036f,0f,0f,0f,1f],start_interpolation:0}
execute if entity @s[tag=aj.thaddeus.bone.leftarm] run data modify entity @s {} merge value {transformation:[-0.5577990171676953f,-0.757590014154613f,-0.3389950248896972f,0.2887123539097771f,-0.6569202316157512f,0.652618631520694f,-0.37755096488548995f,1.4153294735120123f,0.5072633100675239f,0.012095133123285973f,-0.8617062388157979f,-0.22970771440284127f,0f,0f,0f,1f],start_interpolation:0}
execute if entity @s[tag=aj.thaddeus.bone.torso] run data modify entity @s {} merge value {transformation:[-0.9238795325112867f,-3.069685896691898e-18f,-0.3826834323650896f,1.4353656168565888e-17f,-0.009592299886356192f,0.9996858012800219f,0.02315786047999102f,1.1311702481875199f,0.3825631937204837f,0.025065887559001757f,-0.9235892507447577f,-0.11720649724115936f,0f,0f,0f,1f],start_interpolation:0}
execute if entity @s[tag=aj.thaddeus.bone.head] run data modify entity @s {} merge value {transformation:[-0.9998335396068843f,-0.00012717179360757154f,0.018244914483329575f,1.3202523957306427e-17f,0.00045733608428532067f,0.9994868351155136f,0.03202900676699125f,1.5060524236675281f,-0.0182396250201343f,0.03203201926368163f,-0.9993204019837761f,-0.1078067894065337f,0f,0f,0f,1f],start_interpolation:0}
execute if entity @s[tag=aj.thaddeus.bone.leftleg] run data modify entity @s {} merge value {transformation:[-0.8972710353135347f,-0.25366091081145675f,-0.36133202392492064f,0.11655390685488208f,-0.2750150866279634f,0.9614066005478489f,0.008003158754069858f,0.7571228266534688f,0.3453569042518058f,0.10655276040221223f,-0.9324028731917753f,-0.17176691789913603f,0f,0f,0f,1f],start_interpolation:0}
execute if entity @s[tag=aj.thaddeus.bone.rightleg] run data modify entity @s {} merge value {transformation:[-0.899062679137685f,0.24723565169305245f,-0.36133202392492064f,-0.11655390685488205f,0.2621498237049373f,0.9649939996608411f,0.008003158754069858f,0.7554533187615545f,0.35066190114302126f,-0.08752778501986785f,-0.9324028731917753f,-0.081445492252434f,0f,0f,0f,1f],start_interpolation:0}