execute if entity @s[tag=aj.thaddeus.bone.rightarm] run data modify entity @s {} merge value {transformation:[-0.8759334979050242f,0.2946719046457642f,-0.3819803343894901f,-0.2905298082174934f,0.3236068331063573f,0.9461128132616152f,-0.012213195694256912f,1.3587792316605312f,0.3577976031428147f,-0.13430939354575927f,-0.9240897478008437f,0.17361037753911585f,0f,0f,0f,1f],start_interpolation:0}
execute if entity @s[tag=aj.thaddeus.bone.leftarm] run data modify entity @s {} merge value {transformation:[-0.7927794170756683f,-0.4329183838589599f,-0.4290483291869457f,0.2883250853093907f,-0.47627778999497145f,0.8792658096122751f,-0.007148622550977535f,1.4096396432841976f,0.3803422966469406f,0.19867890920733552f,-0.9032532471115251f,-0.05653138479325798f,0f,0f,0f,1f],start_interpolation:0}
execute if entity @s[tag=aj.thaddeus.bone.torso] run data modify entity @s {} merge value {transformation:[-0.9261678296430146f,-0.0016797888823639655f,-0.37710784882266585f,-0.0006299208308864772f,-0.08137665859786654f,0.9773204913672365f,0.19550574566786938f,1.109338049275329f,0.3682268197317981f,0.2117589088161677f,-0.9052994939616346f,-0.0010176967316182367f,0f,0f,0f,1f],start_interpolation:0}
execute if entity @s[tag=aj.thaddeus.bone.head] run data modify entity @s {} merge value {transformation:[-0.984188314724367f,-0.0026915464452360286f,-0.1771048185051548f,-0.0012598416617729644f,-0.03912201165053301f,0.9784934357868805f,0.20253410657566123f,1.4758332335380429f,0.17275077239892803f,0.2062603977978295f,-0.9631271042473339f,0.07839189407444465f,0f,0f,0f,1f],start_interpolation:0}
execute if entity @s[tag=aj.thaddeus.bone.leftleg] run data modify entity @s {} merge value {transformation:[-0.9875171094681249f,-0.15751177260039784f,1.2246467991473535e-16f,0.125f,-0.15751177260039784f,0.9875171094681249f,0f,0.7428428650126153f,-1.2093596672133856e-16f,-1.92896288143103e-17f,-1f,-0.08042728753768111f,0f,0f,0f,1f],start_interpolation:0}
execute if entity @s[tag=aj.thaddeus.bone.rightleg] run data modify entity @s {} merge value {transformation:[-0.9875171094681249f,0.15751177260039784f,1.2246467991473535e-16f,-0.12499999999999999f,0.15751177260039784f,0.9875171094681249f,0f,0.7428428650126153f,-1.2093596672133856e-16f,1.92896288143103e-17f,-1f,-0.08042728753768114f,0f,0f,0f,1f],start_interpolation:0}