execute if entity @s[tag=aj.thaddeus.bone.rightarm] run data modify entity @s {} merge value {transformation:[-0.7255506084242498f,0.4620626901298576f,-0.5099748866416464f,-0.2854784363361832f,0.6814409093245187f,0.5857701069674652f,-0.4387615170936229f,1.4110499982997131f,0.0959927169850612f,-0.6658614361661768f,-0.7398742772340058f,-0.07648101333578233f,0f,0f,0f,1f],start_interpolation:0}
execute if entity @s[tag=aj.thaddeus.bone.leftarm] run data modify entity @s {} merge value {transformation:[-0.5509909067556473f,-0.7452938108190273f,-0.37542796409889523f,0.2854784363361832f,-0.5764487011640728f,0.6652118519263481f,-0.47455251235555784f,1.3831149391040685f,0.6034201816303818f,-0.04505915680047898f,-0.7961493307097524f,-0.3291722914122665f,0f,0f,0f,1f],start_interpolation:0}
execute if entity @s[tag=aj.thaddeus.bone.torso] run data modify entity @s {} merge value {transformation:[-0.9135309962757862f,1.3456510419819547e-17f,-0.406769122283599f,2.1082529973910086e-17f,0.04469609471303155f,0.993944777943329f,-0.10037946760463565f,1.1196090302948778f,0.40430604492237465f,-0.10988074626242025f,-0.9079993632376844f,-0.17215192158742065f,0f,0f,0f,1f],start_interpolation:0}
execute if entity @s[tag=aj.thaddeus.bone.head] run data modify entity @s {} merge value {transformation:[-1f,1.88340255832026e-18f,1.2245019649401096e-16f,2.6128721381342417e-17f,0f,0.9998817338947487f,-0.015379148989174321f,1.4923383220236262f,-1.2246467991473532e-16f,-0.015379148989174321f,-0.9998817338947487f,-0.21335720143582823f,0f,0f,0f,1f],start_interpolation:0}
execute if entity @s[tag=aj.thaddeus.bone.leftleg] run data modify entity @s {} merge value {transformation:[-0.6361125437101195f,-0.16935436136853765f,-0.7527814636533607f,0.08228154453962636f,-0.261235069471137f,0.9652685380490745f,0.0035899764641072127f,0.7464645136199335f,0.726028284719715f,0.19893654701451258f,-0.6582607234590949f,-0.22504539314633804f,0f,0f,0f,1f],start_interpolation:0}
execute if entity @s[tag=aj.thaddeus.bone.rightleg] run data modify entity @s {} merge value {transformation:[-0.6335267745281644f,0.17878449019935755f,-0.7527814636533607f,-0.08228154453962633f,0.26764216744861596f,0.9635116928571207f,0.0035899764641072127f,0.7472949635123254f,0.7259555745080737f,-0.1992017163373891f,-0.6582607234590949f,-0.036847890331688074f,0f,0f,0f,1f],start_interpolation:0}