execute if entity @s[tag=aj.thaddeus.bone.rightarm] run data modify entity @s {} merge value {transformation:[-0.9267702356625183f,0.18489026515439308f,-0.3269748004681381f,-0.2989847458249579f,0.1762144304601196f,0.9827438096136359f,0.05624125855360543f,1.3695386697061642f,0.3317309222663094f,-0.00549495379562269f,-0.943358044803312f,0.1713809403343075f,0f,0f,0f,1f],start_interpolation:0}
execute if entity @s[tag=aj.thaddeus.bone.leftarm] run data modify entity @s {} merge value {transformation:[-0.8838057173381071f,-0.26366645564852825f,-0.3864808587319904f,0.28873036273621483f,-0.310772364408622f,0.9483481298146674f,0.06368957683088627f,1.412353045000747f,0.3497255946028954f,0.1763967824047972f,-0.9200957469942386f,-0.036904633907077725f,0f,0f,0f,1f],start_interpolation:0}
execute if entity @s[tag=aj.thaddeus.bone.torso] run data modify entity @s {} merge value {transformation:[-0.9403441736978763f,-0.007812863305708986f,-0.3401349646234925f,-0.0029298237396408635f,-0.06850300047133256f,0.9836096610215346f,0.16679140766696146f,1.114305640191149f,0.3332569187862164f,0.1801415940644143f,-0.9254668185132565f,0.01657332988299838f,0f,0f,0f,1f],start_interpolation:0}
execute if entity @s[tag=aj.thaddeus.bone.head] run data modify entity @s {} merge value {transformation:[-0.9725962580765488f,-0.008535704927831254f,-0.2323438411425623f,-0.005859647479281733f,-0.04933659771081186f,0.9841444259550524f,0.170369155036708f,1.4831592630742245f,0.2272056753292415f,0.17716345730140098f,-0.9575963087309798f,0.08412642765715374f,0f,0f,0f,1f],start_interpolation:0}
execute if entity @s[tag=aj.thaddeus.bone.leftleg] run data modify entity @s {} merge value {transformation:[-0.9934477790194444f,-0.11428696496684643f,1.2246467991473535e-16f,0.125f,-0.11428696496684643f,0.9934477790194444f,0f,0.7454520173080736f,-1.2166226426962095e-16f,-1.3996116583091417e-17f,-1f,-0.05097976789115696f,0f,0f,0f,1f],start_interpolation:0}
execute if entity @s[tag=aj.thaddeus.bone.rightleg] run data modify entity @s {} merge value {transformation:[-0.9934477790194444f,0.11428696496684643f,1.2246467991473535e-16f,-0.125f,0.11428696496684643f,0.9934477790194444f,0f,0.7454520173080736f,-1.2166226426962095e-16f,1.3996116583091417e-17f,-1f,-0.05097976789115699f,0f,0f,0f,1f],start_interpolation:0}