execute if entity @s[tag=aj.thaddeus.bone.rightarm] run data modify entity @s {} merge value {transformation:[-0.7240977868562043f,0.46209050262882934f,-0.5120105100973834f,-0.285153792936254f,0.6834411167255651f,0.5805019498487672f,-0.4426349807580644f,1.4094330218639373f,0.09268567871499683f,-0.6704400447482348f,-0.7361518262961284f,-0.08045113727000164f,0f,0f,0f,1f],start_interpolation:0}
execute if entity @s[tag=aj.thaddeus.bone.leftarm] run data modify entity @s {} merge value {transformation:[-0.5479188927824755f,-0.7464942804654022f,-0.37753301334382317f,0.285153792936254f,-0.574521404001879f,0.6638384948096283f,-0.4787939109393483f,1.3799952263398834f,0.6080378633569916f,-0.04543943266952549f,-0.7926065951548321f,-0.3344347463690063f,0f,0f,0f,1f],start_interpolation:0}
execute if entity @s[tag=aj.thaddeus.bone.torso] run data modify entity @s {} merge value {transformation:[-0.9124921373960126f,1.409979347476697e-17f,-0.4090942424313208f,2.1471138421886845e-17f,0.04710047283848602f,0.9933500216068913f,-0.10505846006857031f,1.1176080282917116f,0.4063737745584074f,-0.11513355103352081f,-0.9064240843984477f,-0.17532515037671179f,0f,0f,0f,1f],start_interpolation:0}
execute if entity @s[tag=aj.thaddeus.bone.head] run data modify entity @s {} merge value {transformation:[-1f,2.1915651143901978e-18f,1.2244506878175195e-16f,2.675856097492446e-17f,0f,0.9998398629466305f,-0.01789548722060967f,1.490114286394296f,-1.2246467991473532e-16f,-0.01789548722060967f,-0.9998398629466305f,-0.2185002320142821f,0f,0f,0f,1f],start_interpolation:0}
execute if entity @s[tag=aj.thaddeus.bone.leftleg] run data modify entity @s {} merge value {transformation:[-0.6179744785966843f,-0.16405205067243553f,-0.7688917144002301f,0.07991934690065158f,-0.2604132851686111f,0.9654915982183107f,0.0033007086426736845f,0.7445093665443486f,0.7418170021715923f,0.20226937098834524f,-0.6393705004526963f,-0.22826222743352817f,0f,0f,0f,1f],start_interpolation:0}
execute if entity @s[tag=aj.thaddeus.bone.rightleg] run data modify entity @s {} merge value {transformation:[-0.6150235621643276f,0.17479001547392956f,-0.7688917144002301f,-0.07991934690065156f,0.26955290606991683f,0.9629799251031762f,0.0033007086426736845f,0.7456941738339061f,0.7410042164603142f,-0.2052269824825788f,-0.6393705004526963f,-0.03603791004475479f,0f,0f,0f,1f],start_interpolation:0}