execute if entity @s[tag=aj.thaddeus.bone.rightarm] run data modify entity @s {} merge value {transformation:[-0.7274294278056133f,0.46201343024202857f,-0.5073361980367577f,-0.285895814445102f,0.6798362242850162f,0.585579439573584f,-0.44149680417708603f,1.4103491129629968f,0.09310819358300867f,-0.6660632929569692f,-0.7400611826484533f,-0.08080830276422601f,0f,0f,0f,1f],start_interpolation:0}
execute if entity @s[tag=aj.thaddeus.bone.leftarm] run data modify entity @s {} merge value {transformation:[-0.554956598064273f,-0.7437197356245095f,-0.3726984425880239f,0.285895814445102f,-0.5725918786445119f,0.6665022408487515f,-0.4774026638530006f,1.3817060290830754f,0.6034581300929479f,-0.05153365682932248f,-0.7957276967898756f,-0.3315250889532146f,0f,0f,0f,1f],start_interpolation:0}
execute if entity @s[tag=aj.thaddeus.bone.torso] run data modify entity @s {} merge value {transformation:[-0.9148666062243264f,1.3900530442134892e-17f,-0.4037562294449255f,2.1363967437649637e-17f,0.04582893420787428f,0.99353725997954f,-0.1038432560242516f,1.1184073313786276f,0.40114685790238175f,-0.11350644489344178f,-0.908954061194898f,-0.17445003287906408f,0f,0f,0f,1f],start_interpolation:0}
execute if entity @s[tag=aj.thaddeus.bone.head] run data modify entity @s {} merge value {transformation:[-1f,1.9127519178295548e-18f,1.224497415543186e-16f,2.6576666353450222e-17f,0f,0.9998780190302451f,-0.015618804696678965f,1.490983803870955f,-1.2246467991473532e-16f,-0.015618804696678965f,-0.9998780190302451f,-0.21701494971410476f,0f,0f,0f,1f],start_interpolation:0}
execute if entity @s[tag=aj.thaddeus.bone.leftleg] run data modify entity @s {} merge value {transformation:[-0.6136766257468182f,-0.1629996658420918f,-0.772549097434827f,0.07936727831375037f,-0.2588307541729022f,0.965921004391671f,0.0018038761798544467f,0.7451957704679475f,0.7459273689215902f,0.2010664621719693f,-0.6349524691528979f,-0.22845339135102352f,0f,0f,0f,1f],start_interpolation:0}
execute if entity @s[tag=aj.thaddeus.bone.rightleg] run data modify entity @s {} merge value {transformation:[-0.6112399292420603f,0.17191172430289642f,-0.772549097434827f,-0.07936727831375034f,0.26863240460176646f,0.9632410794959901f,0.0018038761798544467f,0.7464659473046527f,0.7444611340412834f,-0.20642912056830634f,-0.6349524691528979f,-0.03531684073702332f,0f,0f,0f,1f],start_interpolation:0}