execute if entity @s[tag=aj.thaddeus.bone.rightarm] run data modify entity @s {} merge value {transformation:[-0.7147411480284621f,0.47849721515703264f,-0.5100838229172929f,-0.2887123539097771f,0.6875455917649779f,0.6143706487331609f,-0.38707850007426275f,1.4157252750517626f,0.12816454486129203f,-0.6273668153976262f,-0.7681046337435665f,-0.022270173766744367f,0f,0f,0f,1f],start_interpolation:0}
execute if entity @s[tag=aj.thaddeus.bone.leftarm] run data modify entity @s {} merge value {transformation:[-0.5457550758604253f,-0.7695679148165304f,-0.33153675762653934f,0.2887123539097771f,-0.6405010498918521f,0.6382278071630407f,-0.42711084187982373f,1.4099691267252348f,0.5402867777949196f,-0.0207482685733944f,-0.8412251227175692f,-0.2613780438922285f,0f,0f,0f,1f],start_interpolation:0}
execute if entity @s[tag=aj.thaddeus.bone.torso] run data modify entity @s {} merge value {transformation:[-0.9238795325112867f,2.9472918981344843e-18f,-0.3826834323650896f,1.6539518245645324e-17f,0.00920983732244431f,0.9997103606925706f,-0.02223451417109497f,1.1316786619437131f,0.38257259220077466f,-0.024066464716083896f,-0.923611940683342f,-0.13505541562808787f,0f,0f,0f,1f],start_interpolation:0}
execute if entity @s[tag=aj.thaddeus.bone.head] run data modify entity @s {} merge value {transformation:[-0.9996330045502604f,-0.0010049924220960052f,0.0270711323008593f,1.7644752707445757e-17f,-0.0006519552493596772f,0.9999146748058445f,0.013046764437020821f,1.5065700472034271f,-0.027081934350631796f,0.013024327167028966f,-0.9995483658801481f,-0.14408033989661934f,0f,0f,0f,1f],start_interpolation:0}
execute if entity @s[tag=aj.thaddeus.bone.leftleg] run data modify entity @s {} merge value {transformation:[-0.8179207486141087f,-0.2346883208711038f,-0.5252875793631884f,0.10636524329257382f,-0.2794423157831509f,0.9601428245607629f,0.006143988462706876f,0.7575832091974346f,0.5029091778206936f,0.1518128732722687f,-0.8509025857126844f,-0.19168718569262225f,0f,0f,0f,1f],start_interpolation:0}
execute if entity @s[tag=aj.thaddeus.bone.rightleg] run data modify entity @s {} merge value {transformation:[-0.8191184372926792f,0.23047330572966845f,-0.5252875793631884f,-0.1063652432925738f,0.26719233004065474f,0.9636236351258806f,0.006143988462706876f,0.7559913441705637f,0.5075955520437951f,-0.13532015804314898f,-0.8509025857126844f,-0.06037379702649057f,0f,0f,0f,1f],start_interpolation:0}