execute if entity @s[tag=aj.thaddeus.bone.rightarm] run data modify entity @s {} merge value {transformation:[-0.7381462570748821f,0.46293563864102777f,-0.4907450434210884f,-0.2887123539097771f,0.6653227045783349f,0.6199981379726985f,-0.4158701812861268f,1.4164885507731197f,0.1117398851749529f,-0.6334768372927382f,-0.765650896084291f,-0.059917456504749014f,0f,0f,0f,1f],start_interpolation:0}
execute if entity @s[tag=aj.thaddeus.bone.leftarm] run data modify entity @s {} merge value {transformation:[-0.5789220739687395f,-0.7356647439007107f,-0.35163420887796865f,0.2887123539097771f,-0.5844322827626989f,0.6750990142445887f,-0.4502002086080869f,1.397871416340613f,0.5685843289579072f,-0.05512445507654595f,-0.8207759470866578f,-0.2983689381630192f,0f,0f,0f,1f],start_interpolation:0}
execute if entity @s[tag=aj.thaddeus.bone.torso] run data modify entity @s {} merge value {transformation:[-0.9238795325112867f,9.532438423543381e-18f,-0.3826834323650896f,1.9257716013774806e-17f,0.029787415092010695f,0.9969659995347024f,-0.07191318150316925f,1.1267832961877313f,0.38152237065323225f,-0.07783826675724165f,-0.9210764815797686f,-0.15725118480840988f,0f,0f,0f,1f],start_interpolation:0}
execute if entity @s[tag=aj.thaddeus.bone.head] run data modify entity @s {} merge value {transformation:[-0.9999969045778294f,-0.0001995737597335014f,0.002480121987715688f,2.2832380422603575e-17f,-0.00019367241276119416f,0.9999971503008946f,0.002379470757589014f,1.5006455460132446f,-0.002480589800039546f,0.0023789830609131785f,-0.9999940935394768f,-0.1864405348423755f,0f,0f,0f,1f],start_interpolation:0}
execute if entity @s[tag=aj.thaddeus.bone.leftleg] run data modify entity @s {} merge value {transformation:[-0.7052917890981653f,-0.19033367634521103f,-0.6828884124654814f,0.0913153301085136f,-0.26151132463914495f,0.9651998129029824f,0.0010715677895268283f,0.7530968153126641f,0.6589198125084637f,0.1793388212879862f,-0.7305219147040333f,-0.21342271335737154f,0f,0f,0f,1f],start_interpolation:0}
execute if entity @s[tag=aj.thaddeus.bone.rightleg] run data modify entity @s {} merge value {transformation:[-0.7054455218051655f,0.18976309410792203f,-0.6828884124654814f,-0.09131533010851357f,0.25879585708075825f,0.9659314448242733f,0.0010715677895268283f,0.7527452774117714f,0.6598267349258238f,-0.17597275929609027f,-0.7305219147040333f,-0.04270095619151701f,0f,0f,0f,1f],start_interpolation:0}