execute if entity @s[tag=aj.thaddeus.bone.rightarm] run data modify entity @s {} merge value {transformation:[-0.8829355002258431f,0.28137363868467835f,-0.3758374354615095f,-0.29119711823968697f,0.30436109952893864f,0.9525548690379702f,-0.0018821704468621747f,1.3596001937254554f,0.3574761859683463f,-0.11605213020621222f,-0.9266836998351297f,0.17505618522892125f,0f,0f,0f,1f],start_interpolation:0}
execute if entity @s[tag=aj.thaddeus.bone.leftarm] run data modify entity @s {} merge value {transformation:[-0.8048681938122968f,-0.4114198740131513f,-0.42769250385800966f,0.28827167435726875f,-0.4567473861523937f,0.8895883044353745f,0.0038044519647001673f,1.4099464623038582f,0.37890502217876065f,0.19840951559539224f,-0.9039162838940975f,-0.05364924025647809f,0f,0f,0f,1f],start_interpolation:0}
execute if entity @s[tag=aj.thaddeus.bone.torso] run data modify entity @s {} merge value {transformation:[-0.9271500681551292f,-0.00222890962469957f,-0.37468357727798013f,-0.0008358411092623294f,-0.08055402972544488f,0.977785061300414f,0.19351336437760047f,1.1097712795239154f,0.3659286807766389f,0.20959820099330695f,-0.9067330338779094f,0.0017539784568539885f,0f,0f,0f,1f],start_interpolation:0}
execute if entity @s[tag=aj.thaddeus.bone.head] run data modify entity @s {} merge value {transformation:[-0.9824322793167186f,-0.0032466499913152134f,-0.18659119973994145f,-0.0016716822185246683f,-0.0412536220610302f,0.9788913974981616f,0.20017435043217188f,1.4764406775115706f,0.18200262422119776f,0.20435530618980782f,-0.9618284429193531f,0.0803533038293441f,0f,0f,0f,1f],start_interpolation:0}
execute if entity @s[tag=aj.thaddeus.bone.leftleg] run data modify entity @s {} merge value {transformation:[-0.9883615104677607f,-0.1521233861899167f,1.2246467991473535e-16f,0.125f,-0.1521233861899167f,0.9883615104677607f,0f,0.7431018815362602f,-1.2103937601947863e-16f,-1.8629741797293815e-17f,-1f,-0.0768453469156361f,0f,0f,0f,1f],start_interpolation:0}
execute if entity @s[tag=aj.thaddeus.bone.rightleg] run data modify entity @s {} merge value {transformation:[-0.9883615104677607f,0.1521233861899167f,1.2246467991473535e-16f,-0.12499999999999999f,0.1521233861899167f,0.9883615104677607f,0f,0.7431018815362602f,-1.2103937601947863e-16f,1.8629741797293815e-17f,-1f,-0.07684534691563613f,0f,0f,0f,1f],start_interpolation:0}