execute if entity @s[tag=aj.thaddeus.bone.rightarm] run data modify entity @s {} merge value {transformation:[-0.9971769196119057f,0.05918444209130168f,-0.046210310620597474f,-0.31330121973265374f,0.05760058577284871f,0.9977299748819162f,0.03488652663644818f,1.405420453068472f,0.048170151670255845f,0.03212629820680041f,-0.9983223614903115f,0.034745014294156266f,0f,0f,0f,1f],start_interpolation:0}
execute if entity @s[tag=aj.thaddeus.bone.leftarm] run data modify entity @s {} merge value {transformation:[-0.9967173631250952f,-0.06294138256411867f,-0.05092033391361733f,0.31098722174765164f,-0.06480257767960901f,0.9972570162174879f,0.03576408157735281f,1.407714627848577f,0.04852961952287771f,0.03894644997827873f,-0.9980621473951681f,0.005018282281209076f,0f,0f,0f,1f],start_interpolation:0}
execute if entity @s[tag=aj.thaddeus.bone.torso] run data modify entity @s {} merge value {transformation:[-0.9988615063684887f,-0.0017630460838111094f,-0.04767161381556062f,-0.0006611422814291652f,-0.0036706796481679096f,0.9991946076879262f,0.03995825419474283f,1.1255440570462953f,0.047562771220715505f,0.040087749199443926f,-0.9980635025678117f,0.008606968825339066f,0f,0f,0f,1f],start_interpolation:0}
execute if entity @s[tag=aj.thaddeus.bone.head] run data modify entity @s {} merge value {transformation:[-0.9990988961457976f,-0.0017641736221518435f,-0.04240617185834633f,-0.001322284562858331f,-0.003460019348617626f,0.9991956702844212f,0.03995047873271861f,1.5002420349292676f,0.042301583733424186f,0.040061205377486024f,-0.9983013952896926f,0.023639874775130538f,0f,0f,0f,1f],start_interpolation:0}
execute if entity @s[tag=aj.thaddeus.bone.leftleg] run data modify entity @s {} merge value {transformation:[-0.9987954562051724f,-0.04906767432741798f,1.2246467991473535e-16f,0.125f,-0.04906767432741798f,0.9987954562051724f,0f,0.7508460791633229f,-1.2231716584445847e-16f,-6.009057030667719e-18f,-1f,-0.006425937124452391f,0f,0f,0f,1f],start_interpolation:0}
execute if entity @s[tag=aj.thaddeus.bone.rightleg] run data modify entity @s {} merge value {transformation:[-0.9987954562051724f,0.04906767432741798f,1.2246467991473535e-16f,-0.125f,0.04906767432741798f,0.9987954562051724f,0f,0.7508460791633229f,-1.2231716584445847e-16f,6.009057030667719e-18f,-1f,-0.006425937124452422f,0f,0f,0f,1f],start_interpolation:0}