execute if entity @s[tag=aj.thaddeus.bone.rightarm] run data modify entity @s {} merge value {transformation:[-0.9662510233792291f,0.09675048312988094f,-0.23874317546838308f,-0.3108095046072194f,0.08241986157023978f,0.9941839887478107f,0.06931928257155939f,1.387558783551097f,0.24406131655249072f,0.04730264825173961f,-0.9686054579812345f,0.12822090539141434f,0f,0f,0f,1f],start_interpolation:0}
execute if entity @s[tag=aj.thaddeus.bone.leftarm] run data modify entity @s {} merge value {transformation:[-0.9528934287895643f,-0.13756534117113114f,-0.27031442854227705f,0.294597207414608f,-0.16306105008367627f,0.9838268830914978f,0.07413338014738857f,1.412968254088377f,0.25574441795526326f,0.11471896536727791f,-0.9599137209508911f,-0.024952433822481787f,0f,0f,0f,1f],start_interpolation:0}
execute if entity @s[tag=aj.thaddeus.bone.torso] run data modify entity @s {} merge value {transformation:[-0.9686507392349237f,-0.012352226432465831f,-0.2481192614082929f,-0.004632084912174684f,-0.040655152859648346f,0.993180063243455f,0.10927268881877751f,1.1209316260325153f,0.24507734274223383f,0.11593439730247382f,-0.9625467841079299f,0.019027686543145524f,0f,0f,0f,1f],start_interpolation:0}
execute if entity @s[tag=aj.thaddeus.bone.head] run data modify entity @s {} merge value {transformation:[-0.9780859286657487f,-0.012525657317975078f,-0.20782450301832192f,-0.00926416982434937f,-0.0360998634719938f,0.9932722293285906f,0.11003216939565935f,1.4933741497488109f,0.20504808217431167f,0.11512335277155684f,-0.9719577653598289f,0.06250308553157322f,0f,0f,0f,1f],start_interpolation:0}
execute if entity @s[tag=aj.thaddeus.bone.leftleg] run data modify entity @s {} merge value {transformation:[-0.9970861323044666f,-0.07628397450395227f,1.2246467991473535e-16f,0.125f,-0.07628397450395227f,0.9970861323044666f,0f,0.7484891023162197f,-1.2210783404008794e-16f,-9.342092520250345e-18f,-1f,-0.024447712445282148f,0f,0f,0f,1f],start_interpolation:0}
execute if entity @s[tag=aj.thaddeus.bone.rightleg] run data modify entity @s {} merge value {transformation:[-0.9970861323044666f,0.07628397450395227f,1.2246467991473535e-16f,-0.125f,0.07628397450395227f,0.9970861323044666f,0f,0.7484891023162197f,-1.2210783404008794e-16f,9.342092520250345e-18f,-1f,-0.024447712445282176f,0f,0f,0f,1f],start_interpolation:0}