execute if entity @s[tag=aj.thaddeus.bone.rightarm] run data modify entity @s {} merge value {transformation:[-0.7242311398861209f,0.462088323322613f,-0.5118238344080376f,-0.2851836608400137f,0.6830967197418857f,0.5821438026627843f,-0.44100732930325437f,1.409827020156401f,0.09417073588501809f,-0.6690164231692743f,-0.7372576876728141f,-0.07864025565880856f,0f,0f,0f,1f],start_interpolation:0}
execute if entity @s[tag=aj.thaddeus.bone.leftarm] run data modify entity @s {} merge value {transformation:[-0.5482010699863f,-0.7463846965349862f,-0.3773399947583772f,0.2851836608400137f,-0.5757488194557706f,0.6640415059125583f,-0.477034773701738f,1.3809664364136887f,0.6066208731663971f,-0.044257916848382955f,-0.7937583719464505f,-0.33255596030423235f,0f,0f,0f,1f],start_interpolation:0}
execute if entity @s[tag=aj.thaddeus.bone.torso] run data modify entity @s {} merge value {transformation:[-0.9125877146880438f,1.383053650146401e-17f,-0.4088809887980286f,2.1320066478224745e-17f,0.04617693398833929f,0.9936023893577437f,-0.10306300320686951f,1.118201753993811f,0.40626512743267806f,-0.11293490099425703f,-0.9067493338125632f,-0.17409155434096268f,0f,0f,0f,1f],start_interpolation:0}
execute if entity @s[tag=aj.thaddeus.bone.head] run data modify entity @s {} merge value {transformation:[-1f,2.092758855911727e-18f,1.2244679737334733e-16f,2.650651766627375e-17f,0f,0.9998539779681747f,-0.017088672892206863f,1.4908026500029647f,-1.2246467991473532e-16f,-0.017088672892206863f,-0.9998539779681747f,-0.21644214221380906f,0f,0f,0f,1f],start_interpolation:0}
execute if entity @s[tag=aj.thaddeus.bone.leftleg] run data modify entity @s {} merge value {transformation:[-0.6272382120700694f,-0.16673361877855583f,-0.7607707445007003f,0.08112477635396181f,-0.26106970550084424f,0.965312921312249f,0.0036841304692361437f,0.745099983406254f,0.7337675614176774f,0.20092502162901235f,-0.6490102476036382f,-0.2268383890734445f,0f,0f,0f,1f],start_interpolation:0}
execute if entity @s[tag=aj.thaddeus.bone.rightleg] run data modify entity @s {} merge value {transformation:[-0.6243750901921675f,0.17715422958363905f,-0.7607707445007003f,-0.08112477635396179f,0.2687973235389975f,0.9631897144596994f,0.0036841304692361437f,0.7461017325630598f,0.7334192154598854f,-0.2021928606545497f,-0.6490102476036382f,-0.03664354386278808f,0f,0f,0f,1f],start_interpolation:0}