execute if entity @s[tag=aj.thaddeus.bone.rightarm] run data modify entity @s {} merge value {transformation:[-0.7840887003075377f,0.4046186501554794f,-0.4706258152677071f,-0.2831922701693093f,0.5312124644366915f,0.829649388530582f,-0.17174169481499887f,1.3693905152901933f,0.3209645271321007f,-0.384663021431992f,-0.8654571810700273f,0.11774729139339682f,0f,0f,0f,1f],start_interpolation:0}
execute if entity @s[tag=aj.thaddeus.bone.leftarm] run data modify entity @s {} merge value {transformation:[-0.6457092983473789f,-0.6395327702238135f,-0.4172017951035092f,0.28760261878474286f,-0.6311420378757708f,0.754538057788928f,-0.17981114363167594f,1.4094892265712504f,0.42978975098733396f,0.14720786377760933f,-0.8908482557586778f,-0.13366927150079613f,0f,0f,0f,1f],start_interpolation:0}
execute if entity @s[tag=aj.thaddeus.bone.torso] run data modify entity @s {} merge value {transformation:[-0.9132718223264834f,0.003360265611758892f,-0.4073368227394652f,0.001260099604409599f,-0.06415793804969157f,0.9862987540846064f,0.15198199457950604f,1.1120433463444264f,0.40226650063070873f,0.16493476378911603f,-0.9005432727882391f,-0.054348892369388536f,0f,0f,0f,1f],start_interpolation:0}
execute if entity @s[tag=aj.thaddeus.bone.head] run data modify entity @s {} merge value {transformation:[-0.9962530082741392f,0.0028775477635832616f,-0.08643878309877087f,0.0025201992088191836f,-0.01095220347931406f,0.9872026945574593f,0.15909396310809307f,1.4819053791261538f,0.08579040006711568f,0.1594445344856947f,-0.9834721387405769f,0.0075016440515299765f,0f,0f,0f,1f],start_interpolation:0}
execute if entity @s[tag=aj.thaddeus.bone.leftleg] run data modify entity @s {} merge value {transformation:[-0.96746725370602f,-0.21686721675960002f,-0.1302909179546905f,0.12393413418546922f,-0.21934727123597977f,0.9756349406088736f,0.004820504584495858f,0.7425540404615029f,0.12607096258798356f,0.033242637652031753f,-0.991464088827263f,-0.13248412892132017f,0f,0f,0f,1f],start_interpolation:0}
execute if entity @s[tag=aj.thaddeus.bone.rightleg] run data modify entity @s {} merge value {transformation:[-0.9684751519122139f,0.2123208817500959f,-0.1302909179546905f,-0.1239341341854692f,0.213525002707204f,0.9769257064661772f,0.004820504584495858f,0.7418085866638949f,0.12830804085287323f,-0.023151829699236244f,-0.991464088827263f,-0.09991472865929395f,0f,0f,0f,1f],start_interpolation:0}