execute if entity @s[tag=aj.thaddeus.bone.rightarm] run data modify entity @s {} merge value {transformation:[-0.9090457330245636f,0.22649184784767717f,-0.34976749152598263f,-0.2949786808790768f,0.22885448241593218f,0.9728254703275255f,0.035160064848694356f,1.3643513386171684f,0.34822619250706777f,-0.04808375131552517f,-0.9361765173894596f,0.17632229119987838f,0f,0f,0f,1f],start_interpolation:0}
execute if entity @s[tag=aj.thaddeus.bone.leftarm] run data modify entity @s {} merge value {transformation:[-0.8513216828214838f,-0.32559664893134826f,-0.41138572479204144f,0.2882711145191315f,-0.3747174099913412f,0.9261684963777673f,0.04241201441486542f,1.4113223035948292f,0.3672032883940148f,0.19025966078499668f,-0.910474055901979f,-0.04331013950427656f,0f,0f,0f,1f],start_interpolation:0}
execute if entity @s[tag=aj.thaddeus.bone.torso] run data modify entity @s {} merge value {transformation:[-0.9331996726371333f,-0.005110526750434486f,-0.3593219357432554f,-0.0019164475314129247f,-0.07515354396425737f,0.9805638493672733f,0.18123598468198251f,1.1120532384714532f,0.3514118891266479f,0.1961336784704974f,-0.9154459374261661f,0.011343478777973523f,0f,0f,0f,1f],start_interpolation:0}
execute if entity @s[tag=aj.thaddeus.bone.head] run data modify entity @s {} merge value {transformation:[-0.9759084044643253f,-0.006024141372676436f,-0.21809744569026218f,-0.0038328950628258567f,-0.04767254332911449f,0.9813524569311645f,0.1862113956977403f,1.4797646819841805f,0.21290870040566345f,0.19212252599809507f,-0.957997296601448f,0.08489360820441004f,0f,0f,0f,1f],start_interpolation:0}
execute if entity @s[tag=aj.thaddeus.bone.leftleg] run data modify entity @s {} merge value {transformation:[-0.9914448613738104f,-0.13052619222005157f,1.2246467991473535e-16f,0.125f,-0.13052619222005157f,0.9914448613738104f,0f,0.7443417949587257f,-1.2141697760125282e-16f,-1.5984848350717833e-17f,-1f,-0.06220665064846298f,0f,0f,0f,1f],start_interpolation:0}
execute if entity @s[tag=aj.thaddeus.bone.rightleg] run data modify entity @s {} merge value {transformation:[-0.9914448613738104f,0.13052619222005157f,1.2246467991473535e-16f,-0.12499999999999999f,0.13052619222005157f,0.9914448613738104f,0f,0.7443417949587257f,-1.2141697760125282e-16f,1.5984848350717833e-17f,-1f,-0.06220665064846301f,0f,0f,0f,1f],start_interpolation:0}