execute if entity @s[tag=aj.thaddeus.bone.rightarm] run data modify entity @s {} merge value {transformation:[-0.7986687121276586f,0.3882247253454051f,-0.4597932697406868f,-0.28247621980635534f,0.4932764755085805f,0.8599986423047166f,-0.13069297587811354f,1.3627476994624477f,0.3446833430529827f,-0.33118559428895605f,-0.878356132304711f,0.1407006987029935f,0f,0f,0f,1f],start_interpolation:0}
execute if entity @s[tag=aj.thaddeus.bone.leftarm] run data modify entity @s {} merge value {transformation:[-0.6694771106598262f,-0.606553246559655f,-0.4288281210351218f,0.28805834744552367f,-0.6162866734208727f,0.7758249126802352f,-0.13522736789770015f,1.4092214735799846f,0.41471813857896966f,0.17374942863977302f,-0.8932077034939563f,-0.11020863928581749f,0f,0f,0f,1f],start_interpolation:0}
execute if entity @s[tag=aj.thaddeus.bone.torso] run data modify entity @s {} merge value {transformation:[-0.9128553076030064f,0.0042530496298424985f,-0.4082610671492774f,0.0015948936111909503f,-0.07435803858805902f,0.9814904440258987f,0.1764862328431913f,1.109940399138932f,0.40145494078209754f,0.19146388655485536f,-0.8956425127621803f,-0.03860318838496507f,0f,0f,0f,1f],start_interpolation:0}
execute if entity @s[tag=aj.thaddeus.bone.head] run data modify entity @s {} merge value {transformation:[-0.9942055312958149f,0.0035939037715635087f,-0.10743577335546681f,0.003189787222381887f,-0.01641561875018132f,0.9826427330581673f,0.18478037403637884f,1.477999315648644f,0.106235064841394f,0.18547329463741166f,-0.9768898443399282f,0.03319576907310569f,0f,0f,0f,1f],start_interpolation:0}
execute if entity @s[tag=aj.thaddeus.bone.leftleg] run data modify entity @s {} merge value {transformation:[-0.9738412568015995f,-0.20664650555569503f,-0.09450094334291653f,0.12444038632457521f,-0.20791917513368455f,0.9781389468284551f,0.0037171641137643957f,0.7421553282234593f,0.09166691422104947f,0.023268485961500374f,-0.9955178322854142f,-0.1222138036428958f,0f,0f,0f,1f],start_interpolation:0}
execute if entity @s[tag=aj.thaddeus.bone.rightleg] run data modify entity @s {} merge value {transformation:[-0.9745942772740448f,0.20306542396966842f,-0.09450094334291653f,-0.12444038632457519f,0.20363141532816356f,0.9790405657491421f,0.0037171641137643957f,0.7416076370349806f,0.09327508454100306f,-0.01562063396980148f,-0.9955178322854142f,-0.09859048804317586f,0f,0f,0f,1f],start_interpolation:0}