execute if entity @s[tag=aj.thaddeus.bone.rightarm] run data modify entity @s {} merge value {transformation:[-0.838673081496185f,0.3567439169191871f,-0.41153522341939247f,-0.2887123539097771f,0.41805551077579317f,0.9059764687956375f,-0.0666050140648424f,1.3567552169881458f,0.3490802948945755f,-0.22790440041768228f,-0.9089568372516775f,0.16110176590337605f,0f,0f,0f,1f],start_interpolation:0}
execute if entity @s[tag=aj.thaddeus.bone.leftarm] run data modify entity @s {} merge value {transformation:[-0.7309841918599881f,-0.5365212612300044f,-0.42167172954677123f,0.2887123539097771f,-0.5654012434741237f,0.8221741739876247f,-0.06596257655429966f,1.4085226259641508f,0.38207793070094326f,0.19019611950808155f,-0.9043461123902466f,-0.07240592597724148f,0f,0f,0f,1f],start_interpolation:0}
execute if entity @s[tag=aj.thaddeus.bone.torso] run data modify entity @s {} merge value {transformation:[-0.9238795325112867f,-2.6506208041798646e-17f,-0.3826834323650896f,2.0238171885945368e-18f,-0.08282785436160811f,0.9762960071199334f,0.19996412934205784f,1.108055669473667f,0.37361230700898806f,0.21643961393810285f,-0.9019798986505999f,-0.016525721457024134f,0f,0f,0f,1f],start_interpolation:0}
execute if entity @s[tag=aj.thaddeus.bone.head] run data modify entity @s {} merge value {transformation:[-0.9923164248235793f,-0.0007983070241286411f,-0.1237233839306254f,-7.916010827079956e-18f,-0.02677919888307061f,0.9776614703751338f,0.20847283720214543f,1.474166672143642f,0.12079316012312395f,0.21018423359002578f,-0.9701709129929854f,0.06463913376976443f,0f,0f,0f,1f],start_interpolation:0}
execute if entity @s[tag=aj.thaddeus.bone.leftleg] run data modify entity @s {} merge value {transformation:[-0.9821559522262393f,-0.18500540075432403f,-0.03380365658181523f,0.12492852708087589f,-0.1851596815982349f,0.9827073555750248f,0.0014647898082387895f,0.7420438317220507f,0.03294810794278786f,0.0076977263184670455f,-0.9994274196721422f,-0.10191589178707201f,0f,0f,0f,1f],start_interpolation:0}
execute if entity @s[tag=aj.thaddeus.bone.rightleg] run data modify entity @s {} merge value {transformation:[-0.9824300708590825f,0.18354418725069133f,-0.03380365658181523f,-0.12492852708087586f,0.18360024583812365f,0.9829999003657113f,0.0014647898082387895f,0.7418455018853333f,0.03349784470676737f,-0.004767306103547084f,-0.9994274196721422f,-0.09346526158055339f,0f,0f,0f,1f],start_interpolation:0}