execute if entity @s[tag=aj.thaddeus.bone.rightarm] run data modify entity @s {} merge value {transformation:[-0.7551700303584911f,0.4449937652921581f,-0.4813509884683558f,-0.2876740058986989f,0.611618553511109f,0.7425206141009341f,-0.2731041607814686f,1.3885544931842813f,0.23588338273251452f,-0.5006432726865303f,-0.8328957577418595f,0.04889831474123418f,0f,0f,0f,1f],start_interpolation:0}
execute if entity @s[tag=aj.thaddeus.bone.leftarm] run data modify entity @s {} merge value {transformation:[-0.6021191283847087f,-0.706036968433476f,-0.37277923015976294f,0.28807031685411116f,-0.6457131366780873f,0.7052365918011332f,-0.2927386115736485f,1.4089098622136766f,0.4695818356310051f,0.0644449283496282f,-0.8805337874581685f,-0.19344263056018457f,0f,0f,0f,1f],start_interpolation:0}
execute if entity @s[tag=aj.thaddeus.bone.torso] run data modify entity @s {} merge value {transformation:[-0.921190916404496f,0.00030195120412361055f,-0.3891107867424328f,0.0001132317015463696f,-0.03256859044703229f,0.9964308640423811f,0.07787695487143219f,1.1184859971870593f,0.38774551248227f,0.084412333276743f,-0.9178932266558228f,-0.09601312664355917f,0f,0f,0f,1f],start_interpolation:0}
execute if entity @s[tag=aj.thaddeus.bone.head] run data modify entity @s {} merge value {transformation:[-0.9996914328799391f,0.00023240184102916683f,-0.024839183075100885f,0.00022646340309272355f,-0.0017958897552266082f,0.9966632624189938f,0.08160340755332865f,1.4921475712029522f,0.024775266021602356f,0.08162283585928552f,-0.9963553075383534f,-0.06435850166478055f,0f,0f,0f,1f],start_interpolation:0}
execute if entity @s[tag=aj.thaddeus.bone.leftleg] run data modify entity @s {} merge value {transformation:[-0.9430420395441441f,-0.2395283890112782f,-0.23086329831760283f,0.12162261281100555f,-0.2477912077035781f,0.9687878781368967f,0.007040210210752462f,0.7454455435238522f,0.22197123470671357f,0.06384510970051774f,-0.97296072527626f,-0.15652176802442141f,0f,0f,0f,1f],start_interpolation:0}
execute if entity @s[tag=aj.thaddeus.bone.rightleg] run data modify entity @s {} merge value {transformation:[-0.9446017288055277f,0.23330176044669187f,-0.23086329831760283f,-0.12162261281100552f,0.2381511092379699f,0.9712025970974917f,0.007040210210752462f,0.7442033028184804f,0.22585752833663222f,-0.04833015584044237f,-0.97296072527626f,-0.09881373522025416f,0f,0f,0f,1f],start_interpolation:0}