execute if entity @s[tag=aj.thaddeus.bone.rightarm] run data modify entity @s {} merge value {transformation:[-0.7451194810189601f,0.4571315428678395f,-0.4856209545739393f,-0.2885940869639101f,0.6345827471664846f,0.7099714904847269f,-0.30536080249032144f,1.3963873408236136f,0.20518697815571324f,-0.5356969621102625f,-0.8191013788177646f,0.026505135703175794f,0f,0f,0f,1f],start_interpolation:0}
execute if entity @s[tag=aj.thaddeus.bone.leftarm] run data modify entity @s {} merge value {transformation:[-0.5886935949533126f,-0.7245929710523314f,-0.3583362632535257f,0.2886113812976556f,-0.646254874326244f,0.6881611416505945f,-0.32983159419879854f,1.4096987527092475f,0.4855867468027887f,0.03740680985737033f,-0.8733877958305686f,-0.212830723963857f,0f,0f,0f,1f],start_interpolation:0}
execute if entity @s[tag=aj.thaddeus.bone.torso] run data modify entity @s {} merge value {transformation:[-0.9235287492185051f,0.000013176635234672781f,-0.3835292025299763f,0.000004941238213018168f,-0.021298259017014248f,0.9984551286226323f,0.0513199794427768f,1.1222275418413152f,0.3829373754672525f,0.05556398072077939f,-0.9221017354482711f,-0.10879016370805981f,0f,0f,0f,1f],start_interpolation:0}
execute if entity @s[tag=aj.thaddeus.bone.head] run data modify entity @s {} merge value {transformation:[-0.9999808642833111f,0.000006761566420354986f,-0.006186357691186138f,0.00000988247642602046f,-0.0003305820578670192f,0.9985122090077156f,0.05452760014923761f,1.4966482150748024f,0.006177522375928293f,0.05452860182338566f,-0.9984930995257212f,-0.08795367093776754f,0f,0f,0f,1f],start_interpolation:0}
execute if entity @s[tag=aj.thaddeus.bone.leftleg] run data modify entity @s {} merge value {transformation:[-0.9294710063746688f,-0.24710868570607228f,-0.27389951762914416f,0.12021905144649718f,-0.2590170134918373f,0.9658428868716376f,0.007596354469770528f,0.7485152005201545f,0.2626667756504992f,0.07800522628695208f,-0.9617283138398763f,-0.16385935919383232f,0f,0f,0f,1f],start_interpolation:0}
execute if entity @s[tag=aj.thaddeus.bone.rightleg] run data modify entity @s {} merge value {transformation:[-0.9311796249939969f,0.24059002522665315f,-0.27389951762914416f,-0.12021905144649715f,0.24805404045195018f,0.968716412792842f,0.007596354469770528f,0.7470985366955016f,0.267158565296907f,-0.06086831151926698f,-0.9617283138398763f,-0.09539395376287185f,0f,0f,0f,1f],start_interpolation:0}