execute if entity @s[tag=aj.thaddeus.bone.rightarm] run data modify entity @s {} merge value {transformation:[-0.9852698085892265f,0.06969252793397936f,-0.1561613134957588f,-0.31442504617809663f,0.06203498554681836f,0.9966449374536791f,0.05339034759352815f,1.3979009968909446f,0.15935829081273184f,0.042916432728306156f,-0.9862875417195138f,0.08453033861228348f,0f,0f,0f,1f],start_interpolation:0}
execute if entity @s[tag=aj.thaddeus.bone.leftarm] run data modify entity @s {} merge value {transformation:[-0.980891468013552f,-0.09223299904903066f,-0.1713038291009297f,0.3024106917145224f,-0.10315543173284987f,0.9930890058117848f,0.05597484649170424f,1.4108723043736198f,0.1649572213703553f,0.07257616979547774f,-0.9836268676157589f,-0.015321640039409452f,0f,0f,0f,1f],start_interpolation:0}
execute if entity @s[tag=aj.thaddeus.bone.torso] run data modify entity @s {} merge value {transformation:[-0.9869371806281905f,-0.00915379387700897f,-0.1608452969512504f,-0.0034326727038783617f,-0.02075409197228045f,0.9972895158947946f,0.07058958246605639f,1.1238989742868712f,0.1597631658427087f,0.07300568158700584f,-0.9844520817672804f,0.014071501340091622f,0f,0f,0f,1f],start_interpolation:0}
execute if entity @s[tag=aj.thaddeus.bone.head] run data modify entity @s {} merge value {transformation:[-0.9896543193021512f,-0.009186299694452466f,-0.14317800174789327f,-0.006865345407756725f,-0.019489129750561867f,0.9973055977405507f,0.07072282896581808f,1.4978825427474192f,0.14214254151436084f,0.07278156781278f,-0.9871668254548225f,0.04144863193521881f,0f,0f,0f,1f],start_interpolation:0}
execute if entity @s[tag=aj.thaddeus.bone.leftleg] run data modify entity @s {} merge value {transformation:[-0.9982007981886848f,-0.05995970726640093f,1.2246467991473535e-16f,0.125f,-0.05995970726640093f,0.9982007981886848f,0f,0.7499154058263233f,-1.2224434124081058e-16f,-7.34294635816102e-18f,-1f,-0.013305629255035553f,0f,0f,0f,1f],start_interpolation:0}
execute if entity @s[tag=aj.thaddeus.bone.rightleg] run data modify entity @s {} merge value {transformation:[-0.9982007981886848f,0.05995970726640093f,1.2246467991473535e-16f,-0.125f,0.05995970726640093f,0.9982007981886848f,0f,0.7499154058263233f,-1.2224434124081058e-16f,7.34294635816102e-18f,-1f,-0.013305629255035584f,0f,0f,0f,1f],start_interpolation:0}