execute if entity @s[tag=aj.thaddeus.bone.rightarm] run data modify entity @s {} merge value {transformation:[-0.9324211544017291f,0.17123394800570177f,-0.3182290462458248f,-0.3005260759786795f,0.1599190889190229f,0.9852089135556638f,0.06155714133858195f,1.371594219992571f,0.32406276525305466f,0.006506281645389092f,-0.9460132094615246f,0.16831743696104007f,0f,0f,0f,1f],start_interpolation:0}
execute if entity @s[tag=aj.thaddeus.bone.leftarm] run data modify entity @s {} merge value {transformation:[-0.8941852014252158f,-0.24388038580159843f,-0.37543998584781785f,0.28904302998023207f,-0.2893221960702189f,0.9547498487181504f,0.06888681465835542f,1.4126538374198032f,0.3416511267554258f,0.17022069143888566f,-0.9242831945853044f,-0.0350231077307135f,0f,0f,0f,1f],start_interpolation:0}
execute if entity @s[tag=aj.thaddeus.bone.torso] run data modify entity @s {} merge value {transformation:[-0.9433105695342585f,-0.008748987427388527f,-0.3317960587830244f,-0.003280870285270692f,-0.06569538788357149f,0.9847970237992398f,0.16080714513660901f,1.1151498657626508f,0.3253448715068057f,0.17348855044398392f,-0.9295442095183345f,0.017853509802792794f,0f,0f,0f,1f],start_interpolation:0}
execute if entity @s[tag=aj.thaddeus.bone.head] run data modify entity @s {} merge value {transformation:[-0.9720320530328642f,-0.009394078197122723f,-0.23466026329896883f,-0.006561740570541389f,-0.04909395864184175f,0.9852513427420339f,0.16391941571971366f,1.484448749687366f,0.22965946769421058f,0.17085532745526413f,-0.9581570779254133f,0.08291171621928677f,0f,0f,0f,1f],start_interpolation:0}
execute if entity @s[tag=aj.thaddeus.bone.leftleg] run data modify entity @s {} merge value {transformation:[-0.9940563382223196f,-0.10886687485196454f,1.2246467991473535e-16f,0.125f,-0.10886687485196454f,0.9940563382223196f,0f,0.745850981837936f,-1.2173679127761025e-16f,-1.3332346982063386e-17f,-1f,-0.047204696613701164f,0f,0f,0f,1f],start_interpolation:0}
execute if entity @s[tag=aj.thaddeus.bone.rightleg] run data modify entity @s {} merge value {transformation:[-0.9940563382223196f,0.10886687485196454f,1.2246467991473535e-16f,-0.125f,0.10886687485196454f,0.9940563382223196f,0f,0.745850981837936f,-1.2173679127761025e-16f,1.3332346982063386e-17f,-1f,-0.04720469661370119f,0f,0f,0f,1f],start_interpolation:0}