execute if entity @s[tag=aj.thaddeus.bone.rightarm] run data modify entity @s {} merge value {transformation:[-0.7284433500759897f,0.4619806165202659f,-0.5059092761450653f,-0.2861199077601551f,0.6786881840603805f,0.5874409011543031f,-0.44078967373095707f,1.41065480873922f,0.09355551585498403f,-0.6644449545376768f,-0.7414582037057331f,-0.08054329726948387f,0f,0f,0f,1f],start_interpolation:0}
execute if entity @s[tag=aj.thaddeus.bone.leftarm] run data modify entity @s {} merge value {transformation:[-0.5570934036498597f,-0.7428601194651581f,-0.3712220124373358f,0.2861199077601551f,-0.5722900451820366f,0.6673406021152739f,-0.47659272440309686f,1.382372674357845f,0.601773249484685f,-0.05306000072215131f,-0.796902498758793f,-0.33027658381357916f,0f,0f,0f,1f],start_interpolation:0}
execute if entity @s[tag=aj.thaddeus.bone.torso] run data modify entity @s {} merge value {transformation:[-0.9155837048324963f,1.3780954689801064e-17f,-0.4021274417957573f,2.1302752558263165e-17f,0.04525141501019964f,0.9936483237408548f,-0.10303066614636727f,1.1187217466831303f,0.3995732584705524f,-0.11253003477734072f,-0.9097682135512515f,-0.17395017545544533f,0f,0f,0f,1f],start_interpolation:0}
execute if entity @s[tag=aj.thaddeus.bone.head] run data modify entity @s {} merge value {transformation:[-1f,1.808072044359393e-18f,1.2245133197356813e-16f,2.6470610566938564e-17f,0f,0.999891005788963f,-0.014764028662127268f,1.4913398680859506f,-1.2246467991473532e-16f,-0.014764028662127268f,-0.999891005788963f,-0.2161489384969481f,0f,0f,0f,1f],start_interpolation:0}
execute if entity @s[tag=aj.thaddeus.bone.leftleg] run data modify entity @s {} merge value {transformation:[-0.6145117785698994f,-0.16329397462861708f,-0.7718227463924909f,0.07947789781400376f,-0.25851527865940405f,0.9660060836131017f,0.0014481443739513544f,0.7454771280009406f,0.7453489952354598f,0.2004178741341842f,-0.6358361039049486f,-0.2282287219754437f,0f,0f,0f,1f],start_interpolation:0}
execute if entity @s[tag=aj.thaddeus.bone.rightleg] run data modify entity @s {} merge value {transformation:[-0.6122445640372635f,0.17159907330161658f,-0.7718227463924909f,-0.07947789781400373f,0.26818538232634814f,0.9633662354392241f,0.0014481443739513544f,0.7467301225596789f,0.743796473851074f,-0.20610495980854934f,-0.6358361039049486f,-0.035274102852441425f,0f,0f,0f,1f],start_interpolation:0}