execute if entity @s[tag=aj.thaddeus.bone.rightarm] run data modify entity @s {} merge value {transformation:[-0.7371857906163675f,0.46151626016899205f,-0.4935178332268738f,-0.2880189297280372f,0.6674006518285145f,0.6113997230294924f,-0.4251667303756662f,1.4255779927766308f,0.10551530719377013f,-0.6428009958603731f,-0.7587314410703678f,-0.04695066657819927f,0f,0f,0f,1f],start_interpolation:0}
execute if entity @s[tag=aj.thaddeus.bone.leftarm] run data modify entity @s {} merge value {transformation:[-0.5754221622569156f,-0.7351504491956689f,-0.35838966535180966f,0.2880189297280372f,-0.5767878429197f,0.6754475374774276f,-0.45944140907815323f,1.4033461832614678f,0.5798319751821346f,-0.057657967039131564f,-0.8126933243193887f,-0.28842764502323726f,0f,0f,0f,1f],start_interpolation:0}
execute if entity @s[tag=aj.thaddeus.bone.torso] run data modify entity @s {} merge value {transformation:[-0.9216605751297191f,1.1227346278338034e-17f,-0.3879971446435597f,1.7383452474398246e-17f,0.03557089522426055f,0.9957886825868268f,-0.08449621911622263f,1.1348528317543023f,0.38636316551206085f,-0.09167823968637284f,-0.9177791699006401f,-0.14194666157214705f,0f,0f,0f,1f],start_interpolation:0}
execute if entity @s[tag=aj.thaddeus.bone.head] run data modify entity @s {} merge value {transformation:[-1f,3.943064117958754e-19f,1.2246404512783415e-16f,2.159370732877501e-17f,0f,0.9999948165715893f,-0.0032197561947690245f,1.5082735877243625f,-1.2246467991473532e-16f,-0.0032197561947690245f,-0.9999948165715893f,-0.17632600145453686f,0f,0f,0f,1f],start_interpolation:0}
execute if entity @s[tag=aj.thaddeus.bone.leftleg] run data modify entity @s {} merge value {transformation:[-0.6748993574983364f,-0.18071481841405387f,-0.7154390341978192f,0.08733430388508115f,-0.25953648777682303f,0.9657328897619919f,0.0008928294482157331f,0.7613649862537492f,0.6907616584327794f,0.18628510417510072f,-0.69867459607579f,-0.19699726557827368f,0f,0f,0f,1f],start_interpolation:0}
execute if entity @s[tag=aj.thaddeus.bone.rightleg] run data modify entity @s {} merge value {transformation:[-0.6743720933686139f,0.18267257055104177f,-0.7154390341978192f,-0.08733430388508112f,0.26057298757266023f,0.9654537384064732f,0.0008928294482157331f,0.7614991653147355f,0.6908863856185703f,-0.18582198730300994f,-0.69867459607579f,-0.018137377801240792f,0f,0f,0f,1f],start_interpolation:0}