execute if entity @s[tag=aj.gareth.bone.torso] run data modify entity @s {} merge value {transformation:[-1f,0f,1.2246467991473532e-16f,3.827021247335479e-18f,0f,1f,0f,1.0875f,-1.2246467991473532e-16f,0f,-1f,-0.03125f,0f,0f,0f,1f],start_interpolation:0}
execute if entity @s[tag=aj.gareth.bone.right_arm] run data modify entity @s {} merge value {transformation:[-1f,-2.8588811762192377e-17f,1.1908097106021811e-16f,-0.3125f,0f,0.9723699203976766f,0.23344536385590542f,1.4f,-1.2246467991473532e-16f,0.23344536385590542f,-0.9723699203976766f,-0.03125000000000004f,0f,0f,0f,1f],start_interpolation:0}
execute if entity @s[tag=aj.gareth.bone.left_arm] run data modify entity @s {} merge value {transformation:[-1f,2.8588811762192377e-17f,1.1908097106021811e-16f,0.3125f,0f,0.9723699203976766f,-0.23344536385590542f,1.4f,-1.2246467991473532e-16f,-0.23344536385590542f,-0.9723699203976766f,-0.031249999999999962f,0f,0f,0f,1f],start_interpolation:0}
execute if entity @s[tag=aj.gareth.bone.head] run data modify entity @s {} merge value {transformation:[-1f,0f,1.2246467991473532e-16f,3.827021247335479e-18f,0f,1f,0f,1.4625f,-1.2246467991473532e-16f,0f,-1f,-0.03125f,0f,0f,0f,1f],start_interpolation:0}
execute if entity @s[tag=aj.gareth.bone.left_leg] run data modify entity @s {} merge value {transformation:[-0.9999451693655121f,-0.010090930073840829f,-0.0027984625818674924f,0.125f,-0.010471784116245796f,0.9635776167394617f,0.26722372322853694f,0.7124999999999999f,-1.2267480553313035e-16f,0.26723837607825685f,-0.963630453208623f,-0.01874999999999999f,0f,0f,0f,1f],start_interpolation:0}
execute if entity @s[tag=aj.gareth.bone.right_leg] run data modify entity @s {} merge value {transformation:[-0.9999451693655121f,0.010423574099432885f,-0.001003676028850785f,-0.125f,0.010471784116245796f,0.9953416201620555f,-0.09584049723680031f,0.7124999999999999f,-1.2245796509863324e-16f,-0.09584575252022397f,-0.9953961983671789f,0.01874999999999999f,0f,0f,0f,1f],start_interpolation:0}