execute if entity @s[tag=aj.bertram.bone.head] run data modify entity @s {} merge value {transformation:[-1f,-2.2005833161203832e-17f,1.2047132909327363e-16f,-2.7141161178066725e-17f,0f,0.9837230553099103f,0.1796912642610519f,1.2044998795265138f,-1.2246467991473532e-16f,0.1796912642610519f,-0.9837230553099103f,0.22162439976133086f,0f,0f,0f,1f],start_interpolation:0}
execute if entity @s[tag=aj.bertram.bone.leftarm] run data modify entity @s {} merge value {transformation:[-0.899456737858914f,0.34234449110398146f,0.2716207395081547f,0.3125f,0.43573914460987784f,0.6552038870635016f,0.6171217580279681f,1.0321665863510092f,0.0333012698684734f,0.67343011202918f,-0.7385004466061704f,0.14774959984088726f,0f,0f,0f,1f],start_interpolation:0}
execute if entity @s[tag=aj.bertram.bone.cane] run data modify entity @s {} merge value {transformation:[-9.958926877195308e-17f,-1.5127703907703408e-18f,1f,-0.32812500000000006f,0.012352707669048557f,0.9999237023959593f,2.7428520941282913e-18f,0.592837131979604f,-0.9999237023959593f,0.012352707669048557f,-9.956298353895004e-17f,0.4584377811832855f,0f,0f,0f,1f],start_interpolation:0}
execute if entity @s[tag=aj.bertram.bone.rightarm] run data modify entity @s {} merge value {transformation:[-1f,8.659560562354934e-17f,8.659560562354933e-17f,-0.34375f,0f,0.7071067811865475f,-0.7071067811865477f,1.0567915196578237f,-1.2246467991473532e-16f,-0.7071067811865477f,-0.7071067811865475f,0.0903051687823857f,0f,0f,0f,1f],start_interpolation:0}
execute if entity @s[tag=aj.bertram.bone.torso] run data modify entity @s {} merge value {transformation:[-1.0104166666666665f,-4.875356730134207e-17f,1.1373110744315944e-16f,4.523526863011121e-17f,0f,0.928684968779108f,0.39810308846016834f,-0.17416646587752305f,-1.2374035366384712e-16f,0.39810308846016834f,-0.928684968779108f,-0.3693739996022181f,0f,0f,0f,1f],start_interpolation:0}