execute if entity @s[tag=aj.bertram.bone.head] run data modify entity @s {} merge value {transformation:[-1f,-2.2299887873684796e-17f,1.2041724472615896e-16f,-2.7449989077675172e-17f,0f,0.9832814229376025f,0.18209240320728268f,1.2034115661187998f,-1.2246467991473532e-16f,0.18209240320728268f,-0.9832814229376025f,0.22414617093505593f,0f,0f,0f,1f],start_interpolation:0}
execute if entity @s[tag=aj.bertram.bone.leftarm] run data modify entity @s {} merge value {transformation:[-0.8978956424872411f,0.346062656375282f,0.2720736169953055f,0.3125f,0.43847549566295707f,0.6483012902254905f,0.6224505416457509f,1.0314410440792f,0.03902121096978914f,0.6781932430763727f,-0.7338468982969154f,0.14943078062337067f,0f,0f,0f,1f],start_interpolation:0}
execute if entity @s[tag=aj.bertram.bone.cane] run data modify entity @s {} merge value {transformation:[-9.959817702397484e-17f,-2.1142660404862545e-18f,1f,-0.32812500000000006f,0.017264292381756752f,0.9998509609979664f,3.833442981217406e-18f,0.5924739455477357f,-0.9998509609979664f,0.017264292381756752f,-9.954683170397103e-17f,0.4608911126494254f,0f,0f,0f,1f],start_interpolation:0}
execute if entity @s[tag=aj.bertram.bone.rightarm] run data modify entity @s {} merge value {transformation:[-1f,8.65956056235493e-17f,8.659560562354934e-17f,-0.34375f,0f,0.7071067811865476f,-0.7071067811865474f,1.056346174183095f,-1.2246467991473532e-16f,-0.7071067811865474f,-0.7071067811865476f,0.09210727327683738f,0f,0f,0f,1f],start_interpolation:0}
execute if entity @s[tag=aj.bertram.bone.torso] run data modify entity @s {} merge value {transformation:[-1.0104166666666665f,-4.9308313713601695e-17f,1.1349169715699474e-16f,4.574998179612529e-17f,0f,0.9267300354356216f,0.4026329366796374f,-0.17235261019799952f,-1.2374035366384712e-16f,0.4026329366796374f,-0.9267300354356216f,-0.3735769515584265f,0f,0f,0f,1f],start_interpolation:0}