execute if entity @s[tag=aj.bertram.bone.head] run data modify entity @s {} merge value {transformation:[-1f,-2.6046929502311886e-17f,1.1966267291900248e-16f,-3.133802115283864e-17f,0f,0.9771198765416796f,0.21268932005903068f,1.1884234726175276f,-1.2246467991473532e-16f,0.21268932005903068f,-0.9771198765416796f,0.25589436215125366f,0f,0f,0f,1f],start_interpolation:0}
execute if entity @s[tag=aj.bertram.bone.leftarm] run data modify entity @s {} merge value {transformation:[-0.8759441392308723f,0.39270593467214715f,0.28018549894732503f,0.3125f,0.4687067644543637f,0.5553395610745f,0.6869584709866406f,1.0214489817450185f,0.11417457642491055f,0.7330620852143813f,-0.6705103618284622f,0.17059624143416907f,0f,0f,0f,1f],start_interpolation:0}
execute if entity @s[tag=aj.bertram.bone.cane] run data modify entity @s {} merge value {transformation:[-9.9972234874418e-17f,-9.794605497144769e-18f,1f,-0.32812500000000006f,0.07997902337199697f,0.9967965468542019f,1.7758910646924913e-17f,0.585696424490305f,-0.9967965468542019f,0.07997902337199697f,-9.886861552214141e-17f,0.49206417459301494f,0f,0f,0f,1f],start_interpolation:0}
execute if entity @s[tag=aj.bertram.bone.rightarm] run data modify entity @s {} merge value {transformation:[-1f,8.659560562354934e-17f,8.65956056235493e-17f,-0.34375f,0f,0.7071067811865472f,-0.7071067811865477f,1.0498816886507134f,-1.2246467991473532e-16f,-0.7071067811865477f,-0.7071067811865472f,0.11493807780999932f,0f,0f,0f,1f],start_interpolation:0}
execute if entity @s[tag=aj.bertram.bone.torso] run data modify entity @s {} merge value {transformation:[-1.0104166666666665f,-5.629237133009903e-17f,1.1019457361816057e-16f,5.223003525473106e-17f,0f,0.8998069785907441f,0.4596620949754f,-0.1473724543625462f,-1.2374035366384712e-16f,0.4596620949754f,-0.8998069785907441f,-0.4264906035854228f,0f,0f,0f,1f],start_interpolation:0}