execute if entity @s[tag=aj.bertram.bone.head] run data modify entity @s {} merge value {transformation:[-1f,-2.4398225827613875e-17f,1.2000968462204763e-16f,-2.963842004274096e-17f,0f,0.9799534421320746f,0.19922663289203768f,1.19527403818421f,-1.2246467991473532e-16f,0.19922663289203768f,-0.9799534421320746f,0.24201606588427277f,0f,0f,0f,1f],start_interpolation:0}
execute if entity @s[tag=aj.bertram.bone.leftarm] run data modify entity @s {} merge value {transformation:[-0.8860729735728512f,0.37236423319381406f,0.2760789078175806f,0.3125f,0.45648255463165527f,0.597358984661774f,0.6593829848887612f,1.02601602545614f,0.08061242348871044f,0.7102866472642135f,-0.699281428251487f,0.16134404392284846f,0f,0f,0f,1f],start_interpolation:0}
execute if entity @s[tag=aj.bertram.bone.cane] run data modify entity @s {} merge value {transformation:[-9.97479127164766e-17f,-6.4122462105420694e-18f,1f,-0.32812500000000006f,0.05235996382799135f,0.998628276280985f,1.162624748207527e-17f,0.5891711376378248f,-0.998628276280985f,0.05235996382799135f,-9.927534115904102e-17f,0.4783740780334915f,0f,0f,0f,1f],start_interpolation:0}
execute if entity @s[tag=aj.bertram.bone.rightarm] run data modify entity @s {} merge value {transformation:[-1f,8.659560562354935e-17f,8.659560562354932e-17f,-0.34375f,0f,0.7071067811865475f,-0.7071067811865477f,1.0529066994432814f,-1.2246467991473532e-16f,-0.7071067811865477f,-0.7071067811865475f,0.1049247063468251f,0f,0f,0f,1f],start_interpolation:0}
execute if entity @s[tag=aj.bertram.bone.torso] run data modify entity @s {} merge value {transformation:[-1.0104166666666665f,-5.323938415084949e-17f,1.1170158056219366e-16f,4.93973667379016e-17f,0f,0.91211262414571f,0.4347325627921195f,-0.15879006364034964f,-1.2374035366384712e-16f,0.4347325627921195f,-0.91211262414571f,-0.4033601098071213f,0f,0f,0f,1f],start_interpolation:0}