execute if entity @s[tag=aj.bertram.bone.head] run data modify entity @s {} merge value {transformation:[-1f,-2.1337998646244513e-17f,1.205914078215834e-16f,-2.6437893960188948e-17f,0f,0.9847035725365373f,0.17423798160498893f,1.2069240117533426f,-1.2246467991473532e-16f,0.17423798160498893f,-0.9847035725365373f,0.21588178712912193f,0f,0f,0f,1f],start_interpolation:0}
execute if entity @s[tag=aj.bertram.bone.leftarm] run data modify entity @s {} merge value {transformation:[-0.9029147474130939f,0.33387362770537443f,0.27069052371075336f,0.3125f,0.4293345867943172f,0.6706587019721015f,0.6048873598044919f,1.0337826745022283f,0.02041498190304966f,0.6623785218377397f,-0.74889112848394f,0.14392119141941467f,0f,0f,0f,1f],start_interpolation:0}
execute if entity @s[tag=aj.bertram.bone.cane] run data modify entity @s {} merge value {transformation:[-9.958001392940297e-17f,-1.4757673274267168e-19f,1f,-0.32812500000000006f,0.001205055472691563f,0.9999992739203901f,2.6757606634654496e-19f,0.5935713206326972f,-0.9999992739203901f,0.001205055472691563f,-9.957976378823587e-17f,0.45286428767529935f,0f,0f,0f,1f],start_interpolation:0}
execute if entity @s[tag=aj.bertram.bone.rightarm] run data modify entity @s {} merge value {transformation:[-1f,8.659560562354934e-17f,8.659560562354934e-17f,-0.34375f,0f,0.7071067811865475f,-0.7071067811865475f,1.0577695397387974f,-1.2246467991473532e-16f,-0.7071067811865475f,-0.7071067811865475f,0.08620741233570994f,0f,0f,0f,1f],start_interpolation:0}
execute if entity @s[tag=aj.bertram.bone.torso] run data modify entity @s {} merge value {transformation:[-1.0104166666666665f,-4.749029100256162e-17f,1.1426437496151627e-16f,4.406315660031491e-17f,0f,0.9330394285198929f,0.38778765465786713f,-0.1782066862555709f,-1.2374035366384712e-16f,0.38778765465786713f,-0.9330394285198929f,-0.35980297854853655f,0f,0f,0f,1f],start_interpolation:0}