execute if entity @s[tag=aj.bertram.bone.head] run data modify entity @s {} merge value {transformation:[-1f,-2.5396132823811172e-17f,1.1980248020894193e-16f,-3.0669308052425465e-17f,0f,0.9782614896993407f,0.20737516189560082f,1.191175599047571f,-1.2246467991473532e-16f,0.20737516189560082f,-0.9782614896993407f,0.25043390530052123f,0f,0f,0f,1f],start_interpolation:0}
execute if entity @s[tag=aj.bertram.bone.leftarm] run data modify entity @s {} merge value {transformation:[-0.8800304928553861f,0.384713723967359f,0.27846307158377925f,0.3125f,0.46408807273364167f,0.5721286091503733f,0.6762330333088096f,1.0232837326983806f,0.10083943866900674f,0.7243370798066506f,-0.6820316725974633f,0.1669559368670142f,0f,0f,0f,1f],start_interpolation:0}
execute if entity @s[tag=aj.bertram.bone.cane] run data modify entity @s {} merge value {transformation:[-9.987242252116594e-17f,-8.459058653019292e-18f,1f,-0.32812500000000006f,0.06907345578258833f,0.9976115765698845f,1.5337388200051446e-17f,0.5871608402606873f,-0.9976115765698845f,0.06907345578258833f,-9.904958847336231e-17f,0.4866665641491134f,0f,0f,0f,1f],start_interpolation:0}
execute if entity @s[tag=aj.bertram.bone.rightarm] run data modify entity @s {} merge value {transformation:[-1f,8.659560562354932e-17f,8.659560562354933e-17f,-0.34375f,0f,0.7071067811865475f,-0.7071067811865474f,1.0511097221762162f,-1.2246467991473532e-16f,-0.7071067811865474f,-0.7071067811865475f,0.11099198141728411f,0f,0f,0f,1f],start_interpolation:0}
execute if entity @s[tag=aj.bertram.bone.torso] run data modify entity @s {} merge value {transformation:[-1.0104166666666665f,-5.5091164464542035e-17f,1.1079999423643824e-16f,5.1115513420709114e-17f,0f,0.9047506131039701f,0.4498534965583436f,-0.15195933174595178f,-1.2374035366384712e-16f,0.4498534965583436f,-0.9047506131039701f,-0.41738984216753533f,0f,0f,0f,1f],start_interpolation:0}