execute if entity @s[tag=aj.bertram.bone.head] run data modify entity @s {} merge value {transformation:[-1f,-2.6239103786898374e-17f,1.1962068073322002e-16f,-3.153493110513894e-17f,0f,0.9767769843231909f,0.21425854217858614f,1.1875988294525377f,-1.2246467991473532e-16f,0.21425854217858614f,-0.9767769843231909f,0.25750225393227494f,0f,0f,0f,1f],start_interpolation:0}
execute if entity @s[tag=aj.bertram.bone.leftarm] run data modify entity @s {} merge value {transformation:[-0.8747154963791882f,0.39505616079331035f,0.28071948670044333f,0.3125f,0.4700184647467166f,0.5503324409296031f,0.6900846667312676f,1.020899219635025f,0.1181331587288254f,0.735571093966936f,-0.6670680044261119f,0.1716681692881833f,0f,0f,0f,1f],start_interpolation:0}
execute if entity @s[tag=aj.bertram.bone.cane] run data modify entity @s {} merge value {transformation:[-1.0000452623012871e-16f,-1.0189063684193662e-17f,1f,-0.32812500000000006f,0.08320001890575862f,0.9965328679246266f,1.847411532768431e-17f,0.5852407848385787f,-0.9965328679246266f,0.08320001890575862f,-9.88100670383968e-17f,0.4936562526915849f,0f,0f,0f,1f],start_interpolation:0}
execute if entity @s[tag=aj.bertram.bone.rightarm] run data modify entity @s {} merge value {transformation:[-1f,8.65956056235493e-17f,8.659560562354935e-17f,-0.34375f,0f,0.7071067811865477f,-0.7071067811865474f,1.0495105811830556f,-1.2246467991473532e-16f,-0.7071067811865474f,-0.7071067811865477f,0.11610163268234575f,0f,0f,0f,1f],start_interpolation:0}
execute if entity @s[tag=aj.bertram.bone.torso] run data modify entity @s {} merge value {transformation:[-1.0104166666666665f,-5.664607994811994e-17f,1.1001316626370304e-16f,5.25582185085649e-17f,0f,0.8983256751277062f,0.4625503450264938f,-0.14599804908756253f,-1.2374035366384712e-16f,0.4625503450264938f,-0.8983256751277062f,-0.4291704232204582f,0f,0f,0f,1f],start_interpolation:0}