execute if entity @s[tag=aj.bertram.bone.head] run data modify entity @s {} merge value {transformation:[-1f,-2.261973991683187e-17f,1.2035757222839558e-16f,-2.7785325149942935e-17f,0f,0.982794160015714f,0.18470419334440438f,1.2022132406017896f,-1.2246467991473532e-16f,0.18470419334440438f,-0.982794160015714f,0.22688439776503855f,0f,0f,0f,1f],start_interpolation:0}
execute if entity @s[tag=aj.bertram.bone.leftarm] run data modify entity @s {} merge value {transformation:[-0.8961708724716734f,0.35009853822013326f,0.27259636987583963f,0.3125f,0.44139326428166226f,0.6407260782538136f,0.6282054432208197f,1.030642160401193f,0.045274204356767184f,0.6833016216734844f,-0.7287311851692969f,0.15125626517669233f,0f,0f,0f,1f],start_interpolation:0}
execute if entity @s[tag=aj.bertram.bone.cane] run data modify entity @s {} merge value {transformation:[-9.961122844380143e-17f,-2.7687813246986602e-18f,1f,-0.32812500000000006f,0.022608815265155513f,0.999744388067423f,5.020165453374473e-18f,0.5920511422431042f,-0.999744388067423f,0.022608815265155513f,-9.952316775971281e-17f,0.463558988884505f,0f,0f,0f,1f],start_interpolation:0}
execute if entity @s[tag=aj.bertram.bone.rightarm] run data modify entity @s {} merge value {transformation:[-1f,8.65956056235493e-17f,8.659560562354935e-17f,-0.34375f,0f,0.7071067811865477f,-0.7071067811865475f,1.055851537930642f,-1.2246467991473532e-16f,-0.7071067811865475f,-0.7071067811865477f,0.09406590510982682f,0f,0f,0f,1f],start_interpolation:0}
execute if entity @s[tag=aj.bertram.bone.torso] run data modify entity @s {} merge value {transformation:[-1.0104166666666665f,-4.991067665823082e-17f,1.1322808609338717e-16f,4.6308875249904886e-17f,0f,0.924577487747659f,0.40755160339275437f,-0.17035540100298274f,-1.2374035366384712e-16f,0.40755160339275437f,-0.924577487747659f,-0.3781406629417309f,0f,0f,0f,1f],start_interpolation:0}