execute if entity @s[tag=aj.bertram.bone.head] run data modify entity @s {} merge value {transformation:[-1f,-2.643614260533811e-17f,1.1957728961123348e-16f,-3.173655942567426e-17f,0f,0.9764226689237079f,0.21586748623149124f,1.186747648672541f,-1.2246467991473532e-16f,0.21586748623149124f,-0.9764226689237079f,0.25914867411379744f,0f,0f,0f,1f],start_interpolation:0}
execute if entity @s[tag=aj.bertram.bone.leftarm] run data modify entity @s {} merge value {transformation:[-0.8734453514944063f,0.397461106351056f,0.2812790196424319f,0.3125f,0.4713385130957662f,0.545175450795959f,0.693270318073762f,1.0203317657816937f,0.12220157128893779f,0.7381113715338745f,-0.6635196901275028f,0.17276578274253157f,0f,0f,0f,1f],start_interpolation:0}
execute if entity @s[tag=aj.bertram.bone.cane] run data modify entity @s {} merge value {transformation:[-1.0003897094142245e-16f,-1.059354062040838e-17f,1f,-0.32812500000000006f,0.08650282373484353f,0.9962516055123316f,1.9207485321102952e-17f,0.5847626087257162f,-0.9962516055123316f,0.08650282373484353f,-9.874761423717849e-17f,0.4952877285000388f,0f,0f,0f,1f],start_interpolation:0}
execute if entity @s[tag=aj.bertram.bone.rightarm] run data modify entity @s {} merge value {transformation:[-1f,8.659560562354934e-17f,8.65956056235493e-17f,-0.34375f,0f,0.7071067811865474f,-0.7071067811865476f,1.049126062905449f,-1.2246467991473532e-16f,-0.7071067811865476f,-0.7071067811865474f,0.11729382177891595f,0f,0f,0f,1f],start_interpolation:0}
execute if entity @s[tag=aj.bertram.bone.torso] run data modify entity @s {} merge value {transformation:[-1.0104166666666665f,-5.700826415352597e-17f,1.0982592108903877e-16f,5.28942657094571e-17f,0f,0.8967967022451196f,0.46550780350071014f,-0.14457941445423483f,-1.2374035366384712e-16f,0.46550780350071014f,-0.8967967022451196f,-0.43191445685632907f,0f,0f,0f,1f],start_interpolation:0}