execute if entity @s[tag=aj.bertram.bone.head] run data modify entity @s {} merge value {transformation:[-1f,-2.4038358986638468e-17f,1.2008228480441267e-16f,-2.9265064434733485e-17f,0f,0.9805462676097191f,0.19628809713441386f,1.196715905520851f,-1.2246467991473532e-16f,0.19628809713441386f,-0.9805462676097191f,0.23896738598515882f,0f,0f,0f,1f],start_interpolation:0}
execute if entity @s[tag=aj.bertram.bone.leftarm] run data modify entity @s {} merge value {transformation:[-0.8881856388608762f,0.3678842674585667f,0.27529518099264094f,0.3125f,0.4535864796708f,0.6063017137601231f,0.653190276528508f,1.026977270347234f,0.07338648636600739f,0.7050243950729731f,-0.7053758047812814f,0.15931159065677253f,0f,0f,0f,1f],start_interpolation:0}
execute if entity @s[tag=aj.bertram.bone.cane] run data modify entity @s {} merge value {transformation:[-9.971146227128884e-17f,-5.67450747445723e-18f,1f,-0.32812500000000006f,0.04633586988842864f,0.998925916753431f,1.0288629923233791e-17f,0.5898264260884405f,-0.998925916753431f,0.04633586988842864f,-9.934143062015498e-17f,0.4753795714677682f,0f,0f,0f,1f],start_interpolation:0}
execute if entity @s[tag=aj.bertram.bone.rightarm] run data modify entity @s {} merge value {transformation:[-1f,8.659560562354933e-17f,8.659560562354933e-17f,-0.34375f,0f,0.7071067811865476f,-0.7071067811865475f,1.0535292021233627f,-1.2246467991473532e-16f,-0.7071067811865475f,-0.7071067811865476f,0.1027320455989002f,0f,0f,0f,1f],start_interpolation:0}
execute if entity @s[tag=aj.bertram.bone.torso] run data modify entity @s {} merge value {transformation:[-1.0104166666666665f,-5.256872685498421e-17f,1.1201876664961112e-16f,4.877510739122247e-17f,0f,0.9147026451022691f,0.4292562303807482f,-0.1611931758680848f,-1.2374035366384712e-16f,0.4292562303807482f,-0.9147026451022691f,-0.3982789766419314f,0f,0f,0f,1f],start_interpolation:0}