execute if entity @s[tag=aj.bertram.bone.head] run data modify entity @s {} merge value {transformation:[-1f,-2.200583316120384e-17f,1.2047132909327363e-16f,-2.7141161178066732e-17f,0f,0.9837230553099103f,0.17969126426105192f,1.2044998795265138f,-1.2246467991473532e-16f,0.17969126426105192f,-0.9837230553099103f,0.2216243997613309f,0f,0f,0f,1f],start_interpolation:0}
execute if entity @s[tag=aj.bertram.bone.leftarm] run data modify entity @s {} merge value {transformation:[-0.8994567378589139f,0.3423444911039817f,0.2716207395081547f,0.3125f,0.43573914460987795f,0.6552038870635016f,0.6171217580279682f,1.0321665863510092f,0.03330126986847351f,0.6734301120291801f,-0.7385004466061704f,0.1477495998408872f,0f,0f,0f,1f],start_interpolation:0}
execute if entity @s[tag=aj.bertram.bone.cane] run data modify entity @s {} merge value {transformation:[-9.958926877195308e-17f,-1.5127703907703531e-18f,1f,-0.32812500000000006f,0.012352707669048724f,0.9999237023959594f,2.7428520941283282e-18f,0.5928371319796041f,-0.9999237023959594f,0.012352707669048724f,-9.956298353895007e-17f,0.45843778118328543f,0f,0f,0f,1f],start_interpolation:0}
execute if entity @s[tag=aj.bertram.bone.rightarm] run data modify entity @s {} merge value {transformation:[-1f,8.659560562354934e-17f,8.659560562354934e-17f,-0.34375f,0f,0.7071067811865476f,-0.7071067811865476f,1.0567915196578237f,-1.2246467991473532e-16f,-0.7071067811865476f,-0.7071067811865476f,0.09030516878238565f,0f,0f,0f,1f],start_interpolation:0}
execute if entity @s[tag=aj.bertram.bone.torso] run data modify entity @s {} merge value {transformation:[-1.0104166666666665f,-4.8753567301342085e-17f,1.1373110744315944e-16f,4.523526863011122e-17f,0f,0.928684968779108f,0.3981030884601684f,-0.17416646587752305f,-1.2374035366384712e-16f,0.3981030884601684f,-0.928684968779108f,-0.3693739996022182f,0f,0f,0f,1f],start_interpolation:0}