execute if entity @s[tag=aj.bertram.bone.head] run data modify entity @s {} merge value {transformation:[-1f,-2.524259888103228e-17f,1.198349240762053e-16f,-3.0511129489297146e-17f,0f,0.9785264139802514f,0.20612146211141985f,1.1918157489695427f,-1.2246467991473532e-16f,0.20612146211141985f,-0.9785264139802514f,0.24914227931302463f,0f,0f,0f,1f],start_interpolation:0}
execute if entity @s[tag=aj.bertram.bone.leftarm] run data modify entity @s {} merge value {transformation:[-0.8809777708906713f,0.3828209590869515f,0.2780760336315419f,0.3125f,0.46295894064567383f,0.5760512714454957f,0.673671991359492f,1.0237104993130286f,0.09770970511028715f,0.7222278352083742f,-0.6847187507126458f,0.1660948528753498f,0f,0f,0f,1f],start_interpolation:0}
execute if entity @s[tag=aj.bertram.bone.cane] run data modify entity @s {} merge value {transformation:[-9.985101987643332e-17f,-8.144053019819566e-18f,1f,-0.32812500000000006f,0.06650123958589349f,0.9977863424268443f,1.4766241470874573e-17f,0.5874886490835834f,-0.9977863424268443f,0.06650123958589349f,-9.908839428902532e-17f,0.48539190212929617f,0f,0f,0f,1f],start_interpolation:0}
execute if entity @s[tag=aj.bertram.bone.rightarm] run data modify entity @s {} merge value {transformation:[-1f,8.659560562354933e-17f,8.659560562354933e-17f,-0.34375f,0f,0.7071067811865476f,-0.7071067811865475f,1.0513929747922535f,-1.2246467991473532e-16f,-0.7071067811865475f,-0.7071067811865476f,0.11005976965651171f,0f,0f,0f,1f],start_interpolation:0}
execute if entity @s[tag=aj.bertram.bone.torso] run data modify entity @s {} merge value {transformation:[-1.0104166666666665f,-5.480702889744116e-17f,1.1094081624131406e-16f,5.085188248216191e-17f,0f,0.9059005120378821f,0.44753335358080343f,-0.15302624828257116f,-1.2374035366384712e-16f,0.44753335358080343f,-0.9059005120378821f,-0.4152371321883744f,0f,0f,0f,1f],start_interpolation:0}