execute if entity @s[tag=aj.thaddeus.bone.rightarm] run data modify entity @s {} merge value {transformation:[-0.9999685830398943f,0.00792672209451656f,-0.00000316579343390032f,-0.3125f,0.0073369809796251404f,0.9254204903137392f,-0.3788708022764266f,1.429247938971569f,-0.003000273869259934f,-0.37885892253491255f,-0.9254495746243522f,-0.02849170541255392f,0f,0f,0f,1f],start_interpolation:0}
execute if entity @s[tag=aj.thaddeus.bone.leftarm] run data modify entity @s {} merge value {transformation:[-0.9999685830398943f,-0.007926722094516466f,0.00000316579343412699f,0.3125f,-0.0073369809796251404f,0.9254204903137392f,-0.3788708022764266f,1.429247938971569f,0.0030002738692596893f,-0.37885892253491255f,-0.9254495746243522f,-0.028491705412553844f,0f,0f,0f,1f],start_interpolation:0}
execute if entity @s[tag=aj.thaddeus.bone.torso] run data modify entity @s {} merge value {transformation:[-1f,-4.913362381994704e-19f,1.224636942743424e-16f,3.642770158010677e-18f,0f,0.9999919516354137f,0.004012064854467082f,1.1167504540855024f,-1.2246467991473532e-16f,0.004012064854467082f,-0.9999919516354137f,-0.029745475679574845f,0f,0f,0f,1f],start_interpolation:0}
execute if entity @s[tag=aj.thaddeus.bone.head] run data modify entity @s {} merge value {transformation:[-1f,-4.913362381994704e-19f,1.224636942743424e-16f,3.458519068685876e-18f,0f,0.9999919516354137f,0.004012064854467082f,1.4917474359487826f,-1.2246467991473532e-16f,0.004012064854467082f,-0.9999919516354137f,-0.02824095135914969f,0f,0f,0f,1f],start_interpolation:0}
execute if entity @s[tag=aj.thaddeus.bone.leftleg] run data modify entity @s {} merge value {transformation:[-0.42261826174069916f,0.8848246737055844f,0.1961609075353089f,0.4375f,2.012407545130324e-16f,0.216439613938103f,-0.9762960071199334f,0.8667534722222223f,-0.9063077870366502f,-0.4126005214734115f,-0.09147133341434929f,-0.03124999999999992f,0f,0f,0f,1f],start_interpolation:0}
execute if entity @s[tag=aj.thaddeus.bone.rightleg] run data modify entity @s {} merge value {transformation:[-0.4226182617406994f,-0.8848246737055844f,-0.1961609075353089f,-0.5f,-2.012407545130324e-16f,0.216439613938103f,-0.9762960071199334f,0.8667534722222223f,0.9063077870366502f,-0.4126005214734117f,-0.09147133341434935f,-0.031250000000000035f,0f,0f,0f,1f],start_interpolation:0}