execute if entity @s[tag=aj.thaddeus.bone.rightarm] run data modify entity @s {} merge value {transformation:[-0.9971376890571116f,0.07560707015635731f,0.000002052970583171965f,-0.3125f,0.07080069432897543f,0.9337587189289194f,-0.3508303243831102f,1.3746006443082257f,-0.026527169927793144f,-0.3498259935547886f,-0.9364390441929613f,-0.007820219992052069f,0f,0f,0f,1f],start_interpolation:0}
execute if entity @s[tag=aj.thaddeus.bone.leftarm] run data modify entity @s {} merge value {transformation:[-0.9971376890571116f,-0.07560707015635723f,-0.0000020529705829426036f,0.3125f,-0.07080069432897543f,0.9337587189289194f,-0.3508303243831102f,1.3746006443082257f,0.026527169927792898f,-0.3498259935547886f,-0.9364390441929613f,-0.007820219992051992f,0f,0f,0f,1f],start_interpolation:0}
execute if entity @s[tag=aj.thaddeus.bone.torso] run data modify entity @s {} merge value {transformation:[-1f,-4.173557104212382e-18f,1.2239354250824042e-16f,2.2619373332558355e-18f,0f,0.9994191189937831f,0.034079680011560684f,1.0622821696226685f,-1.2246467991473532e-16f,0.034079680011560684f,-0.9994191189937831f,-0.018470119995664745f,0f,0f,0f,1f],start_interpolation:0}
execute if entity @s[tag=aj.thaddeus.bone.head] run data modify entity @s {} merge value {transformation:[-1f,-4.173557104212382e-18f,1.2239354250824042e-16f,6.968534191761922e-19f,0f,0.9994191189937831f,0.034079680011560684f,1.4370643392453373f,-1.2246467991473532e-16f,0.034079680011560684f,-0.9994191189937831f,-0.005690239991329487f,0f,0f,0f,1f],start_interpolation:0}
execute if entity @s[tag=aj.thaddeus.bone.leftleg] run data modify entity @s {} merge value {transformation:[-0.42261826174069916f,0.8848246737055844f,0.1961609075353089f,0.4375f,2.012407545130324e-16f,0.216439613938103f,-0.9762960071199334f,0.8125f,-0.9063077870366502f,-0.4126005214734115f,-0.09147133341434929f,-0.03124999999999992f,0f,0f,0f,1f],start_interpolation:0}
execute if entity @s[tag=aj.thaddeus.bone.rightleg] run data modify entity @s {} merge value {transformation:[-0.4226182617406994f,-0.8848246737055844f,-0.1961609075353089f,-0.5f,-2.012407545130324e-16f,0.216439613938103f,-0.9762960071199334f,0.8125f,0.9063077870366502f,-0.4126005214734117f,-0.09147133341434935f,-0.031250000000000035f,0f,0f,0f,1f],start_interpolation:0}