execute if entity @s[tag=aj.thaddeus.bone.rightarm] run data modify entity @s {} merge value {transformation:[-0.9990293170235209f,0.044050240898525696f,-0.0000020734524508878555f,-0.3125f,0.04106432162606951f,0.9312936744707394f,-0.3619472522069743f,1.3929501755449027f,-0.01594193265912483f,-0.36159600131579195f,-0.9321985768147909f,-0.016121807230555715f,0f,0f,0f,1f],start_interpolation:0}
execute if entity @s[tag=aj.thaddeus.bone.leftarm] run data modify entity @s {} merge value {transformation:[-0.9990293170235209f,-0.0440502408985256f,0.0000020734524511161783f,0.3125f,-0.04106432162606951f,0.9312936744707394f,-0.3619472522069743f,1.3929501755449027f,0.015941932659124587f,-0.36159600131579195f,-0.9321985768147909f,-0.01612180723055564f,0f,0f,0f,1f],start_interpolation:0}
execute if entity @s[tag=aj.thaddeus.bone.torso] run data modify entity @s {} merge value {transformation:[-1f,-2.6947916875613264e-18f,1.2243502735891894e-16f,2.8164743644999813e-18f,0f,0.9997578685067643f,0.022004644028282647f,1.0805258416365389f,-1.2246467991473532e-16f,0.022004644028282647f,-0.9997578685067643f,-0.022998258489394005f,0f,0f,0f,1f],start_interpolation:0}
execute if entity @s[tag=aj.thaddeus.bone.head] run data modify entity @s {} merge value {transformation:[-1f,-2.6947916875613264e-18f,1.2243502735891894e-16f,1.805927481664484e-18f,0f,0.9997578685067643f,0.022004644028282647f,1.4554350423265754f,-1.2246467991473532e-16f,0.022004644028282647f,-0.9997578685067643f,-0.014746516978788014f,0f,0f,0f,1f],start_interpolation:0}
execute if entity @s[tag=aj.thaddeus.bone.leftleg] run data modify entity @s {} merge value {transformation:[-0.42261826174069916f,0.8848246737055844f,0.1961609075353089f,0.4375f,2.012407545130324e-16f,0.216439613938103f,-0.9762960071199334f,0.8306166409465021f,-0.9063077870366502f,-0.4126005214734115f,-0.09147133341434929f,-0.03124999999999992f,0f,0f,0f,1f],start_interpolation:0}
execute if entity @s[tag=aj.thaddeus.bone.rightleg] run data modify entity @s {} merge value {transformation:[-0.4226182617406994f,-0.8848246737055844f,-0.1961609075353089f,-0.5f,-2.012407545130324e-16f,0.216439613938103f,-0.9762960071199334f,0.8306166409465021f,0.9063077870366502f,-0.4126005214734117f,-0.09147133341434935f,-0.031250000000000035f,0f,0f,0f,1f],start_interpolation:0}