execute if entity @s[tag=aj.thaddeus.bone.rightarm] run data modify entity @s {} merge value {transformation:[-0.9995281155057502f,0.03071719866740923f,-0.000004421610761453115f,-0.3125f,0.02864260902241329f,0.931969589575956f,-0.3614032167178553f,1.3883241311482304f,-0.011097173600196499f,-0.3612328027901824f,-0.9324096282892173f,-0.015700442407248327f,0f,0f,0f,1f],start_interpolation:0}
execute if entity @s[tag=aj.thaddeus.bone.leftarm] run data modify entity @s {} merge value {transformation:[-0.9995281155057502f,-0.030717198667409146f,0.0000044216107616814885f,0.3125f,-0.02864260902241329f,0.931969589575956f,-0.3614032167178553f,1.3883241311482304f,0.011097173600196254f,-0.36123280279018244f,-0.9324096282892173f,-0.01570044240724825f,0f,0f,0f,1f],start_interpolation:0}
execute if entity @s[tag=aj.thaddeus.bone.torso] run data modify entity @s {} merge value {transformation:[-1f,-2.7698495904175716e-18f,1.2243335231816957e-16f,2.7883276509288894e-18f,0f,0.9997441907610622f,0.02261753831672976f,1.0759040715353985f,-1.2246467991473532e-16f,0.02261753831672976f,-0.9997441907610622f,-0.022768423131226338f,0f,0f,0f,1f],start_interpolation:0}
execute if entity @s[tag=aj.thaddeus.bone.head] run data modify entity @s {} merge value {transformation:[-1f,-2.7698495904175716e-18f,1.2243335231816957e-16f,1.7496340545223e-18f,0f,0.9997441907610622f,0.02261753831672976f,1.4508081430707969f,-1.2246467991473532e-16f,0.02261753831672976f,-0.9997441907610622f,-0.01428684626245268f,0f,0f,0f,1f],start_interpolation:0}
execute if entity @s[tag=aj.thaddeus.bone.leftleg] run data modify entity @s {} merge value {transformation:[-0.42261826174069916f,0.8848246737055844f,0.1961609075353089f,0.4375f,2.012407545130324e-16f,0.216439613938103f,-0.9762960071199334f,0.8260000000000001f,-0.9063077870366502f,-0.4126005214734115f,-0.09147133341434929f,-0.03124999999999992f,0f,0f,0f,1f],start_interpolation:0}
execute if entity @s[tag=aj.thaddeus.bone.rightleg] run data modify entity @s {} merge value {transformation:[-0.4226182617406994f,-0.8848246737055844f,-0.1961609075353089f,-0.5f,-2.012407545130324e-16f,0.216439613938103f,-0.9762960071199334f,0.8260000000000001f,0.9063077870366502f,-0.4126005214734117f,-0.09147133341434935f,-0.031250000000000035f,0f,0f,0f,1f],start_interpolation:0}