execute if entity @s[tag=aj.thaddeus.bone.rightarm] run data modify entity @s {} merge value {transformation:[-0.9967647388336204f,0.08037446992378175f,0.0000015542234384507217f,-0.3125f,0.07504636939990143f,0.9306951734935504f,-0.35801471544575336f,1.3944901368213631f,-0.028776689487118687f,-0.3568563277010529f,-0.9337159437012311f,-0.013059928946417733f,0f,0f,0f,1f],start_interpolation:0}
execute if entity @s[tag=aj.thaddeus.bone.leftarm] run data modify entity @s {} merge value {transformation:[-0.9967647388336204f,-0.08037446992378167f,-0.0000015542234382220274f,0.3125f,-0.07504636939990143f,0.9306951734935504f,-0.35801471544575336f,1.3944901368213631f,0.028776689487118444f,-0.35685632770105297f,-0.9337159437012311f,-0.013059928946417656f,0f,0f,0f,1f],start_interpolation:0}
execute if entity @s[tag=aj.thaddeus.bone.torso] run data modify entity @s {} merge value {transformation:[-1f,-3.2402054242956354e-18f,1.2242180727071033e-16f,2.6119442132246153e-18f,0f,0.9996499182943617f,0.02645828516884699f,1.0820995373543751f,-1.2246467991473532e-16f,0.02645828516884699f,-0.9996499182943617f,-0.02132814306168238f,0f,0f,0f,1f],start_interpolation:0}
execute if entity @s[tag=aj.thaddeus.bone.head] run data modify entity @s {} merge value {transformation:[-1f,-3.2402054242956354e-18f,1.2242180727071033e-16f,1.3968671791137522e-18f,0f,0.9996499182943617f,0.02645828516884699f,1.4569682567147608f,-1.2246467991473532e-16f,0.02645828516884699f,-0.9996499182943617f,-0.011406286123364758f,0f,0f,0f,1f],start_interpolation:0}
execute if entity @s[tag=aj.thaddeus.bone.leftleg] run data modify entity @s {} merge value {transformation:[-0.42261826174069916f,0.8848246737055844f,0.1961609075353089f,0.4375f,2.012407545130324e-16f,0.216439613938103f,-0.9762960071199334f,0.8322308179939895f,-0.9063077870366502f,-0.4126005214734115f,-0.09147133341434929f,-0.03124999999999992f,0f,0f,0f,1f],start_interpolation:0}
execute if entity @s[tag=aj.thaddeus.bone.rightleg] run data modify entity @s {} merge value {transformation:[-0.4226182617406994f,-0.8848246737055844f,-0.1961609075353089f,-0.5f,-2.012407545130324e-16f,0.216439613938103f,-0.9762960071199334f,0.8322308179939895f,0.9063077870366502f,-0.4126005214734117f,-0.09147133341434935f,-0.031250000000000035f,0f,0f,0f,1f],start_interpolation:0}