execute if entity @s[tag=aj.thaddeus.bone.rightarm] run data modify entity @s {} merge value {transformation:[-0.9997040538126006f,0.024327037756203904f,-0.000004965994756859251f,-0.3125f,0.022593388614642423f,0.9283851312739068f,-0.37093205148711367f,1.4119036721155271f,-0.009019067665818933f,-0.37082238775934123f,-0.928660009451737f,-0.022714332076839868f,0f,0f,0f,1f],start_interpolation:0}
execute if entity @s[tag=aj.thaddeus.bone.leftarm] run data modify entity @s {} merge value {transformation:[-0.9997040538126006f,-0.024327037756203814f,0.0000049659947570867064f,0.3125f,-0.022593388614642423f,0.9283851312739068f,-0.37093205148711367f,1.4119036721155271f,0.009019067665818689f,-0.37082238775934123f,-0.928660009451737f,-0.022714332076839792f,0f,0f,0f,1f],start_interpolation:0}
execute if entity @s[tag=aj.thaddeus.bone.torso] run data modify entity @s {} merge value {transformation:[-1f,-1.5204623128265947e-18f,1.2245524088814594e-16f,3.256847880025506e-18f,0f,0.9999229244987539f,0.012415516979142066f,1.0994277582096665f,-1.2246467991473532e-16f,0.012415516979142066f,-0.9999229244987539f,-0.026594181132821727f,0f,0f,0f,1f],start_interpolation:0}
execute if entity @s[tag=aj.thaddeus.bone.head] run data modify entity @s {} merge value {transformation:[-1f,-1.5204623128265947e-18f,1.2245524088814594e-16f,2.686674512715533e-18f,0f,0.9999229244987539f,0.012415516979142066f,1.474398854896699f,-1.2246467991473532e-16f,0.012415516979142066f,-0.9999229244987539f,-0.02193836226564345f,0f,0f,0f,1f],start_interpolation:0}
execute if entity @s[tag=aj.thaddeus.bone.leftleg] run data modify entity @s {} merge value {transformation:[-0.42261826174069916f,0.8848246737055844f,0.1961609075353089f,0.4375f,2.012407545130324e-16f,0.216439613938103f,-0.9762960071199334f,0.8494566615226338f,-0.9063077870366502f,-0.4126005214734115f,-0.09147133341434929f,-0.03124999999999992f,0f,0f,0f,1f],start_interpolation:0}
execute if entity @s[tag=aj.thaddeus.bone.rightleg] run data modify entity @s {} merge value {transformation:[-0.4226182617406994f,-0.8848246737055844f,-0.1961609075353089f,-0.5f,-2.012407545130324e-16f,0.216439613938103f,-0.9762960071199334f,0.8494566615226338f,0.9063077870366502f,-0.4126005214734117f,-0.09147133341434935f,-0.031250000000000035f,0f,0f,0f,1f],start_interpolation:0}