execute if entity @s[tag=aj.thaddeus.bone.rightarm] run data modify entity @s {} merge value {transformation:[-0.9984057212550738f,0.056444802815898254f,4.586381347789037e-7f,-0.3125f,0.05251860308582913f,0.928961378853916f,-0.3664321941747808f,1.4101130190697913f,-0.02068361900270653f,-0.36584797502911715f,-0.9304447576680979f,-0.0194119349355315f,0f,0f,0f,1f],start_interpolation:0}
execute if entity @s[tag=aj.thaddeus.bone.leftarm] run data modify entity @s {} merge value {transformation:[-0.9984057212550738f,-0.05644480281589816f,-4.5863813455101043e-7f,0.3125f,-0.05251860308582913f,0.928961378853916f,-0.3664321941747808f,1.4101130190697913f,0.020683619002706283f,-0.36584797502911715f,-0.9304447576680979f,-0.019411934935531425f,0f,0f,0f,1f],start_interpolation:0}
execute if entity @s[tag=aj.thaddeus.bone.torso] run data modify entity @s {} merge value {transformation:[-1f,-2.1087197802617457e-18f,1.2244652354194019e-16f,3.036251329737324e-18f,0f,0.9998517419650483f,0.017219003730136056f,1.0976593497057137f,-1.2246467991473532e-16f,0.017219003730136056f,-0.9998517419650483f,-0.02479287360119898f,0f,0f,0f,1f],start_interpolation:0}
execute if entity @s[tag=aj.thaddeus.bone.head] run data modify entity @s {} merge value {transformation:[-1f,-2.1087197802617457e-18f,1.2244652354194019e-16f,2.2454814121391694e-18f,0f,0.9998517419650483f,0.017219003730136056f,1.4726037529426068f,-1.2246467991473532e-16f,0.017219003730136056f,-0.9998517419650483f,-0.01833574720239796f,0f,0f,0f,1f],start_interpolation:0}
execute if entity @s[tag=aj.thaddeus.bone.leftleg] run data modify entity @s {} merge value {transformation:[-0.42261826174069916f,0.8848246737055844f,0.1961609075353089f,0.4375f,2.012407545130324e-16f,0.216439613938103f,-0.9762960071199334f,0.8477149464688205f,-0.9063077870366502f,-0.4126005214734115f,-0.09147133341434929f,-0.03124999999999992f,0f,0f,0f,1f],start_interpolation:0}
execute if entity @s[tag=aj.thaddeus.bone.rightleg] run data modify entity @s {} merge value {transformation:[-0.4226182617406994f,-0.8848246737055844f,-0.1961609075353089f,-0.5f,-2.012407545130324e-16f,0.216439613938103f,-0.9762960071199334f,0.8477149464688205f,0.9063077870366502f,-0.4126005214734117f,-0.09147133341434935f,-0.031250000000000035f,0f,0f,0f,1f],start_interpolation:0}