execute if entity @s[tag=aj.thaddeus.bone.rightarm] run data modify entity @s {} merge value {transformation:[-0.9994217911710294f,0.03400122522507036f,-0.000003960485802128138f,-0.3125f,0.0316378703960061f,0.929911369017633f,-0.3664203746089417f,1.4022418226009707f,-0.012455058783359044f,-0.3662086324145646f,-0.930449412410883f,-0.0194119349355315f,0f,0f,0f,1f],start_interpolation:0}
execute if entity @s[tag=aj.thaddeus.bone.leftarm] run data modify entity @s {} merge value {transformation:[-0.9994217911710294f,-0.034001225225070264f,0.000003960485802356032f,0.3125f,-0.0316378703960061f,0.929911369017633f,-0.3664203746089417f,1.4022418226009707f,0.0124550587833588f,-0.3662086324145646f,-0.930449412410883f,-0.019411934935531425f,0f,0f,0f,1f],start_interpolation:0}
execute if entity @s[tag=aj.thaddeus.bone.torso] run data modify entity @s {} merge value {transformation:[-1f,-2.108719780261745e-18f,1.2244652354194019e-16f,3.0362513297373247e-18f,0f,0.9998517419650483f,0.01721900373013605f,1.0897881532368932f,-1.2246467991473532e-16f,0.01721900373013605f,-0.9998517419650483f,-0.02479287360119898f,0f,0f,0f,1f],start_interpolation:0}
execute if entity @s[tag=aj.thaddeus.bone.head] run data modify entity @s {} merge value {transformation:[-1f,-2.108719780261745e-18f,1.2244652354194019e-16f,2.2454814121391702e-18f,0f,0.9998517419650483f,0.01721900373013605f,1.4647325564737863f,-1.2246467991473532e-16f,0.01721900373013605f,-0.9998517419650483f,-0.018335747202397962f,0f,0f,0f,1f],start_interpolation:0}
execute if entity @s[tag=aj.thaddeus.bone.leftleg] run data modify entity @s {} merge value {transformation:[-0.42261826174069916f,0.8848246737055844f,0.1961609075353089f,0.4375f,2.012407545130324e-16f,0.216439613938103f,-0.9762960071199334f,0.83984375f,-0.9063077870366502f,-0.4126005214734115f,-0.09147133341434929f,-0.03124999999999992f,0f,0f,0f,1f],start_interpolation:0}
execute if entity @s[tag=aj.thaddeus.bone.rightleg] run data modify entity @s {} merge value {transformation:[-0.4226182617406994f,-0.8848246737055844f,-0.1961609075353089f,-0.5f,-2.012407545130324e-16f,0.216439613938103f,-0.9762960071199334f,0.83984375f,0.9063077870366502f,-0.4126005214734117f,-0.09147133341434935f,-0.031250000000000035f,0f,0f,0f,1f],start_interpolation:0}