execute if entity @s[tag=aj.thaddeus.bone.rightarm] run data modify entity @s {} merge value {transformation:[-0.9976601948781632f,0.06836764989095374f,0.000002013311440880577f,-0.3125f,0.06401941420255244f,0.9342185644886125f,-0.3509090884687918f,1.3746043161726837f,-0.023992710576912248f,-0.3500879006952744f,-0.936409532002931f,-0.007928149797483318f,0f,0f,0f,1f],start_interpolation:0}
execute if entity @s[tag=aj.thaddeus.bone.leftarm] run data modify entity @s {} merge value {transformation:[-0.9976601948781632f,-0.06836764989095366f,-0.0000020133114406512225f,0.3125f,-0.06401941420255244f,0.9342185644886125f,-0.3509090884687918f,1.3746043161726837f,0.023992710576912f,-0.3500879006952744f,-0.936409532002931f,-0.007928149797483242f,0f,0f,0f,1f],start_interpolation:0}
execute if entity @s[tag=aj.thaddeus.bone.torso] run data modify entity @s {} merge value {transformation:[-1f,-4.154331520102713e-18f,1.2239419657908483e-16f,2.2691469272969615e-18f,0f,0.99942445988754f,0.03392269120366068f,1.0622841724578276f,-1.2246467991473532e-16f,0.03392269120366068f,-0.99942445988754f,-0.018528990798627243f,0f,0f,0f,1f],start_interpolation:0}
execute if entity @s[tag=aj.thaddeus.bone.head] run data modify entity @s {} merge value {transformation:[-1f,-4.154331520102713e-18f,1.2239419657908483e-16f,7.112726072584442e-19f,0f,0.99942445988754f,0.03392269120366068f,1.4370683449156552f,-1.2246467991473532e-16f,0.03392269120366068f,-0.99942445988754f,-0.005807981597254486f,0f,0f,0f,1f],start_interpolation:0}
execute if entity @s[tag=aj.thaddeus.bone.leftleg] run data modify entity @s {} merge value {transformation:[-0.42261826174069916f,0.8848246737055844f,0.1961609075353089f,0.4375f,2.012407545130324e-16f,0.216439613938103f,-0.9762960071199334f,0.8125f,-0.9063077870366502f,-0.4126005214734115f,-0.09147133341434929f,-0.03124999999999992f,0f,0f,0f,1f],start_interpolation:0}
execute if entity @s[tag=aj.thaddeus.bone.rightleg] run data modify entity @s {} merge value {transformation:[-0.4226182617406994f,-0.8848246737055844f,-0.1961609075353089f,-0.5f,-2.012407545130324e-16f,0.216439613938103f,-0.9762960071199334f,0.8125f,0.9063077870366502f,-0.4126005214734117f,-0.09147133341434935f,-0.031250000000000035f,0f,0f,0f,1f],start_interpolation:0}