execute if entity @s[tag=aj.thaddeus.bone.rightarm] run data modify entity @s {} merge value {transformation:[-0.9991373501511722f,0.04152776813380146f,-0.0000025921275621083846f,-0.3125f,0.038567142406690784f,0.9278830250819752f,-0.37087149700577515f,1.417868803417837f,-0.015399060343927946f,-0.3705516647359014f,-0.9286841942781067f,-0.02271433207683988f,0f,0f,0f,1f],start_interpolation:0}
execute if entity @s[tag=aj.thaddeus.bone.leftarm] run data modify entity @s {} merge value {transformation:[-0.9991373501511722f,-0.041527768133801365f,0.000002592127562335847f,0.3125f,-0.038567142406690784f,0.9278830250819752f,-0.37087149700577515f,1.417868803417837f,0.015399060343927701f,-0.3705516647359014f,-0.9286841942781067f,-0.022714332076839802f,0f,0f,0f,1f],start_interpolation:0}
execute if entity @s[tag=aj.thaddeus.bone.torso] run data modify entity @s {} merge value {transformation:[-1f,-1.5204623128265926e-18f,1.2245524088814594e-16f,3.2568478800255068e-18f,0f,0.9999229244987539f,0.012415516979142048f,1.1053928895119765f,-1.2246467991473532e-16f,0.012415516979142048f,-0.9999229244987539f,-0.02659418113282173f,0f,0f,0f,1f],start_interpolation:0}
execute if entity @s[tag=aj.thaddeus.bone.head] run data modify entity @s {} merge value {transformation:[-1f,-1.5204623128265926e-18f,1.2245524088814594e-16f,2.6866745127155344e-18f,0f,0.9999229244987539f,0.012415516979142048f,1.4803639861990092f,-1.2246467991473532e-16f,0.012415516979142048f,-0.9999229244987539f,-0.02193836226564346f,0f,0f,0f,1f],start_interpolation:0}
execute if entity @s[tag=aj.thaddeus.bone.leftleg] run data modify entity @s {} merge value {transformation:[-0.42261826174069916f,0.8848246737055844f,0.1961609075353089f,0.4375f,2.012407545130324e-16f,0.216439613938103f,-0.9762960071199334f,0.8554217928249437f,-0.9063077870366502f,-0.4126005214734115f,-0.09147133341434929f,-0.03124999999999992f,0f,0f,0f,1f],start_interpolation:0}
execute if entity @s[tag=aj.thaddeus.bone.rightleg] run data modify entity @s {} merge value {transformation:[-0.4226182617406994f,-0.8848246737055844f,-0.1961609075353089f,-0.5f,-2.012407545130324e-16f,0.216439613938103f,-0.9762960071199334f,0.8554217928249437f,0.9063077870366502f,-0.4126005214734117f,-0.09147133341434935f,-0.031250000000000035f,0f,0f,0f,1f],start_interpolation:0}