execute if entity @s[tag=aj.thaddeus.bone.rightarm] run data modify entity @s {} merge value {transformation:[-0.9966551172332982f,0.08172256292434783f,0.0000013253597790851545f,-0.3125f,0.07654904893875808f,0.9335667246209314f,-0.3501334228363779f,1.3763311935756282f,-0.028615037991451073f,-0.34896216612925557f,-0.9366998378408773f,-0.007256596017030622f,0f,0f,0f,1f],start_interpolation:0}
execute if entity @s[tag=aj.thaddeus.bone.leftarm] run data modify entity @s {} merge value {transformation:[-0.9966551172332982f,-0.08172256292434775f,-0.0000013253597788557293f,0.3125f,-0.07654904893875808f,0.9335667246209314f,-0.3501334228363779f,1.3763311935756282f,0.02861503799145083f,-0.34896216612925557f,-0.9366998378408773f,-0.007256596017030546f,0f,0f,0f,1f],start_interpolation:0}
execute if entity @s[tag=aj.thaddeus.bone.torso] run data modify entity @s {} merge value {transformation:[-1f,-4.273955692857142e-18f,1.2239007774061617e-16f,2.2242878625140507e-18f,0f,0.9993908270190958f,0.03489949670250097f,1.0640215601321608f,-1.2246467991473532e-16f,0.03489949670250097f,-0.9993908270190958f,-0.018162688736562137f,0f,0f,0f,1f],start_interpolation:0}
execute if entity @s[tag=aj.thaddeus.bone.head] run data modify entity @s {} merge value {transformation:[-1f,-4.273955692857142e-18f,1.2239007774061617e-16f,6.215544776926226e-19f,0f,0.9993908270190958f,0.03489949670250097f,1.4387931202643216f,-1.2246467991473532e-16f,0.03489949670250097f,-0.9993908270190958f,-0.005075377473124275f,0f,0f,0f,1f],start_interpolation:0}
execute if entity @s[tag=aj.thaddeus.bone.leftleg] run data modify entity @s {} merge value {transformation:[-0.42261826174069916f,0.8848246737055844f,0.1961609075353089f,0.4375f,2.012407545130324e-16f,0.216439613938103f,-0.9762960071199334f,0.8142499999999999f,-0.9063077870366502f,-0.4126005214734115f,-0.09147133341434929f,-0.03124999999999992f,0f,0f,0f,1f],start_interpolation:0}
execute if entity @s[tag=aj.thaddeus.bone.rightleg] run data modify entity @s {} merge value {transformation:[-0.4226182617406994f,-0.8848246737055844f,-0.1961609075353089f,-0.5f,-2.012407545130324e-16f,0.216439613938103f,-0.9762960071199334f,0.8142499999999999f,0.9063077870366502f,-0.4126005214734117f,-0.09147133341434935f,-0.031250000000000035f,0f,0f,0f,1f],start_interpolation:0}