execute if entity @s[tag=aj.thaddeus.bone.rightarm] run data modify entity @s {} merge value {transformation:[-0.9964046295018161f,0.08472198243022691f,6.639865270387619e-7f,-0.3125f,0.07932854703914247f,0.9329758626042222f,-0.3510883384884296f,1.3811043161726837f,-0.029745519528277118f,-0.3498259931608855f,-0.936342340480763f,-0.007928149797483323f,0f,0f,0f,1f],start_interpolation:0}
execute if entity @s[tag=aj.thaddeus.bone.leftarm] run data modify entity @s {} merge value {transformation:[-0.9964046295018161f,-0.08472198243022683f,-6.639865268094241e-7f,0.3125f,-0.07932854703914247f,0.9329758626042222f,-0.3510883384884296f,1.3811043161726837f,0.02974551952827687f,-0.3498259931608855f,-0.936342340480763f,-0.007928149797483247f,0f,0f,0f,1f],start_interpolation:0}
execute if entity @s[tag=aj.thaddeus.bone.torso] run data modify entity @s {} merge value {transformation:[-1f,-4.154331520102712e-18f,1.2239419657908483e-16f,2.269146927296962e-18f,0f,0.99942445988754f,0.033922691203660676f,1.0687841724578275f,-1.2246467991473532e-16f,0.033922691203660676f,-0.99942445988754f,-0.018528990798627246f,0f,0f,0f,1f],start_interpolation:0}
execute if entity @s[tag=aj.thaddeus.bone.head] run data modify entity @s {} merge value {transformation:[-1f,-4.154331520102712e-18f,1.2239419657908483e-16f,7.112726072584446e-19f,0f,0.99942445988754f,0.033922691203660676f,1.443568344915655f,-1.2246467991473532e-16f,0.033922691203660676f,-0.99942445988754f,-0.005807981597254493f,0f,0f,0f,1f],start_interpolation:0}
execute if entity @s[tag=aj.thaddeus.bone.leftleg] run data modify entity @s {} merge value {transformation:[-0.42261826174069916f,0.8848246737055844f,0.1961609075353089f,0.4375f,2.012407545130324e-16f,0.216439613938103f,-0.9762960071199334f,0.819f,-0.9063077870366502f,-0.4126005214734115f,-0.09147133341434929f,-0.03124999999999992f,0f,0f,0f,1f],start_interpolation:0}
execute if entity @s[tag=aj.thaddeus.bone.rightleg] run data modify entity @s {} merge value {transformation:[-0.4226182617406994f,-0.8848246737055844f,-0.1961609075353089f,-0.5f,-2.012407545130324e-16f,0.216439613938103f,-0.9762960071199334f,0.819f,0.9063077870366502f,-0.4126005214734117f,-0.09147133341434935f,-0.031250000000000035f,0f,0f,0f,1f],start_interpolation:0}