execute if entity @s[tag=aj.thaddeus.bone.rightarm] run data modify entity @s {} merge value {transformation:[-0.9979849052782285f,0.06345178353995268f,0.0000015505807807645234f,-0.3125f,0.059092858306105486f,0.929435581861259f,-0.36422181876905363f,1.4061409564189478f,-0.02311196517001207f,-0.36348778567624773f,-0.9313122283800198f,-0.01775183643331808f,0f,0f,0f,1f],start_interpolation:0}
execute if entity @s[tag=aj.thaddeus.bone.leftarm] run data modify entity @s {} merge value {transformation:[-0.9979849052782285f,-0.0634517835399526f,-0.000001550580780536418f,0.3125f,-0.059092858306105486f,0.929435581861259f,-0.36422181876905363f,1.4061409564189478f,0.023111965170011822f,-0.36348778567624773f,-0.9313122283800198f,-0.017751836433318003f,0f,0f,0f,1f],start_interpolation:0}
execute if entity @s[tag=aj.thaddeus.bone.torso] run data modify entity @s {} merge value {transformation:[-1f,-2.404433862735197e-18f,1.2244107368207087e-16f,2.92535854880978e-18f,0f,0.9998072404820648f,0.0196336924606283f,1.0937011937683025f,-1.2246467991473532e-16f,0.0196336924606283f,-0.9998072404820648f,-0.023887365327264386f,0f,0f,0f,1f],start_interpolation:0}
execute if entity @s[tag=aj.thaddeus.bone.head] run data modify entity @s {} merge value {transformation:[-1f,-2.404433862735197e-18f,1.2244107368207087e-16f,2.023695850284081e-18f,0f,0.9998072404820648f,0.0196336924606283f,1.4686289089490767f,-1.2246467991473532e-16f,0.0196336924606283f,-0.9998072404820648f,-0.016524730654528773f,0f,0f,0f,1f],start_interpolation:0}
execute if entity @s[tag=aj.thaddeus.bone.leftleg] run data modify entity @s {} merge value {transformation:[-0.42261826174069916f,0.8848246737055844f,0.1961609075353089f,0.4375f,2.012407545130324e-16f,0.216439613938103f,-0.9762960071199334f,0.8437734785875282f,-0.9063077870366502f,-0.4126005214734115f,-0.09147133341434929f,-0.03124999999999992f,0f,0f,0f,1f],start_interpolation:0}
execute if entity @s[tag=aj.thaddeus.bone.rightleg] run data modify entity @s {} merge value {transformation:[-0.4226182617406994f,-0.8848246737055844f,-0.1961609075353089f,-0.5f,-2.012407545130324e-16f,0.216439613938103f,-0.9762960071199334f,0.8437734785875282f,0.9063077870366502f,-0.4126005214734117f,-0.09147133341434935f,-0.031250000000000035f,0f,0f,0f,1f],start_interpolation:0}