execute if entity @s[tag=aj.thaddeus.bone.rightarm] run data modify entity @s {} merge value {transformation:[-0.9987951974515635f,0.04907294108432073f,-0.0000010134103193752898f,-0.3125f,0.04578652704602644f,0.9318984692587433f,-0.35981778296003464f,1.388686001734599f,-0.017656372468763327f,-0.3593843199786906f,-0.9330225951522817f,-0.014548842137409222f,0f,0f,0f,1f],start_interpolation:0}
execute if entity @s[tag=aj.thaddeus.bone.leftarm] run data modify entity @s {} merge value {transformation:[-0.9987951974515635f,-0.049072941084320636f,0.0000010134103196038146f,0.3125f,-0.04578652704602644f,0.9318984692587433f,-0.35981778296003464f,1.388686001734599f,0.01765637246876308f,-0.35938431997869064f,-0.9330225951522817f,-0.014548842137409146f,0f,0f,0f,1f],start_interpolation:0}
execute if entity @s[tag=aj.thaddeus.bone.torso] run data modify entity @s {} merge value {transformation:[-1f,-2.974984657232945e-18f,1.2242853953595873e-16f,2.7114020008731244e-18f,0f,0.9997048914119421f,0.024292593254677555f,1.0762782231683672f,-1.2246467991473532e-16f,0.024292593254677555f,-0.9997048914119421f,-0.02214027752949592f,0f,0f,0f,1f],start_interpolation:0}
execute if entity @s[tag=aj.thaddeus.bone.head] run data modify entity @s {} merge value {transformation:[-1f,-2.974984657232945e-18f,1.2242853953595873e-16f,1.5957827544107701e-18f,0f,0.9997048914119421f,0.024292593254677555f,1.4511675574478455f,-1.2246467991473532e-16f,0.024292593254677555f,-0.9997048914119421f,-0.013030555058991835f,0f,0f,0f,1f],start_interpolation:0}
execute if entity @s[tag=aj.thaddeus.bone.leftleg] run data modify entity @s {} merge value {transformation:[-0.42261826174069916f,0.8848246737055844f,0.1961609075353089f,0.4375f,2.012407545130324e-16f,0.216439613938103f,-0.9762960071199334f,0.8263888888888888f,-0.9063077870366502f,-0.4126005214734115f,-0.09147133341434929f,-0.03124999999999992f,0f,0f,0f,1f],start_interpolation:0}
execute if entity @s[tag=aj.thaddeus.bone.rightleg] run data modify entity @s {} merge value {transformation:[-0.4226182617406994f,-0.8848246737055844f,-0.1961609075353089f,-0.5f,-2.012407545130324e-16f,0.216439613938103f,-0.9762960071199334f,0.8263888888888888f,0.9063077870366502f,-0.4126005214734117f,-0.09147133341434935f,-0.031250000000000035f,0f,0f,0f,1f],start_interpolation:0}