execute if entity @s[tag=aj.thaddeus.bone.rightarm] run data modify entity @s {} merge value {transformation:[-0.9964644904083628f,0.08401499481936035f,8.394483523613971e-7f,-0.3125f,0.07868814968524347f,0.9332886503051797f,-0.3504004427945952f,1.3783841186497516f,-0.029439674833709274f,-0.34916153261354343f,-0.9365999838184106f,-0.007430478304831272f,0f,0f,0f,1f],start_interpolation:0}
execute if entity @s[tag=aj.thaddeus.bone.leftarm] run data modify entity @s {} merge value {transformation:[-0.9964644904083628f,-0.08401499481936027f,-8.394483521319962e-7f,0.3125f,-0.07868814968524347f,0.9332886503051797f,-0.3504004427945952f,1.3783841186497516f,0.029439674833709028f,-0.34916153261354343f,-0.9365999838184106f,-0.007430478304831196f,0f,0f,0f,1f],start_interpolation:0}
execute if entity @s[tag=aj.thaddeus.bone.torso] run data modify entity @s {} merge value {transformation:[-1f,-4.242981963812272e-18f,1.2239115544300308e-16f,2.235903010905877e-18f,0f,0.9993996271269117f,0.03464657701115457f,1.0660717351725917f,-1.2246467991473532e-16f,0.03464657701115457f,-0.9993996271269117f,-0.018257533620817036f,0f,0f,0f,1f],start_interpolation:0}
execute if entity @s[tag=aj.thaddeus.bone.head] run data modify entity @s {} merge value {transformation:[-1f,-4.242981963812272e-18f,1.2239115544300308e-16f,6.44784774476275e-19f,0f,0.9993996271269117f,0.03464657701115457f,1.4408465953451837f,-1.2246467991473532e-16f,0.03464657701115457f,-0.9993996271269117f,-0.005265067241634072f,0f,0f,0f,1f],start_interpolation:0}
execute if entity @s[tag=aj.thaddeus.bone.leftleg] run data modify entity @s {} merge value {transformation:[-0.42261826174069916f,0.8848246737055844f,0.1961609075353089f,0.4375f,2.012407545130324e-16f,0.216439613938103f,-0.9762960071199334f,0.8162968749999999f,-0.9063077870366502f,-0.4126005214734115f,-0.09147133341434929f,-0.03124999999999992f,0f,0f,0f,1f],start_interpolation:0}
execute if entity @s[tag=aj.thaddeus.bone.rightleg] run data modify entity @s {} merge value {transformation:[-0.4226182617406994f,-0.8848246737055844f,-0.1961609075353089f,-0.5f,-2.012407545130324e-16f,0.216439613938103f,-0.9762960071199334f,0.8162968749999999f,0.9063077870366502f,-0.4126005214734117f,-0.09147133341434935f,-0.031250000000000035f,0f,0f,0f,1f],start_interpolation:0}