execute if entity @s[tag=aj.thaddeus.bone.rightarm] run data modify entity @s {} merge value {transformation:[-0.9995768316700415f,0.029088787655053967f,-0.00000460875989832864f,-0.3125f,0.02704125076625337f,0.9291589901232254f,-0.36869003489406166f,1.4070749081466052f,-0.010720463864874945f,-0.3685341415743553f,-0.9295523966665759f,-0.021075101941658438f,0f,0f,0f,1f],start_interpolation:0}
execute if entity @s[tag=aj.thaddeus.bone.leftarm] run data modify entity @s {} merge value {transformation:[-0.9995768316700415f,-0.029088787655053877f,0.000004608759898556314f,0.3125f,-0.02704125076625337f,0.9291589901232254f,-0.36869003489406166f,1.4070749081466052f,0.010720463864874701f,-0.3685341415743553f,-0.9295523966665759f,-0.02107510194165836f,0f,0f,0f,1f],start_interpolation:0}
execute if entity @s[tag=aj.thaddeus.bone.torso] run data modify entity @s {} merge value {transformation:[-1f,-1.812459103825259e-18f,1.2245126711723132e-16f,3.1473490834010066e-18f,0f,0.9998904761967832f,0.014799851721224142f,1.0946091343351105f,-1.2246467991473532e-16f,0.014799851721224142f,-0.9998904761967832f,-0.025700055604540945f,0f,0f,0f,1f],start_interpolation:0}
execute if entity @s[tag=aj.thaddeus.bone.head] run data modify entity @s {} merge value {transformation:[-1f,-1.812459103825259e-18f,1.2245126711723132e-16f,2.4676769194665345e-18f,0f,0.9998904761967832f,0.014799851721224142f,1.469568062908904f,-1.2246467991473532e-16f,0.014799851721224142f,-0.9998904761967832f,-0.020150111209081892f,0f,0f,0f,1f],start_interpolation:0}
execute if entity @s[tag=aj.thaddeus.bone.leftleg] run data modify entity @s {} merge value {transformation:[-0.42261826174069916f,0.8848246737055844f,0.1961609075353089f,0.4375f,2.012407545130324e-16f,0.216439613938103f,-0.9762960071199334f,0.8446502057613168f,-0.9063077870366502f,-0.4126005214734115f,-0.09147133341434929f,-0.03124999999999992f,0f,0f,0f,1f],start_interpolation:0}
execute if entity @s[tag=aj.thaddeus.bone.rightleg] run data modify entity @s {} merge value {transformation:[-0.4226182617406994f,-0.8848246737055844f,-0.1961609075353089f,-0.5f,-2.012407545130324e-16f,0.216439613938103f,-0.9762960071199334f,0.8446502057613168f,0.9063077870366502f,-0.4126005214734117f,-0.09147133341434935f,-0.031250000000000035f,0f,0f,0f,1f],start_interpolation:0}