execute if entity @s[tag=aj.thaddeus.bone.rightarm] run data modify entity @s {} merge value {transformation:[-0.9999886086160472f,0.0047731157180252535f,-0.0000021176049207588644f,-0.3125f,0.004415070808098663f,0.9248078654235994f,-0.38040888422906877f,1.4326112033812202f,-0.0018137772469036394f,-0.38040456019478514f,-0.9248184042259922f,-0.02960611957722281f,0f,0f,0f,1f],start_interpolation:0}
execute if entity @s[tag=aj.thaddeus.bone.leftarm] run data modify entity @s {} merge value {transformation:[-0.9999886086160472f,-0.00477311571802516f,0.0000021176049209853796f,0.3125f,-0.004415070808098663f,0.9248078654235994f,-0.38040888422906877f,1.4326112033812202f,0.0018137772469033946f,-0.38040456019478514f,-0.9248184042259922f,-0.029606119577222735f,0f,0f,0f,1f],start_interpolation:0}
execute if entity @s[tag=aj.thaddeus.bone.torso] run data modify entity @s {} merge value {transformation:[-1f,-2.9282514879056406e-19f,1.2246432982730445e-16f,3.7172118165390174e-18f,0f,0.999997141319186f,0.0023910987967668746f,1.1201120967189746f,-1.2246467991473532e-16f,0.0023910987967668746f,-0.999997141319186f,-0.030353337951212422f,0f,0f,0f,1f],start_interpolation:0}
execute if entity @s[tag=aj.thaddeus.bone.head] run data modify entity @s {} merge value {transformation:[-1f,-2.9282514879056406e-19f,1.2246432982730445e-16f,3.607402385742556e-18f,0f,0.999997141319186f,0.0023910987967668746f,1.4951110247136694f,-1.2246467991473532e-16f,0.0023910987967668746f,-0.999997141319186f,-0.029456675902424845f,0f,0f,0f,1f],start_interpolation:0}
execute if entity @s[tag=aj.thaddeus.bone.leftleg] run data modify entity @s {} merge value {transformation:[-0.42261826174069916f,0.8848246737055844f,0.1961609075353089f,0.4375f,2.012407545130324e-16f,0.216439613938103f,-0.9762960071199334f,0.8701131687242798f,-0.9063077870366502f,-0.4126005214734115f,-0.09147133341434929f,-0.03124999999999992f,0f,0f,0f,1f],start_interpolation:0}
execute if entity @s[tag=aj.thaddeus.bone.rightleg] run data modify entity @s {} merge value {transformation:[-0.4226182617406994f,-0.8848246737055844f,-0.1961609075353089f,-0.5f,-2.012407545130324e-16f,0.216439613938103f,-0.9762960071199334f,0.8701131687242798f,0.9063077870366502f,-0.4126005214734117f,-0.09147133341434935f,-0.031250000000000035f,0f,0f,0f,1f],start_interpolation:0}