execute if entity @s[tag=aj.thaddeus.bone.rightarm] run data modify entity @s {} merge value {transformation:[-0.9971376890571116f,0.07560707015635729f,0.000002052970583181947f,-0.3125f,0.070537569290557f,0.9302887642879887f,-0.3599823139518203f,1.3982757003738846f,-0.02721911792147006f,-0.358951787823795f,-0.9329591275279311f,-0.01454884213740923f,0f,0f,0f,1f],start_interpolation:0}
execute if entity @s[tag=aj.thaddeus.bone.leftarm] run data modify entity @s {} merge value {transformation:[-0.9971376890571116f,-0.0756070701563572f,-0.000002052970582953438f,0.3125f,-0.070537569290557f,0.9302887642879887f,-0.3599823139518203f,1.3982757003738846f,0.027219117921469815f,-0.358951787823795f,-0.9329591275279311f,-0.014548842137409153f,0f,0f,0f,1f],start_interpolation:0}
execute if entity @s[tag=aj.thaddeus.bone.torso] run data modify entity @s {} merge value {transformation:[-1f,-2.9749846572329432e-18f,1.2242853953595873e-16f,2.711402000873125e-18f,0f,0.9997048914119421f,0.02429259325467754f,1.0858679218076526f,-1.2246467991473532e-16f,0.02429259325467754f,-0.9997048914119421f,-0.022140277529495923f,0f,0f,0f,1f],start_interpolation:0}
execute if entity @s[tag=aj.thaddeus.bone.head] run data modify entity @s {} merge value {transformation:[-1f,-2.9749846572329432e-18f,1.2242853953595873e-16f,1.5957827544107713e-18f,0f,0.9997048914119421f,0.02429259325467754f,1.4607572560871307f,-1.2246467991473532e-16f,0.02429259325467754f,-0.9997048914119421f,-0.013030555058991845f,0f,0f,0f,1f],start_interpolation:0}
execute if entity @s[tag=aj.thaddeus.bone.leftleg] run data modify entity @s {} merge value {transformation:[-0.42261826174069916f,0.8848246737055844f,0.1961609075353089f,0.4375f,2.012407545130324e-16f,0.216439613938103f,-0.9762960071199334f,0.8359785875281742f,-0.9063077870366502f,-0.4126005214734115f,-0.09147133341434929f,-0.03124999999999992f,0f,0f,0f,1f],start_interpolation:0}
execute if entity @s[tag=aj.thaddeus.bone.rightleg] run data modify entity @s {} merge value {transformation:[-0.4226182617406994f,-0.8848246737055844f,-0.1961609075353089f,-0.5f,-2.012407545130324e-16f,0.216439613938103f,-0.9762960071199334f,0.8359785875281742f,0.9063077870366502f,-0.4126005214734117f,-0.09147133341434935f,-0.031250000000000035f,0f,0f,0f,1f],start_interpolation:0}