execute if entity @s[tag=aj.thaddeus.bone.rightarm] run data modify entity @s {} merge value {transformation:[-0.9969444751812266f,0.07811346492257454f,0.0000018488585800063996f,-0.3125f,0.07316949871695418f,0.933854039587838f,-0.35008978448818867f,1.3758020801270934f,-0.02734845266442338f,-0.3490199411828305f,-0.9367161484641947f,-0.007256596017030622f,0f,0f,0f,1f],start_interpolation:0}
execute if entity @s[tag=aj.thaddeus.bone.leftarm] run data modify entity @s {} merge value {transformation:[-0.9969444751812266f,-0.07811346492257445f,-0.0000018488585797769706f,0.3125f,-0.07316949871695418f,0.933854039587838f,-0.35008978448818867f,1.3758020801270934f,0.027348452664423133f,-0.3490199411828305f,-0.9367161484641947f,-0.007256596017030546f,0f,0f,0f,1f],start_interpolation:0}
execute if entity @s[tag=aj.thaddeus.bone.torso] run data modify entity @s {} merge value {transformation:[-1f,-4.273955692857142e-18f,1.2239007774061617e-16f,2.2242878625140507e-18f,0f,0.9993908270190958f,0.03489949670250097f,1.063492446683626f,-1.2246467991473532e-16f,0.03489949670250097f,-0.9993908270190958f,-0.018162688736562137f,0f,0f,0f,1f],start_interpolation:0}
execute if entity @s[tag=aj.thaddeus.bone.head] run data modify entity @s {} merge value {transformation:[-1f,-4.273955692857142e-18f,1.2239007774061617e-16f,6.215544776926226e-19f,0f,0.9993908270190958f,0.03489949670250097f,1.4382640068157868f,-1.2246467991473532e-16f,0.03489949670250097f,-0.9993908270190958f,-0.005075377473124275f,0f,0f,0f,1f],start_interpolation:0}
execute if entity @s[tag=aj.thaddeus.bone.leftleg] run data modify entity @s {} merge value {transformation:[-0.42261826174069916f,0.8848246737055844f,0.1961609075353089f,0.4375f,2.012407545130324e-16f,0.216439613938103f,-0.9762960071199334f,0.8137208865514651f,-0.9063077870366502f,-0.4126005214734115f,-0.09147133341434929f,-0.03124999999999992f,0f,0f,0f,1f],start_interpolation:0}
execute if entity @s[tag=aj.thaddeus.bone.rightleg] run data modify entity @s {} merge value {transformation:[-0.4226182617406994f,-0.8848246737055844f,-0.1961609075353089f,-0.5f,-2.012407545130324e-16f,0.216439613938103f,-0.9762960071199334f,0.8137208865514651f,0.9063077870366502f,-0.4126005214734117f,-0.09147133341434935f,-0.031250000000000035f,0f,0f,0f,1f],start_interpolation:0}