execute if entity @s[tag=aj.thaddeus.bone.rightarm] run data modify entity @s {} merge value {transformation:[-0.9999859430006476f,0.005302244407750613f,-0.000002312166559536342f,-0.3125f,0.004919369476763766f,0.9276141074151659f,-0.3735075200425235f,1.4108886257554554f,-0.00197828336107895f,-0.3735022810219577f,-0.9276271516435566f,-0.024488594396381805f,0f,0f,0f,1f],start_interpolation:0}
execute if entity @s[tag=aj.thaddeus.bone.leftarm] run data modify entity @s {} merge value {transformation:[-0.9999859430006476f,-0.005302244407750521f,0.000002312166559763545f,0.3125f,-0.004919369476763766f,0.9276141074151659f,-0.3735075200425235f,1.4108886257554554f,0.001978283361078705f,-0.3735022810219577f,-0.9276271516435566f,-0.02448859439638173f,0f,0f,0f,1f],start_interpolation:0}
execute if entity @s[tag=aj.thaddeus.bone.torso] run data modify entity @s {} merge value {transformation:[-1f,-1.204412178939352e-18f,1.2245875721205813e-16f,3.375366680233222e-18f,0f,0.9999516374624805f,0.009834771787081064f,1.0984037390484302f,-1.2246467991473532e-16f,0.009834771787081064f,-0.9999516374624805f,-0.0275619605798446f,0f,0f,0f,1f],start_interpolation:0}
execute if entity @s[tag=aj.thaddeus.bone.head] run data modify entity @s {} merge value {transformation:[-1f,-1.204412178939352e-18f,1.2245875721205813e-16f,2.923712113130965e-18f,0f,0.9999516374624805f,0.009834771787081064f,1.4733856030968604f,-1.2246467991473532e-16f,0.009834771787081064f,-0.9999516374624805f,-0.023873921159689202f,0f,0f,0f,1f],start_interpolation:0}
execute if entity @s[tag=aj.thaddeus.bone.leftleg] run data modify entity @s {} merge value {transformation:[-0.42261826174069916f,0.8848246737055844f,0.1961609075353089f,0.4375f,2.012407545130324e-16f,0.216439613938103f,-0.9762960071199334f,0.8484218750000001f,-0.9063077870366502f,-0.4126005214734115f,-0.09147133341434929f,-0.03124999999999992f,0f,0f,0f,1f],start_interpolation:0}
execute if entity @s[tag=aj.thaddeus.bone.rightleg] run data modify entity @s {} merge value {transformation:[-0.4226182617406994f,-0.8848246737055844f,-0.1961609075353089f,-0.5f,-2.012407545130324e-16f,0.216439613938103f,-0.9762960071199334f,0.8484218750000001f,0.9063077870366502f,-0.4126005214734117f,-0.09147133341434935f,-0.031250000000000035f,0f,0f,0f,1f],start_interpolation:0}