execute if entity @s[tag=aj.thaddeus.bone.rightarm] run data modify entity @s {} merge value {transformation:[-0.9999336903694028f,0.01151585202359724f,-0.000004049414048139186f,-0.3125f,0.010667117342375654f,0.9261045460222812f,-0.3771161391991444f,1.4253997010747965f,-0.004339063473968938f,-0.3770911759628367f,-0.9261659773167733f,-0.02721831253633378f,0f,0f,0f,1f],start_interpolation:0}
execute if entity @s[tag=aj.thaddeus.bone.leftarm] run data modify entity @s {} merge value {transformation:[-0.9999336903694028f,-0.011515852023597147f,0.00000404941404836603f,0.3125f,-0.010667117342375654f,0.9261045460222812f,-0.3771161391991444f,1.4253997010747965f,0.004339063473968692f,-0.37709117596283676f,-0.9261659773167733f,-0.027218312536333705f,0f,0f,0f,1f],start_interpolation:0}
execute if entity @s[tag=aj.thaddeus.bone.torso] run data modify entity @s {} merge value {transformation:[-1f,-7.181662760060209e-19f,1.2246257413519686e-16f,3.557708893833221e-18f,0f,0.9999828050051661f,0.005864272674423648f,1.112905074510682f,-1.2246467991473532e-16f,0.005864272674423648f,-0.9999828050051661f,-0.02905089774709113f,0f,0f,0f,1f],start_interpolation:0}
execute if entity @s[tag=aj.thaddeus.bone.head] run data modify entity @s {} merge value {transformation:[-1f,-7.181662760060209e-19f,1.2246257413519686e-16f,3.2883965403309632e-18f,0f,0.9999828050051661f,0.005864272674423648f,1.4878986263876195f,-1.2246467991473532e-16f,0.005864272674423648f,-0.9999828050051661f,-0.026851795494182262f,0f,0f,0f,1f],start_interpolation:0}
execute if entity @s[tag=aj.thaddeus.bone.leftleg] run data modify entity @s {} merge value {transformation:[-0.42261826174069916f,0.8848246737055844f,0.1961609075353089f,0.4375f,2.012407545130324e-16f,0.216439613938103f,-0.9762960071199334f,0.8629115226337449f,-0.9063077870366502f,-0.4126005214734115f,-0.09147133341434929f,-0.03124999999999992f,0f,0f,0f,1f],start_interpolation:0}
execute if entity @s[tag=aj.thaddeus.bone.rightleg] run data modify entity @s {} merge value {transformation:[-0.4226182617406994f,-0.8848246737055844f,-0.1961609075353089f,-0.5f,-2.012407545130324e-16f,0.216439613938103f,-0.9762960071199334f,0.8629115226337449f,0.9063077870366502f,-0.4126005214734117f,-0.09147133341434935f,-0.031250000000000035f,0f,0f,0f,1f],start_interpolation:0}