execute if entity @s[tag=aj.thaddeus.bone.rightarm] run data modify entity @s {} merge value {transformation:[-0.9996976592900169f,0.024588411610231536f,-0.0000049545188382086f,-0.3125f,0.022741067913538443f,0.9245130458461612f,-0.38047138117131213f,1.437045329212343f,-0.009350606408851702f,-0.38035646185484995f,-0.9247926946538055f,-0.0297921057518466f,0f,0f,0f,1f],start_interpolation:0}
execute if entity @s[tag=aj.thaddeus.bone.leftarm] run data modify entity @s {} merge value {transformation:[-0.9996976592900169f,-0.024588411610231446f,0.000004954518838435109f,0.3125f,-0.022741067913538443f,0.9245130458461612f,-0.38047138117131213f,1.437045329212343f,0.009350606408851457f,-0.38035646185484995f,-0.9247926946538055f,-0.029792105751846525f,0f,0f,0f,1f],start_interpolation:0}
execute if entity @s[tag=aj.thaddeus.bone.torso] run data modify entity @s {} merge value {transformation:[-1f,-2.5969534901766474e-19f,1.2246440456289443e-16f,3.729635491453855e-18f,0f,0.99999775158159f,0.0021205734518595465f,1.1245460318430962f,-1.2246467991473532e-16f,0.0021205734518595465f,-0.99999775158159f,-0.03045478495555267f,0f,0f,0f,1f],start_interpolation:0}
execute if entity @s[tag=aj.thaddeus.bone.head] run data modify entity @s {} merge value {transformation:[-1f,-2.5969534901766474e-19f,1.2246440456289443e-16f,3.63224973557223e-18f,0f,0.99999775158159f,0.0021205734518595465f,1.4995451886861926f,-1.2246467991473532e-16f,0.0021205734518595465f,-0.99999775158159f,-0.02965956991110534f,0f,0f,0f,1f],start_interpolation:0}
execute if entity @s[tag=aj.thaddeus.bone.leftleg] run data modify entity @s {} merge value {transformation:[-0.42261826174069916f,0.8848246737055844f,0.1961609075353089f,0.4375f,2.012407545130324e-16f,0.216439613938103f,-0.9762960071199334f,0.8745468750000001f,-0.9063077870366502f,-0.4126005214734115f,-0.09147133341434929f,-0.03124999999999992f,0f,0f,0f,1f],start_interpolation:0}
execute if entity @s[tag=aj.thaddeus.bone.rightleg] run data modify entity @s {} merge value {transformation:[-0.4226182617406994f,-0.8848246737055844f,-0.1961609075353089f,-0.5f,-2.012407545130324e-16f,0.216439613938103f,-0.9762960071199334f,0.8745468750000001f,0.9063077870366502f,-0.4126005214734117f,-0.09147133341434935f,-0.031250000000000035f,0f,0f,0f,1f],start_interpolation:0}