execute if entity @s[tag=aj.melissa.bone.rightleg] run data modify entity @s {} merge value {transformation:[-0.9999756307053947f,0.006977007502815379f,-0.00024364247074788774f,-0.375f,0.0069812602979615525f,0.9993664725696063f,-0.03489864622638425f,0.63125f,-1.2246169553687175e-16f,-0.03489949670250096f,-0.9993908270190958f,-0.20625000000000004f,0f,0f,0f,1f],start_interpolation:0}
execute if entity @s[tag=aj.melissa.bone.leftleg] run data modify entity @s {} merge value {transformation:[-0.9999756307053947f,-0.00682870301054929f,-0.001451485632587961f,-0.12499999999999997f,-0.006981260297961551f,0.9781237639667559f,0.20790662415651393f,0.63125f,-1.225701157541203e-16f,0.20791169081775931f,-0.9781476007338057f,-0.23125f,0f,0f,0f,1f],start_interpolation:0}
execute if entity @s[tag=aj.melissa.bone.head] run data modify entity @s {} merge value {transformation:[-1f,0f,1.2246467991473532e-16f,-0.24999999999999997f,0f,1f,0f,1.35f,-1.2246467991473532e-16f,0f,-1f,-0.25000000000000006f,0f,0f,0f,1f],start_interpolation:0}
execute if entity @s[tag=aj.melissa.bone.broom] run data modify entity @s {} merge value {transformation:[-1f,-8.659560562354932e-17f,8.659560562354933e-17f,-0.59375f,0f,0.7071067811865476f,0.7071067811865475f,0.5116877556023782f,-1.2246467991473532e-16f,0.7071067811865475f,-0.7071067811865476f,-0.5830759135956487f,0f,0f,0f,1f],start_interpolation:0}
execute if entity @s[tag=aj.melissa.bone.rightarm] run data modify entity @s {} merge value {transformation:[-1f,-1.9157696688784726e-17f,1.2095693648649962e-16f,-0.59375f,0f,0.9876883405951378f,0.15643446504023087f,1.25625f,-1.2246467991473532e-16f,0.15643446504023087f,-0.9876883405951378f,-0.2500000000000001f,0f,0f,0f,1f],start_interpolation:0}
execute if entity @s[tag=aj.melissa.bone.leftarm] run data modify entity @s {} merge value {transformation:[-1f,1.9157696688784726e-17f,1.2095693648649962e-16f,0.09375000000000003f,0f,0.9876883405951378f,-0.15643446504023087f,1.25625f,-1.2246467991473532e-16f,-0.15643446504023087f,-0.9876883405951378f,-0.25f,0f,0f,0f,1f],start_interpolation:0}
execute if entity @s[tag=aj.melissa.bone.torso] run data modify entity @s {} merge value {transformation:[-1f,0f,1.2246467991473532e-16f,-0.24999999999999997f,0f,1f,0f,0.69375f,-1.2246467991473532e-16f,0f,-1f,-0.25000000000000006f,0f,0f,0f,1f],start_interpolation:0}