execute if entity @s[tag=aj.melissa.bone.rightleg] run data modify entity @s {} merge value {transformation:[-0.9999025240093042f,0.013790282730260464f,-0.0021841662121492972f,-0.375f,0.013962180339145267f,0.9875920646956395f,-0.15641921643577203f,0.60625f,-1.224527425487354e-16f,-0.1564344650402308f,-0.9876883405951378f,-0.19375000000000006f,0f,0f,0f,1f],start_interpolation:0}
execute if entity @s[tag=aj.melissa.bone.leftleg] run data modify entity @s {} merge value {transformation:[-0.9999025240093042f,-0.013201500866529459f,-0.004545641285213407f,-0.12499999999999997f,-0.013962180339145269f,0.945426410239439f,0.32553641937876193f,0.60625f,-1.224527425487354e-16f,0.32556815445715664f,-0.9455185755993168f,-0.24375f,0f,0f,0f,1f],start_interpolation:0}
execute if entity @s[tag=aj.melissa.bone.head] run data modify entity @s {} merge value {transformation:[-1f,0f,1.2246467991473532e-16f,-0.24999999999999997f,0f,1f,0f,1.325f,-1.2246467991473532e-16f,0f,-1f,-0.25000000000000006f,0f,0f,0f,1f],start_interpolation:0}
execute if entity @s[tag=aj.melissa.bone.broom] run data modify entity @s {} merge value {transformation:[-1f,-8.659560562354933e-17f,8.659560562354934e-17f,-0.59375f,0f,0.7071067811865476f,0.7071067811865476f,0.500706348072114f,-1.2246467991473532e-16f,0.7071067811865476f,-0.7071067811865476f,-0.6713739107109835f,0f,0f,0f,1f],start_interpolation:0}
execute if entity @s[tag=aj.melissa.bone.rightarm] run data modify entity @s {} merge value {transformation:[-1f,-3.7843667304341493e-17f,1.1647083184890926e-16f,-0.59375f,0f,0.9510565162951536f,0.30901699437494734f,1.23125f,-1.2246467991473532e-16f,0.30901699437494734f,-0.9510565162951536f,-0.2500000000000001f,0f,0f,0f,1f],start_interpolation:0}
execute if entity @s[tag=aj.melissa.bone.leftarm] run data modify entity @s {} merge value {transformation:[-1f,3.7843667304341493e-17f,1.1647083184890926e-16f,0.09375000000000003f,0f,0.9510565162951536f,-0.30901699437494734f,1.23125f,-1.2246467991473532e-16f,-0.30901699437494734f,-0.9510565162951536f,-0.25f,0f,0f,0f,1f],start_interpolation:0}
execute if entity @s[tag=aj.melissa.bone.torso] run data modify entity @s {} merge value {transformation:[-1f,0f,1.2246467991473532e-16f,-0.24999999999999997f,0f,1f,0f,0.66875f,-1.2246467991473532e-16f,0f,-1f,-0.25000000000000006f,0f,0f,0f,1f],start_interpolation:0}