execute if entity @s[tag=aj.villager_link.bone.torso] run data modify entity @s {} merge value {transformation:[-0.9166552452285085f,0f,-0.3996788228003365f,3.827021247335479e-18f,0f,1f,0f,1.125f,0.3996788228003365f,0f,-0.9166552452285085f,-0.03125f,0f,0f,0f,1f],start_interpolation:0}
execute if entity @s[tag=aj.villager_link.bone.rightarm] run data modify entity @s {} merge value {transformation:[-0.8288838855919876f,0.39141837311356004f,-0.3996788228003365f,-0.2864547641339089f,0.4270071819814714f,0.904248232807918f,0f,1.4375f,0.3614088692079533f,-0.17066572782164355f,-0.9166552452285085f,0.09364963212510516f,0f,0f,0f,1f],start_interpolation:0}
execute if entity @s[tag=aj.villager_link.bone.leftarm] run data modify entity @s {} merge value {transformation:[-0.8288838855919876f,-0.39141837311356004f,-0.3996788228003365f,0.2864547641339089f,-0.4270071819814714f,0.904248232807918f,0f,1.4375f,0.3614088692079533f,0.17066572782164355f,-0.9166552452285085f,-0.15614963212510516f,0f,0f,0f,1f],start_interpolation:0}
execute if entity @s[tag=aj.villager_link.bone.head] run data modify entity @s {} merge value {transformation:[-0.6471994969426064f,0f,-0.7623206747538971f,3.827021247335479e-18f,0f,1f,0f,1.5f,0.7623206747538971f,0f,-0.6471994969426064f,-0.03125f,0f,0f,0f,1f],start_interpolation:0}