execute if entity @s[tag=aj.villager_link.bone.torso] run data modify entity @s {} merge value {transformation:[-1f,0f,1.2246467991473532e-16f,3.827021247335479e-18f,0f,1f,0f,1.125f,-1.2246467991473532e-16f,0f,-1f,-0.03125f,0f,0f,0f,1f],start_interpolation:0}
execute if entity @s[tag=aj.villager_link.bone.rightarm] run data modify entity @s {} merge value {transformation:[-0.9701265964901058f,0.24259923079540746f,1.2246467991473532e-16f,-0.3125f,0.24259923079540746f,0.9701265964901058f,0f,1.4375f,-1.188062431159324e-16f,2.9709837146920574e-17f,-1f,-0.03125000000000004f,0f,0f,0f,1f],start_interpolation:0}
execute if entity @s[tag=aj.villager_link.bone.leftarm] run data modify entity @s {} merge value {transformation:[-0.9701265964901058f,-0.24259923079540746f,1.2246467991473532e-16f,0.3125f,-0.24259923079540746f,0.9701265964901058f,0f,1.4375f,-1.188062431159324e-16f,-2.9709837146920574e-17f,-1f,-0.031249999999999962f,0f,0f,0f,1f],start_interpolation:0}
execute if entity @s[tag=aj.villager_link.bone.head] run data modify entity @s {} merge value {transformation:[-0.9970137925122935f,0f,0.07722368509889631f,3.827021247335479e-18f,0f,1f,0f,1.5f,-0.07722368509889631f,0f,-0.9970137925122935f,-0.03125f,0f,0f,0f,1f],start_interpolation:0}