execute if entity @s[tag=aj.villager_link.bone.torso] run data modify entity @s {} merge value {transformation:[-0.9996841892832999f,0f,-0.025130095443337313f,3.827021247335479e-18f,0f,1f,0f,1.125f,0.025130095443337313f,0f,-0.9996841892832999f,-0.03125f,0f,0f,0f,1f],start_interpolation:0}
execute if entity @s[tag=aj.villager_link.bone.rightarm] run data modify entity @s {} merge value {transformation:[-0.9638242273000623f,0.2653513466565538f,-0.025130095443337313f,-0.31240130915103126f,0.26543517392906973f,0.9641287094787939f,0f,1.4375f,0.024228646488863723f,-0.006670411254856363f,-0.9996841892832999f,-0.02339684517395709f,0f,0f,0f,1f],start_interpolation:0}
execute if entity @s[tag=aj.villager_link.bone.leftarm] run data modify entity @s {} merge value {transformation:[-0.9638242273000623f,-0.2653513466565538f,-0.025130095443337313f,0.31240130915103126f,-0.26543517392906973f,0.9641287094787939f,0f,1.4375f,0.024228646488863723f,0.006670411254856363f,-0.9996841892832999f,-0.03910315482604291f,0f,0f,0f,1f],start_interpolation:0}
execute if entity @s[tag=aj.villager_link.bone.head] run data modify entity @s {} merge value {transformation:[-0.9960115661101505f,0f,0.08922421294024027f,3.827021247335479e-18f,0f,1f,0f,1.5f,-0.08922421294024027f,0f,-0.9960115661101505f,-0.03125f,0f,0f,0f,1f],start_interpolation:0}