execute if entity @s[tag=aj.villager_link.bone.torso] run data modify entity @s {} merge value {transformation:[-0.9233139916222192f,0f,-0.38404592547590527f,3.827021247335479e-18f,0f,1f,0f,1.125f,0.38404592547590527f,0f,-0.9233139916222192f,-0.03125f,0f,0f,0f,1f],start_interpolation:0}
execute if entity @s[tag=aj.villager_link.bone.rightarm] run data modify entity @s {} merge value {transformation:[-0.8384544409155136f,0.3866560197829707f,-0.38404592547590527f,-0.28853562238194347f,0.41876980452081564f,0.9080924241626498f,0f,1.4375f,0.34874919545520316f,-0.16082683713856058f,-0.9233139916222192f,0.0887643517112204f,0f,0f,0f,1f],start_interpolation:0}
execute if entity @s[tag=aj.villager_link.bone.leftarm] run data modify entity @s {} merge value {transformation:[-0.8384544409155136f,-0.3866560197829707f,-0.38404592547590527f,0.28853562238194347f,-0.41876980452081564f,0.9080924241626498f,0f,1.4375f,0.34874919545520316f,0.16082683713856058f,-0.9233139916222192f,-0.15126435171122038f,0f,0f,0f,1f],start_interpolation:0}
execute if entity @s[tag=aj.villager_link.bone.head] run data modify entity @s {} merge value {transformation:[-0.7060628859941191f,0f,-0.7081491375562463f,3.827021247335479e-18f,0f,1f,0f,1.5f,0.7081491375562463f,0f,-0.7060628859941191f,-0.03125f,0f,0f,0f,1f],start_interpolation:0}