execute if entity @s[tag=aj.villager_link.bone.torso] run data modify entity @s {} merge value {transformation:[-0.9224091676730884f,0f,-0.38621409527960027f,3.827021247335479e-18f,0f,1f,0f,1.125f,0.38621409527960027f,0f,-0.9224091676730884f,-0.03125f,0f,0f,0f,1f],start_interpolation:0}
execute if entity @s[tag=aj.villager_link.bone.rightarm] run data modify entity @s {} merge value {transformation:[-0.835986611496115f,0.389826959055686f,-0.38621409527960027f,-0.28825286489784013f,0.42261826174069944f,0.9063077870366499f,0f,1.4375f,0.3500288420152164f,-0.16322112960682153f,-0.9224091676730884f,0.08944190477487508f,0f,0f,0f,1f],start_interpolation:0}
execute if entity @s[tag=aj.villager_link.bone.leftarm] run data modify entity @s {} merge value {transformation:[-0.835986611496115f,-0.389826959055686f,-0.38621409527960027f,0.28825286489784013f,-0.42261826174069944f,0.9063077870366499f,0f,1.4375f,0.3500288420152164f,0.16322112960682153f,-0.9224091676730884f,-0.15194190477487507f,0f,0f,0f,1f],start_interpolation:0}
execute if entity @s[tag=aj.villager_link.bone.head] run data modify entity @s {} merge value {transformation:[-0.6901920215713925f,0f,-0.723626266355219f,3.827021247335479e-18f,0f,1f,0f,1.5f,0.723626266355219f,0f,-0.6901920215713925f,-0.03125f,0f,0f,0f,1f],start_interpolation:0}