execute if entity @s[tag=aj.villager_link.bone.torso] run data modify entity @s {} merge value {transformation:[-0.913081739621475f,0f,-0.40777657702450343f,3.827021247335479e-18f,0f,1f,0f,1.125f,0.40777657702450343f,0f,-0.913081739621475f,-0.03125f,0f,0f,0f,1f],start_interpolation:0}
execute if entity @s[tag=aj.villager_link.bone.rightarm] run data modify entity @s {} merge value {transformation:[-0.8366431697740049f,0.3657136444004853f,-0.40777657702450343f,-0.28533804363171095f,0.4005267311030606f,0.9162850744565779f,0f,1.4375f,0.37363959124054563f,-0.16332541941601975f,-0.913081739621475f,0.09618018032015732f,0f,0f,0f,1f],start_interpolation:0}
execute if entity @s[tag=aj.villager_link.bone.leftarm] run data modify entity @s {} merge value {transformation:[-0.8366431697740049f,-0.3657136444004853f,-0.40777657702450343f,0.28533804363171095f,-0.4005267311030606f,0.9162850744565779f,0f,1.4375f,0.37363959124054563f,0.16332541941601975f,-0.913081739621475f,-0.15868018032015732f,0f,0f,0f,1f],start_interpolation:0}
execute if entity @s[tag=aj.villager_link.bone.head] run data modify entity @s {} merge value {transformation:[-0.6539971168717077f,0f,-0.7564970397321418f,3.827021247335479e-18f,0f,1f,0f,1.5f,0.7564970397321418f,0f,-0.6539971168717077f,-0.03125f,0f,0f,0f,1f],start_interpolation:0}