execute if entity @s[tag=aj.villager_link.bone.torso] run data modify entity @s {} merge value {transformation:[-0.9126915874035029f,0f,-0.4086490747363489f,3.827021247335479e-18f,0f,1f,0f,1.125f,0.4086490747363489f,0f,-0.9126915874035029f,-0.03125f,0f,0f,0f,1f],start_interpolation:0}
execute if entity @s[tag=aj.villager_link.bone.rightarm] run data modify entity @s {} merge value {transformation:[-0.8362856791199109f,0.3655573780079883f,-0.4086490747363489f,-0.2852161210635946f,0.4005267311030606f,0.9162850744565779f,0f,1.4375f,0.37443904787140714f,-0.16367487807244013f,-0.9126915874035029f,0.09645283585510905f,0f,0f,0f,1f],start_interpolation:0}
execute if entity @s[tag=aj.villager_link.bone.leftarm] run data modify entity @s {} merge value {transformation:[-0.8362856791199109f,-0.3655573780079883f,-0.4086490747363489f,0.2852161210635946f,-0.4005267311030606f,0.9162850744565779f,0f,1.4375f,0.37443904787140714f,0.16367487807244013f,-0.9126915874035029f,-0.15895283585510905f,0f,0f,0f,1f],start_interpolation:0}
execute if entity @s[tag=aj.villager_link.bone.head] run data modify entity @s {} merge value {transformation:[-0.9262657510190666f,0f,-0.37687101041216287f,3.827021247335479e-18f,0f,1f,0f,1.5f,0.37687101041216287f,0f,-0.9262657510190666f,-0.03125f,0f,0f,0f,1f],start_interpolation:0}