execute if entity @s[tag=aj.villager_link.bone.torso] run data modify entity @s {} merge value {transformation:[-0.9238795325112867f,0f,-0.3826834323650896f,3.827021247335479e-18f,0f,1f,0f,1.125f,0.3826834323650896f,0f,-0.9238795325112867f,-0.03125f,0f,0f,0f,1f],start_interpolation:0}
execute if entity @s[tag=aj.villager_link.bone.rightarm] run data modify entity @s {} merge value {transformation:[-0.8422777870118298f,0.3796334022444923f,-0.3826834323650896f,-0.2887123539097771f,0.41091223355990353f,0.9116749071411427f,0f,1.4375f,0.34888288266589684f,-0.15724930393950926f,-0.9238795325112867f,0.0883385726140905f,0f,0f,0f,1f],start_interpolation:0}
execute if entity @s[tag=aj.villager_link.bone.leftarm] run data modify entity @s {} merge value {transformation:[-0.8422777870118298f,-0.3796334022444923f,-0.3826834323650896f,0.2887123539097771f,-0.41091223355990353f,0.9116749071411427f,0f,1.4375f,0.34888288266589684f,0.15724930393950926f,-0.9238795325112867f,-0.1508385726140905f,0f,0f,0f,1f],start_interpolation:0}
execute if entity @s[tag=aj.villager_link.bone.head] run data modify entity @s {} merge value {transformation:[-0.8206259208685439f,0f,-0.5714657452539513f,3.827021247335479e-18f,0f,1f,0f,1.5f,0.5714657452539513f,0f,-0.8206259208685439f,-0.03125f,0f,0f,0f,1f],start_interpolation:0}