execute if entity @s[tag=aj.villager_link.bone.torso] run data modify entity @s {} merge value {transformation:[-0.9218341846930826f,0f,-0.38758448876501683f,3.827021247335479e-18f,0f,1f,0f,1.125f,0.38758448876501683f,0f,-0.9218341846930826f,-0.03125f,0f,0f,0f,1f],start_interpolation:0}
execute if entity @s[tag=aj.villager_link.bone.rightarm] run data modify entity @s {} merge value {transformation:[-0.8348150800503054f,0.39097576163921294f,-0.38758448876501683f,-0.2880731827165883f,0.4241280787058089f,0.9056022155744315f,0f,1.4375f,0.3509973717478826f,-0.16438546455607975f,-0.9218341846930826f,0.08987015273906776f,0f,0f,0f,1f],start_interpolation:0}
execute if entity @s[tag=aj.villager_link.bone.leftarm] run data modify entity @s {} merge value {transformation:[-0.8348150800503054f,-0.39097576163921294f,-0.38758448876501683f,0.2880731827165883f,-0.4241280787058089f,0.9056022155744315f,0f,1.4375f,0.3509973717478826f,0.16438546455607975f,-0.9218341846930826f,-0.15237015273906776f,0f,0f,0f,1f],start_interpolation:0}
execute if entity @s[tag=aj.villager_link.bone.head] run data modify entity @s {} merge value {transformation:[-0.6829642626343585f,0f,-0.7304517889390832f,3.827021247335479e-18f,0f,1f,0f,1.5f,0.7304517889390832f,0f,-0.6829642626343585f,-0.03125f,0f,0f,0f,1f],start_interpolation:0}