execute if entity @s[tag=aj.villager_link.bone.torso] run data modify entity @s {} merge value {transformation:[-0.9238126104429732f,0f,-0.3828449565901832f,3.827021247335479e-18f,0f,1f,0f,1.125f,0.3828449565901832f,0f,-0.9238126104429732f,-0.03125f,0f,0f,0f,1f],start_interpolation:0}
execute if entity @s[tag=aj.villager_link.bone.rightarm] run data modify entity @s {} merge value {transformation:[-0.8410047649444783f,0.38228356563439053f,-0.3828449565901832f,-0.2886914407634291f,0.41381072450513906f,0.9103629409661467f,0f,1.4375f,0.34852786061549595f,-0.15842534885972223f,-0.9238126104429732f,0.08838904893443225f,0f,0f,0f,1f],start_interpolation:0}
execute if entity @s[tag=aj.villager_link.bone.leftarm] run data modify entity @s {} merge value {transformation:[-0.8410047649444783f,-0.38228356563439053f,-0.3828449565901832f,0.2886914407634291f,-0.41381072450513906f,0.9103629409661467f,0f,1.4375f,0.34852786061549595f,0.15842534885972223f,-0.9238126104429732f,-0.15088904893443225f,0f,0f,0f,1f],start_interpolation:0}
execute if entity @s[tag=aj.villager_link.bone.head] run data modify entity @s {} merge value {transformation:[-0.776376328910927f,0f,-0.6302696215960215f,3.827021247335479e-18f,0f,1f,0f,1.5f,0.6302696215960215f,0f,-0.776376328910927f,-0.03125f,0f,0f,0f,1f],start_interpolation:0}