execute if entity @s[tag=aj.villager_link.bone.torso] run data modify entity @s {} merge value {transformation:[-0.9197628376464875f,0f,-0.39247461380894577f,3.827021247335479e-18f,0f,1f,0f,1.125f,0.39247461380894577f,0f,-0.9197628376464875f,-0.03125f,0f,0f,0f,1f],start_interpolation:0}
execute if entity @s[tag=aj.villager_link.bone.rightarm] run data modify entity @s {} merge value {transformation:[-0.8316939205442323f,0.39274533739470824f,-0.39247461380894577f,-0.28742588676452735f,0.4270071819814714f,0.904248232807918f,0f,1.4375f,0.3548944759587093f,-0.16758947884182424f,-0.9197628376464875f,0.09139831681529556f,0f,0f,0f,1f],start_interpolation:0}
execute if entity @s[tag=aj.villager_link.bone.leftarm] run data modify entity @s {} merge value {transformation:[-0.8316939205442323f,-0.39274533739470824f,-0.39247461380894577f,0.28742588676452735f,-0.4270071819814714f,0.904248232807918f,0f,1.4375f,0.3548944759587093f,0.16758947884182424f,-0.9197628376464875f,-0.15389831681529556f,0f,0f,0f,1f],start_interpolation:0}
execute if entity @s[tag=aj.villager_link.bone.head] run data modify entity @s {} merge value {transformation:[-0.6643363879770773f,0f,-0.7474337185393567f,3.827021247335479e-18f,0f,1f,0f,1.5f,0.7474337185393567f,0f,-0.6643363879770773f,-0.03125f,0f,0f,0f,1f],start_interpolation:0}