execute if entity @s[tag=aj.villager_link.bone.torso] run data modify entity @s {} merge value {transformation:[-0.9578475681342234f,0f,-0.28727693297470663f,3.827021247335479e-18f,0f,1f,0f,1.125f,0.28727693297470663f,0f,-0.9578475681342234f,-0.03125f,0f,0f,0f,1f],start_interpolation:0}
execute if entity @s[tag=aj.villager_link.bone.rightarm] run data modify entity @s {} merge value {transformation:[-0.9529356168161417f,0.09687968819048434f,-0.28727693297470663f,-0.29932736504194485f,0.10114311651821051f,0.9948718862149959f,0f,1.4375f,0.28580374417460536f,-0.029056084304854905f,-0.9578475681342234f,0.058524041554595826f,0f,0f,0f,1f],start_interpolation:0}
execute if entity @s[tag=aj.villager_link.bone.leftarm] run data modify entity @s {} merge value {transformation:[-0.9529356168161417f,-0.09687968819048434f,-0.28727693297470663f,0.29932736504194485f,-0.10114311651821051f,0.9948718862149959f,0f,1.4375f,0.28580374417460536f,0.029056084304854905f,-0.9578475681342234f,-0.12102404155459583f,0f,0f,0f,1f],start_interpolation:0}
execute if entity @s[tag=aj.villager_link.bone.head] run data modify entity @s {} merge value {transformation:[-0.7848129908646159f,0f,-0.6197326595961652f,3.827021247335479e-18f,0f,1f,0f,1.5f,0.6197326595961652f,0f,-0.7848129908646159f,-0.03125f,0f,0f,0f,1f],start_interpolation:0}