execute if entity @s[tag=aj.villager_link.bone.torso] run data modify entity @s {} merge value {transformation:[-0.9154720423209792f,0f,-0.402381584728545f,3.827021247335479e-18f,0f,1f,0f,1.125f,0.402381584728545f,0f,-0.9154720423209792f,-0.03125f,0f,0f,0f,1f],start_interpolation:0}
execute if entity @s[tag=aj.villager_link.bone.rightarm] run data modify entity @s {} merge value {transformation:[-0.8439162913020605f,0.3548159431963572f,-0.402381584728545f,-0.286085013225306f,0.3875770387228854f,0.9218373170222601f,0f,1.4375f,0.3709303604853272f,-0.1559538630457113f,-0.9154720423209792f,0.0944942452276703f,0f,0f,0f,1f],start_interpolation:0}
execute if entity @s[tag=aj.villager_link.bone.leftarm] run data modify entity @s {} merge value {transformation:[-0.8439162913020605f,-0.3548159431963572f,-0.402381584728545f,0.286085013225306f,-0.3875770387228854f,0.9218373170222601f,0f,1.4375f,0.3709303604853272f,0.1559538630457113f,-0.9154720423209792f,-0.1569942452276703f,0f,0f,0f,1f],start_interpolation:0}
execute if entity @s[tag=aj.villager_link.bone.head] run data modify entity @s {} merge value {transformation:[-0.6696070163623689f,0f,-0.7427155873133984f,3.827021247335479e-18f,0f,1f,0f,1.5f,0.7427155873133984f,0f,-0.6696070163623689f,-0.03125f,0f,0f,0f,1f],start_interpolation:0}