execute if entity @s[tag=aj.villager_link.bone.torso] run data modify entity @s {} merge value {transformation:[-0.9159024230058026f,0f,-0.4014009859630391f,3.827021247335479e-18f,0f,1f,0f,1.125f,0.4014009859630391f,0f,-0.9159024230058026f,-0.03125f,0f,0f,0f,1f],start_interpolation:0}
execute if entity @s[tag=aj.villager_link.bone.rightarm] run data modify entity @s {} merge value {transformation:[-0.828499174043364f,0.3904694188760035f,-0.4014009859630391f,-0.2862195071893133f,0.42632207216415424f,0.9045714403990774f,0f,1.4375f,0.3630958680501961f,-0.17112610010449741f,-0.9159024230058026f,0.0941878081134497f,0f,0f,0f,1f],start_interpolation:0}
execute if entity @s[tag=aj.villager_link.bone.leftarm] run data modify entity @s {} merge value {transformation:[-0.828499174043364f,-0.3904694188760035f,-0.4014009859630391f,0.2862195071893133f,-0.42632207216415424f,0.9045714403990774f,0f,1.4375f,0.3630958680501961f,0.17112610010449741f,-0.9159024230058026f,-0.1566878081134497f,0f,0f,0f,1f],start_interpolation:0}
execute if entity @s[tag=aj.villager_link.bone.head] run data modify entity @s {} merge value {transformation:[-0.6443726380843248f,0f,-0.7647116471509035f,3.827021247335479e-18f,0f,1f,0f,1.5f,0.7647116471509035f,0f,-0.6443726380843248f,-0.03125f,0f,0f,0f,1f],start_interpolation:0}