execute if entity @s[tag=aj.villager_link.bone.torso] run data modify entity @s {} merge value {transformation:[-0.9123584453530141f,0f,-0.4093923145260924f,3.827021247335479e-18f,0f,1f,0f,1.125f,0.4093923145260924f,0f,-0.9123584453530141f,-0.03125f,0f,0f,0f,1f],start_interpolation:0}
execute if entity @s[tag=aj.villager_link.bone.rightarm] run data modify entity @s {} merge value {transformation:[-0.8317743009466465f,0.3748992465872482f,-0.4093923145260924f,-0.2851120141728169f,0.41091223355990353f,0.9116749071411427f,0f,1.4375f,0.3732327003298728f,-0.16822431036417518f,-0.9123584453530141f,0.09668509828940389f,0f,0f,0f,1f],start_interpolation:0}
execute if entity @s[tag=aj.villager_link.bone.leftarm] run data modify entity @s {} merge value {transformation:[-0.8317743009466465f,-0.3748992465872482f,-0.4093923145260924f,0.2851120141728169f,-0.41091223355990353f,0.9116749071411427f,0f,1.4375f,0.3732327003298728f,0.16822431036417518f,-0.9123584453530141f,-0.1591850982894039f,0f,0f,0f,1f],start_interpolation:0}
execute if entity @s[tag=aj.villager_link.bone.head] run data modify entity @s {} merge value {transformation:[-0.6438862583684797f,0f,-0.7651212232608892f,3.827021247335479e-18f,0f,1f,0f,1.5f,0.7651212232608892f,0f,-0.6438862583684797f,-0.03125f,0f,0f,0f,1f],start_interpolation:0}