execute if entity @s[tag=aj.villager_link.bone.torso] run data modify entity @s {} merge value {transformation:[-0.9181338525396212f,0f,-0.39627039861785424f,3.827021247335479e-18f,0f,1f,0f,1.125f,0.39627039861785424f,0f,-0.9181338525396212f,-0.03125f,0f,0f,0f,1f],start_interpolation:0}
execute if entity @s[tag=aj.villager_link.bone.rightarm] run data modify entity @s {} merge value {transformation:[-0.8568067645679832f,0.3299271728272642f,-0.39627039861785424f,-0.28691682891863163f,0.35934539600589066f,0.9332046326338985f,0f,1.4375f,0.3698013717658632f,-0.142397943316745f,-0.9181338525396212f,0.09258449956807945f,0f,0f,0f,1f],start_interpolation:0}
execute if entity @s[tag=aj.villager_link.bone.leftarm] run data modify entity @s {} merge value {transformation:[-0.8568067645679832f,-0.3299271728272642f,-0.39627039861785424f,0.28691682891863163f,-0.35934539600589066f,0.9332046326338985f,0f,1.4375f,0.3698013717658632f,0.142397943316745f,-0.9181338525396212f,-0.15508449956807946f,0f,0f,0f,1f],start_interpolation:0}
execute if entity @s[tag=aj.villager_link.bone.head] run data modify entity @s {} merge value {transformation:[-0.6829521938155064f,0f,-0.730463072963026f,3.827021247335479e-18f,0f,1f,0f,1.5f,0.730463072963026f,0f,-0.6829521938155064f,-0.03125f,0f,0f,0f,1f],start_interpolation:0}