execute if entity @s[tag=aj.fiona.bone.rightarm] run data modify entity @s {} merge value {transformation:[-0.9964023623681346f,-0.020621398939079785f,-0.08220152171946589f,-0.31038698679435717f,0.02179528558704165f,0.8749686580556211f,-0.4836887562746574f,1.3940471824794143f,0.0818980939544981f,-0.4837402250445388f,-0.871371388605616f,0.2379799906392131f,0f,0f,0f,1f],start_interpolation:0}
execute if entity @s[tag=aj.fiona.bone.leftarm] run data modify entity @s {} merge value {transformation:[-0.9937645783134074f,-0.08503952881692345f,-0.07211269949302512f,0.31038698679435717f,-0.11083795852580504f,0.6831409775234412f,0.7218264000285313f,1.418863504434543f,-0.012120636922523076f,0.72531833243543f,-0.6883069132252557f,0.16979770643358133f,0f,0f,0f,1f],start_interpolation:0}
execute if entity @s[tag=aj.fiona.bone.torso] run data modify entity @s {} merge value {transformation:[-0.993238357741943f,-4.188538737676991e-17f,-0.11609291412523012f,-1.1879999018953237e-17f,-0.039706115128205786f,0.9396926207859084f,0.3397075254714511f,1.1128013994613823f,0.10909165472901088f,0.34202014332566866f,-0.9333387554516182f,0.09700755374712575f,0f,0f,0f,1f],start_interpolation:0}
execute if entity @s[tag=aj.fiona.bone.head] run data modify entity @s {} merge value {transformation:[-1f,-6.162975822039155e-33f,1.2246467991473532e-16f,-2.7587019285241954e-17f,0f,1f,0f,1.4651861322560982f,-1.2246467991473532e-16f,0f,-1f,0.2252651074942515f,0f,0f,0f,1f],start_interpolation:0}
execute if entity @s[tag=aj.fiona.bone.leftleg] run data modify entity @s {} merge value {transformation:[-1f,1.598484835071784e-17f,1.2141697760125282e-16f,0.125f,0f,0.9914448613738104f,-0.13052619222005163f,0.7604166666666667f,-1.2246467991473532e-16f,-0.13052619222005163f,-0.9914448613738104f,0.02083333333333335f,0f,0f,0f,1f],start_interpolation:0}
execute if entity @s[tag=aj.fiona.bone.rightleg] run data modify entity @s {} merge value {transformation:[-1f,-9.71577628780522e-17f,7.455177354798984e-17f,-0.125f,0f,0.6087614290087207f,0.7933533402912352f,0.7604166666666667f,-1.2246467991473532e-16f,0.7933533402912352f,-0.6087614290087207f,-0.02083333333333335f,0f,0f,0f,1f],start_interpolation:0}