execute if entity @s[tag=aj.thaddeus.bone.rightarm] run data modify entity @s {} merge value {transformation:[-0.9999928938932473f,-0.00344075807302146f,0.0015405670681506369f,-0.3125f,-0.00376295073409072f,0.9358072021139309f,-0.3524921568963898f,1.3752010327057183f,-0.00022883352319690882f,-0.35249544912747344f,-0.9358134995711695f,0.010481333222162957f,0f,0f,0f,1f],start_interpolation:0}
execute if entity @s[tag=aj.thaddeus.bone.leftarm] run data modify entity @s {} merge value {transformation:[-0.9999928938932473f,0.0034407580730215458f,-0.0015405670681504075f,0.3125f,0.00376295073409072f,0.9358072021139309f,-0.3524921568963898f,1.3752010327057183f,0.0002288335231966639f,-0.35249544912747344f,-0.9358134995711695f,0.010481333222163033f,0f,0f,0f,1f],start_interpolation:0}
execute if entity @s[tag=aj.thaddeus.bone.torso] run data modify entity @s {} merge value {transformation:[-1f,-7.433620895225238e-18f,1.2223886087085663e-16f,1.0394134116260147e-18f,0f,0.9981560475719538f,0.0607001210504189f,1.0632772678394826f,-1.2246467991473532e-16f,0.0607001210504189f,-0.9981560475719538f,-0.00848745460609291f,0f,0f,0f,1f],start_interpolation:0}
execute if entity @s[tag=aj.thaddeus.bone.head] run data modify entity @s {} merge value {transformation:[-1f,-7.433620895225238e-18f,1.2223886087085663e-16f,-1.7481944240834493e-18f,0f,0.9981560475719538f,0.0607001210504189f,1.4375857856789653f,-1.2246467991473532e-16f,0.0607001210504189f,-0.9981560475719538f,0.01427509078781418f,0f,0f,0f,1f],start_interpolation:0}
execute if entity @s[tag=aj.thaddeus.bone.leftleg] run data modify entity @s {} merge value {transformation:[-0.3420201433256689f,0.9140116806909114f,0.21818540079497553f,0.4375f,-0.10605031207418505f,0.19316039916319178f,-0.9754190850624588f,0.813170163815001f,-0.9336892164250676f,-0.3567516051199932f,0.030866476570083318f,-0.045357048109185144f,0f,0f,0f,1f],start_interpolation:0}
execute if entity @s[tag=aj.thaddeus.bone.rightleg] run data modify entity @s {} merge value {transformation:[-0.3423933691840605f,-0.9138955126531607f,-0.21808661740511276f,-0.47004799999999997f,0.10603497183840543f,0.1930476792997922f,-0.9754430676693505f,0.8032499484907691f,0.9335541577680516f,-0.3571100467214287f,0.030806639618803144f,-0.044230289962608416f,0f,0f,0f,1f],start_interpolation:0}