execute if entity @s[tag=aj.thaddeus.bone.rightarm] run data modify entity @s {} merge value {transformation:[-0.999999068066397f,-0.0012558970249611097f,0.0005353400788881172f,-0.3125f,-0.0013649174778376278f,0.9281533190562357f,-0.37219558477388226f,1.4108401527505396f,-0.00002943834342265367f,-0.3721959686073403f,-0.9281541682747687f,-0.016425546658819717f,0f,0f,0f,1f],start_interpolation:0}
execute if entity @s[tag=aj.thaddeus.bone.leftarm] run data modify entity @s {} merge value {transformation:[-0.999999068066397f,0.0012558970249612008f,-0.0005353400788878897f,0.3125f,0.0013649174778376278f,0.9281533190562357f,-0.37219558477388226f,1.4108401527505396f,0.00002943834342240874f,-0.3721959686073403f,-0.9281541682747687f,-0.01642554665881964f,0f,0f,0f,1f],start_interpolation:0}
execute if entity @s[tag=aj.thaddeus.bone.torso] run data modify entity @s {} merge value {transformation:[-1f,-2.6406864484924756e-18f,1.2243620625329472e-16f,2.8367638291508005e-18f,0f,0.9997674949098758f,0.021562841223535016f,1.0984128105912034f,-1.2246467991473532e-16f,0.021562841223535016f,-0.9997674949098758f,-0.02316393454117437f,0f,0f,0f,1f],start_interpolation:0}
execute if entity @s[tag=aj.thaddeus.bone.head] run data modify entity @s {} merge value {transformation:[-1f,-2.6406864484924756e-18f,1.2243620625329472e-16f,1.8465064109661223e-18f,0f,0.9997674949098758f,0.021562841223535016f,1.4733256211824068f,-1.2246467991473532e-16f,0.021562841223535016f,-0.9997674949098758f,-0.01507786908234874f,0f,0f,0f,1f],start_interpolation:0}
execute if entity @s[tag=aj.thaddeus.bone.leftleg] run data modify entity @s {} merge value {transformation:[-0.3893643307559477f,0.8978865603555749f,0.2054145629399415f,0.4546467764060357f,-0.03771433915639333f,0.20728570169763097f,-0.9775532039197239f,0.8552481307975937f,-0.9203113856499707f,-0.3883714235169149f,-0.04684646025555747f,-0.03664903533260327f,0f,0f,0f,1f],start_interpolation:0}
execute if entity @s[tag=aj.thaddeus.bone.rightleg] run data modify entity @s {} merge value {transformation:[-0.38732077490814265f,-0.8986415504693959f,-0.20597568083275347f,-0.524888888888889f,0.037749601136834184f,0.20776869327702396f,-0.9774493018606989f,0.8566845109388251f,0.9211718541827936f,-0.38636192082543325f,-0.04654977118650322f,-0.03670789815734792f,0f,0f,0f,1f],start_interpolation:0}