execute if entity @s[tag=aj.thaddeus.bone.rightarm] run data modify entity @s {} merge value {transformation:[-0.9996573249755573f,0.02567396558623826f,-0.005106869274782397f,-0.3125f,0.026145417027221382f,0.9888408241807165f,-0.14666370240135781f,1.4225117198910562f,0.001284441974456253f,-0.14674696564044526f,-0.9891732296641151f,0.002484026100099847f,0f,0f,0f,1f],start_interpolation:0}
execute if entity @s[tag=aj.thaddeus.bone.leftarm] run data modify entity @s {} merge value {transformation:[-0.9996573249755573f,-0.025673965586238225f,0.0051068692747826385f,0.3125f,-0.026145417027221382f,0.9888408241807165f,-0.14666370240135781f,1.4225117198910562f,-0.001284441974456498f,-0.14674696564044526f,-0.9891732296641151f,0.0024840261000999234f,0f,0f,0f,1f],start_interpolation:0}
execute if entity @s[tag=aj.thaddeus.bone.torso] run data modify entity @s {} merge value {transformation:[-1f,-6.009057030667723e-18f,1.2231716584445847e-16f,1.5736248608350829e-18f,0f,0.9987954562051724f,0.049067674327418015f,1.1103881398269397f,-1.2246467991473532e-16f,0.049067674327418015f,-0.9987954562051724f,-0.012849622127218244f,0f,0f,0f,1f],start_interpolation:0}
execute if entity @s[tag=aj.thaddeus.bone.head] run data modify entity @s {} merge value {transformation:[-1f,-6.009057030667723e-18f,1.2231716584445847e-16f,-6.797715256653131e-19f,0f,0.9987954562051724f,0.049067674327418015f,1.4849364359038792f,-1.2246467991473532e-16f,0.049067674327418015f,-0.9987954562051724f,0.005550755745563511f,0f,0f,0f,1f],start_interpolation:0}
execute if entity @s[tag=aj.thaddeus.bone.leftleg] run data modify entity @s {} merge value {transformation:[-0.7885811459278316f,0.6129906622147099f,0.04880803545236841f,0.18105512772351628f,0.4348216739579272f,0.6119760653377635f,-0.6606174439947339f,0.7516946281234306f,-0.43482167395792737f,-0.49972766932728563f,-0.7491344127492375f,-0.015395215626569422f,0f,0f,0f,1f],start_interpolation:0}
execute if entity @s[tag=aj.thaddeus.bone.rightleg] run data modify entity @s {} merge value {transformation:[-0.7992799276450695f,-0.5993614754603996f,-0.043788343170589f,-0.18199999999999994f,-0.424942112095102f,0.615196664472744f,-0.6640461319740999f,0.7492748725925444f,0.42494211209510196f,-0.5121512332851916f,-0.7464082767578417f,-0.01781497115745563f,0f,0f,0f,1f],start_interpolation:0}