execute if entity @s[tag=aj.thaddeus.bone.rightarm] run data modify entity @s {} merge value {transformation:[-0.9985418569189892f,0.053978829982457795f,0.0006677533240512267f,-0.3125f,0.05398275613774834f,0.9984956912967744f,0.009602942338111724f,1.4394661524836805f,-0.0001483932251139701f,0.009624987039036489f,-0.9999536677286349f,-0.03313986195057591f,0f,0f,0f,1f],start_interpolation:0}
execute if entity @s[tag=aj.thaddeus.bone.leftarm] run data modify entity @s {} merge value {transformation:[-0.9985418569189892f,-0.053978829982457795f,-0.0006677533240509819f,0.3125f,-0.05398275613774834f,0.9984956912967744f,0.009602942338111724f,1.4394661524836805f,0.0001483932251137255f,0.009624987039036475f,-0.9999536677286349f,-0.033139861950575826f,0f,0f,0f,1f],start_interpolation:0}
execute if entity @s[tag=aj.thaddeus.bone.torso] run data modify entity @s {} merge value {transformation:[-1f,3.3664194743317945e-19f,1.224642172180013e-16f,3.953261977622921e-18f,0f,0.9999962217944444f,-0.0027488901099285337f,1.1269673331729166f,-1.2246467991473532e-16f,-0.0027488901099285337f,-0.9999962217944444f,-0.0322808337912232f,0f,0f,0f,1f],start_interpolation:0}
execute if entity @s[tag=aj.thaddeus.bone.head] run data modify entity @s {} merge value {transformation:[-1f,3.3664194743317945e-19f,1.224642172180013e-16f,4.079502707910364e-18f,0f,0.9999962217944444f,-0.0027488901099285337f,1.5019659163458332f,-1.2246467991473532e-16f,-0.0027488901099285337f,-0.9999962217944444f,-0.0333116675824464f,0f,0f,0f,1f],start_interpolation:0}
execute if entity @s[tag=aj.thaddeus.bone.leftleg] run data modify entity @s {} merge value {transformation:[-0.9990482215818578f,-0.043619387365336f,1.2246467991473532e-16f,0.125f,-0.043619387365336f,0.9990482215818578f,0f,0.7519687500000001f,-1.223481206754078e-16f,-5.341834311772723e-18f,-1f,-0.031249999999999986f,0f,0f,0f,1f],start_interpolation:0}
execute if entity @s[tag=aj.thaddeus.bone.rightleg] run data modify entity @s {} merge value {transformation:[-0.9990482215818578f,0.043619387365336f,1.2246467991473532e-16f,-0.125f,0.043619387365336f,0.9990482215818578f,0f,0.7519687500000001f,-1.223481206754078e-16f,5.341834311772723e-18f,-1f,-0.031250000000000014f,0f,0f,0f,1f],start_interpolation:0}