execute if entity @s[tag=aj.thaddeus.bone.rightarm] run data modify entity @s {} merge value {transformation:[-0.9984485486018417f,0.05566451081712528f,0.0013992963824345846f,-0.3125f,0.05568122738106941f,0.9982580127941579f,0.019507455231182837f,1.4414892774946957f,-0.0003109858733084383f,0.019555104902533756f,-0.99980873228835f,-0.03508970439244451f,0f,0f,0f,1f],start_interpolation:0}
execute if entity @s[tag=aj.thaddeus.bone.leftarm] run data modify entity @s {} merge value {transformation:[-0.9984485486018417f,-0.05566451081712528f,-0.0013992963824343396f,0.3125f,-0.05568122738106941f,0.9982580127941579f,0.019507455231182837f,1.4414892774946957f,0.0003109858733081937f,0.019555104902533742f,-0.99980873228835f,-0.035089704392444424f,0f,0f,0f,1f],start_interpolation:0}
execute if entity @s[tag=aj.thaddeus.bone.torso] run data modify entity @s {} merge value {transformation:[-1f,6.839682463824213e-19f,1.224627699101099e-16f,4.083509339728887e-18f,0f,0.9999844036286483f,-0.005585024570828313f,1.128994151360743f,-1.2246467991473532e-16f,-0.005585024570828313f,-0.9999844036286483f,-0.033344384214060614f,0f,0f,0f,1f],start_interpolation:0}
execute if entity @s[tag=aj.thaddeus.bone.head] run data modify entity @s {} merge value {transformation:[-1f,6.839682463824213e-19f,1.224627699101099e-16f,4.3399974321222944e-18f,0f,0.9999844036286483f,-0.005585024570828313f,1.5039883027214862f,-1.2246467991473532e-16f,-0.005585024570828313f,-0.9999844036286483f,-0.035438768428121235f,0f,0f,0f,1f],start_interpolation:0}
execute if entity @s[tag=aj.thaddeus.bone.leftleg] run data modify entity @s {} merge value {transformation:[-0.9990482215818578f,-0.043619387365336f,1.2246467991473532e-16f,0.125f,-0.043619387365336f,0.9990482215818578f,0f,0.754f,-1.223481206754078e-16f,-5.341834311772723e-18f,-1f,-0.031249999999999986f,0f,0f,0f,1f],start_interpolation:0}
execute if entity @s[tag=aj.thaddeus.bone.rightleg] run data modify entity @s {} merge value {transformation:[-0.9990482215818578f,0.043619387365336f,1.2246467991473532e-16f,-0.125f,0.043619387365336f,0.9990482215818578f,0f,0.754f,-1.223481206754078e-16f,5.341834311772723e-18f,-1f,-0.031250000000000014f,0f,0f,0f,1f],start_interpolation:0}