execute if entity @s[tag=aj.thaddeus.bone.rightarm] run data modify entity @s {} merge value {transformation:[-0.9999924785916561f,-0.003538581979330337f,0.0015878279792740507f,-0.3125f,-0.0038695692852735697f,0.9380165769664401f,-0.3465687922616648f,1.3734169968563672f,-0.00026304688303477807f,-0.3465723297866379f,-0.938023214548872f,0.015377496432281375f,0f,0f,0f,1f],start_interpolation:0}
execute if entity @s[tag=aj.thaddeus.bone.leftarm] run data modify entity @s {} merge value {transformation:[-0.9999924785916561f,0.003538581979330422f,-0.0015878279792738209f,0.3125f,0.0038695692852735697f,0.9380165769664401f,-0.3465687922616648f,1.3734169968563672f,0.00026304688303453315f,-0.3465723297866379f,-0.938023214548872f,0.015377496432281451f,0f,0f,0f,1f],start_interpolation:0}
execute if entity @s[tag=aj.thaddeus.bone.torso] run data modify entity @s {} merge value {transformation:[-1f,-8.305776619352446e-18f,1.2218269886267858e-16f,7.123550150783114e-19f,0f,0.9976974499728977f,0.06782181299240933f,1.0616365437398367f,-1.2246467991473532e-16f,0.06782181299240933f,-0.9976974499728977f,-0.005816820127846501f,0f,0f,0f,1f],start_interpolation:0}
execute if entity @s[tag=aj.thaddeus.bone.head] run data modify entity @s {} merge value {transformation:[-1f,-8.305776619352446e-18f,1.2218269886267858e-16f,-2.402311217178856e-18f,0f,0.9976974499728977f,0.06782181299240933f,1.4357730874796732f,-1.2246467991473532e-16f,0.06782181299240933f,-0.9976974499728977f,0.019616359744306998f,0f,0f,0f,1f],start_interpolation:0}
execute if entity @s[tag=aj.thaddeus.bone.leftleg] run data modify entity @s {} merge value {transformation:[-0.34528022385344015f,0.9129911976448467f,0.2173215130601362f,0.4196562734785875f,-0.10895315766377349f,0.19100187192045834f,-0.9755242151571503f,0.8045655652672933f,-0.9321538373309479f,-0.36050708446008317f,0.03352410480951437f,-0.04493300218136393f,0f,0f,0f,1f],start_interpolation:0}
execute if entity @s[tag=aj.thaddeus.bone.rightleg] run data modify entity @s {} merge value {transformation:[-0.3484320603912804f,-0.9119921770664893f,-0.2164841062549686f,-0.443f,0.10881784001103513f,0.19003874551157995f,-0.9757273968172246f,0.792783265920646f,0.9309961208226487f,-0.3635320400926311f,0.03302542716256282f,-0.04355584889727444f,0f,0f,0f,1f],start_interpolation:0}