execute if entity @s[tag=aj.thaddeus.bone.rightarm] run data modify entity @s {} merge value {transformation:[-0.9994662992734908f,0.03231129790048445f,-0.004805896850643689f,-0.3125f,0.03264439190892759f,0.9933565721299079f,-0.1103497362172434f,1.4265294350074431f,0.0012084260214101062f,-0.11044772806312048f,-0.9938811996774292f,-0.005817630205704315f,0f,0f,0f,1f],start_interpolation:0}
execute if entity @s[tag=aj.thaddeus.bone.leftarm] run data modify entity @s {} merge value {transformation:[-0.9994662992734908f,-0.03231129790048442f,0.004805896850643933f,0.3125f,-0.03264439190892759f,0.9933565721299079f,-0.1103497362172434f,1.4265294350074431f,-0.0012084260214103508f,-0.11044772806312048f,-0.9938811996774292f,-0.005817630205704239f,0f,0f,0f,1f],start_interpolation:0}
execute if entity @s[tag=aj.thaddeus.bone.torso] run data modify entity @s {} merge value {transformation:[-1f,-4.530279311027794e-18f,1.2238085796390974e-16f,2.128166505700056e-18f,0f,0.9993155418290078f,0.03699253788261196f,1.1142433281858781f,-1.2246467991473532e-16f,0.03699253788261196f,-0.9993155418290078f,-0.017377798294020516f,0f,0f,0f,1f],start_interpolation:0}
execute if entity @s[tag=aj.thaddeus.bone.head] run data modify entity @s {} merge value {transformation:[-1f,-4.530279311027794e-18f,1.2238085796390974e-16f,4.293117640646332e-19f,0f,0.9993155418290078f,0.03699253788261196f,1.488986656371756f,-1.2246467991473532e-16f,0.03699253788261196f,-0.9993155418290078f,-0.0035055965880410288f,0f,0f,0f,1f],start_interpolation:0}
execute if entity @s[tag=aj.thaddeus.bone.leftleg] run data modify entity @s {} merge value {transformation:[-0.8737008857005069f,0.4855856181467343f,0.02921249347802873f,0.167026671675432f,0.4040546099727968f,0.7578235260840807f,-0.5122922754377836f,0.7488614514792812f,-0.2708996760534812f,-0.4357867721289218f,-0.8583141934930205f,-0.017287127539814918f,0f,0f,0f,1f],start_interpolation:0}
execute if entity @s[tag=aj.thaddeus.bone.rightleg] run data modify entity @s {} merge value {transformation:[-0.8783476730967619f,-0.47729239084609487f,-0.0264071733800199f,-0.1678639999999999f,-0.39704340195370197f,0.7592011525175955f,-0.5157229362564613f,0.7474566388083833f,0.2661989897248576f,-0.4424992470687081f,-0.8563483603143591f,-0.019382445792290263f,0f,0f,0f,1f],start_interpolation:0}