execute if entity @s[tag=aj.thaddeus.bone.rightarm] run data modify entity @s {} merge value {transformation:[-0.9999935540536455f,-0.003279010624269285f,0.0014628535417908132f,-0.3125f,-0.0035798693500072505f,0.9418863985182997f,-0.3359124838729034f,1.3761594105552677f,-0.00027638125059315324f,-0.33591555542361035f,-0.9418920655987351f,0.021670463436045416f,0f,0f,0f,1f],start_interpolation:0}
execute if entity @s[tag=aj.thaddeus.bone.leftarm] run data modify entity @s {} merge value {transformation:[-0.9999935540536455f,0.0032790106242693673f,-0.0014628535417905825f,0.3125f,0.0035798693500072505f,0.9418863985182997f,-0.3359124838729034f,1.3761594105552677f,0.0002763812505929083f,-0.33591555542361035f,-0.9418920655987351f,0.021670463436045492f,0f,0f,0f,1f],start_interpolation:0}
execute if entity @s[tag=aj.thaddeus.bone.torso] run data modify entity @s {} merge value {transformation:[-1f,-9.42674562274147e-18f,1.221013279763275e-16f,2.919916388074279e-19f,0f,0.9970330062622074f,0.07697521954333884f,1.0645865960983278f,-1.2246467991473532e-16f,0.07697521954333884f,-0.9970330062622074f,-0.0023842926712479354f,0f,0f,0f,1f],start_interpolation:0}
execute if entity @s[tag=aj.thaddeus.bone.head] run data modify entity @s {} merge value {transformation:[-1f,-9.42674562274147e-18f,1.221013279763275e-16f,-3.243037969720623e-18f,0f,0.9970330062622074f,0.07697521954333884f,1.4384739734466556f,-1.2246467991473532e-16f,0.07697521954333884f,-0.9970330062622074f,0.02648141465750413f,0f,0f,0f,1f],start_interpolation:0}
execute if entity @s[tag=aj.thaddeus.bone.leftleg] run data modify entity @s {} merge value {transformation:[-0.36441754960437733f,0.9067355728084184f,0.21220379483913704f,0.38144487227648394f,-0.1001150269364015f,0.18840569231004659f,-0.9769750644139775f,0.7926826514282356f,-0.9258384475284361f,-0.3772716476346472f,0.022119515572764786f,-0.0422779219197522f,0f,0f,0f,1f],start_interpolation:0}
execute if entity @s[tag=aj.thaddeus.bone.rightleg] run data modify entity @s {} merge value {transformation:[-0.3738392830873528f,-0.903487057592f,-0.20965525794619191f,-0.39468800000000004f,0.09971271598908896f,0.1855845370364022f,-0.9775560106117006f,0.7800742039335443f,0.9221179776421309f,-0.3863541333760187f,0.020710358095701875f,-0.040914514444153324f,0f,0f,0f,1f],start_interpolation:0}