execute if entity @s[tag=aj.thaddeus.bone.rightarm] run data modify entity @s {} merge value {transformation:[-0.9999933646835624f,-0.003326244379464733f,0.0014854922335305457f,-0.3125f,-0.0036369758345889238f,0.9348049931863199f,-0.355142784131542f,1.3770845932065303f,-0.0002073538676188547f,-0.3551458303461445f,-0.9348108879298107f,0.007882693903801988f,0f,0f,0f,1f],start_interpolation:0}
execute if entity @s[tag=aj.thaddeus.bone.leftarm] run data modify entity @s {} merge value {transformation:[-0.9999933646835624f,0.0033262443794648197f,-0.0014854922335303168f,0.3125f,0.0036369758345889238f,0.9348049931863199f,-0.355142784131542f,1.3770845932065303f,0.0002073538676186098f,-0.3551458303461445f,-0.9348108879298107f,0.007882693903802064f,0f,0f,0f,1f],start_interpolation:0}
execute if entity @s[tag=aj.thaddeus.bone.torso] run data modify entity @s {} merge value {transformation:[-1f,-6.970724120916988e-18f,1.2226613117232688e-16f,1.2129997019916083e-18f,0f,0.9983787264822259f,0.05692028204189386f,1.0650912411808346f,-1.2246467991473532e-16f,0.05692028204189386f,-0.9983787264822259f,-0.009904894234289804f,0f,0f,0f,1f],start_interpolation:0}
execute if entity @s[tag=aj.thaddeus.bone.head] run data modify entity @s {} merge value {transformation:[-1f,-6.970724120916988e-18f,1.2226613117232688e-16f,-1.4010218433522621e-18f,0f,0.9983787264822259f,0.05692028204189386f,1.4394832636116695f,-1.2246467991473532e-16f,0.05692028204189386f,-0.9983787264822259f,0.011440211531420393f,0f,0f,0f,1f],start_interpolation:0}
execute if entity @s[tag=aj.thaddeus.bone.leftleg] run data modify entity @s {} merge value {transformation:[-0.34275121081565907f,0.9137839727945798f,0.21799187725269525f,0.4452428412208505f,-0.10246254437180792f,0.19430031535264375f,-0.9755761448778452f,0.8180321469304261f,-0.9338217359246114f,-0.3567159072954523f,0.027031962509728558f,-0.04522146296960084f,0f,0f,0f,1f],start_interpolation:0}
execute if entity @s[tag=aj.thaddeus.bone.rightleg] run data modify entity @s {} merge value {transformation:[-0.342109955730142f,-0.913983741807119f,-0.2181616325172186f,-0.48159199999999996f,0.10248803550470338f,0.1944916491285772f,-0.9755353407220229f,0.8088540939498514f,0.9340540566630535f,-0.3560993093667891f,0.027134868707789778f,-0.044214411382996144f,0f,0f,0f,1f],start_interpolation:0}