execute if entity @s[tag=aj.thaddeus.bone.rightarm] run data modify entity @s {} merge value {transformation:[-0.9999943852969726f,0.003127192886624296f,-0.0012041757262381061f,-0.3125f,0.003338866154612089f,0.9603979505266935f,-0.2786119677919961f,1.4041732641962987f,0.00028521453574554244f,-0.2786144240501136f,-0.9604029994559014f,0.02726491442810965f,0f,0f,0f,1f],start_interpolation:0}
execute if entity @s[tag=aj.thaddeus.bone.leftarm] run data modify entity @s {} merge value {transformation:[-0.9999943852969726f,-0.0031271928866242276f,0.0012041757262383412f,0.3125f,-0.003338866154612089f,0.9603979505266935f,-0.2786119677919961f,1.4041732641962987f,-0.00028521453574578736f,-0.2786144240501136f,-0.9604029994559014f,0.027264914428109726f,0f,0f,0f,1f],start_interpolation:0}
execute if entity @s[tag=aj.thaddeus.bone.torso] run data modify entity @s {} merge value {transformation:[-1f,-1.0423287659165935e-17f,1.2202029708615226e-16f,-8.171162485174656e-20f,0f,0.99637133883098f,0.08511260280452318f,1.0928072208116175f,-1.2246467991473532e-16f,0.08511260280452318f,-0.99637133883098f,0.0006672260516961959f,0f,0f,0f,1f],start_interpolation:0}
execute if entity @s[tag=aj.thaddeus.bone.head] run data modify entity @s {} merge value {transformation:[-1f,-1.0423287659165935e-17f,1.2202029708615226e-16f,-3.990444497038972e-18f,0f,0.99637133883098f,0.08511260280452318f,1.4664464728732352f,-1.2246467991473532e-16f,0.08511260280452318f,-0.99637133883098f,0.03258445210339239f,0f,0f,0f,1f],start_interpolation:0}
execute if entity @s[tag=aj.thaddeus.bone.leftleg] run data modify entity @s {} merge value {transformation:[-0.5647580978350725f,0.8149667642965982f,0.12991329424521372f,0.24597342223891813f,0.0828241575404702f,0.21260026999575793f,-0.9736227627399854f,0.7673130205437281f,-0.8210897940282913f,-0.5391013803447954f,-0.1875666597583758f,-0.026393559957072793f,0f,0f,0f,1f],start_interpolation:0}
execute if entity @s[tag=aj.thaddeus.bone.rightleg] run data modify entity @s {} merge value {transformation:[-0.5904889040562394f,-0.7985488363802824f,-0.11680158433068577f,-0.2479039999999999f,-0.0809964961542446f,0.2026351508761374f,-0.9758988488773518f,0.75992912201369f,0.8029709968592866f,-0.566796922667283f,-0.18433346591897312f,-0.027138381265975453f,0f,0f,0f,1f],start_interpolation:0}