execute if entity @s[tag=aj.thaddeus.bone.rightarm] run data modify entity @s {} merge value {transformation:[-0.9999953769189998f,-0.0027820178148487864f,0.0012274027478566664f,-0.3125f,-0.00303765913858798f,0.9321652088751848f,-0.3620204358729504f,1.3858331604135863f,-0.0001369948368919146f,-0.3620224906543254f,-0.9321693502217575f,-0.00027604558264682927f,0f,0f,0f,1f],start_interpolation:0}
execute if entity @s[tag=aj.thaddeus.bone.leftarm] run data modify entity @s {} merge value {transformation:[-0.9999953769189998f,0.002782017814848875f,-0.0012274027478564383f,0.3125f,0.00303765913858798f,0.9321652088751848f,-0.3620204358729504f,1.3858331604135863f,0.0001369948368916697f,-0.3620224906543254f,-0.9321693502217575f,-0.0002760455826467527f,0f,0f,0f,1f],start_interpolation:0}
execute if entity @s[tag=aj.thaddeus.bone.torso] run data modify entity @s {} merge value {transformation:[-1f,-5.517404237694201e-18f,1.223403289070961e-16f,1.7579946582001533e-18f,0f,0.9989845969652164f,0.04505302460705921f,1.0736504738619561f,-1.2246467991473532e-16f,0.04505302460705921f,-0.9989845969652164f,-0.014355115772352794f,0f,0f,0f,1f],start_interpolation:0}
execute if entity @s[tag=aj.thaddeus.bone.head] run data modify entity @s {} merge value {transformation:[-1f,-5.517404237694201e-18f,1.223403289070961e-16f,-3.110319309351722e-19f,0f,0.9989845969652164f,0.04505302460705921f,1.4482696977239122f,-1.2246467991473532e-16f,0.04505302460705921f,-0.9989845969652164f,0.002539768455294411f,0f,0f,0f,1f],start_interpolation:0}
execute if entity @s[tag=aj.thaddeus.bone.leftleg] run data modify entity @s {} merge value {transformation:[-0.35234807623512243f,0.9107338559575464f,0.21544065722631794f,0.4585048010973937f,-0.08525399589685821f,0.19801122657301173f,-0.9764851818305642f,0.831878499719422f,-0.9319777837250345f,-0.362429852197292f,0.007874825662976814f,-0.04340239148429094f,0f,0f,0f,1f],start_interpolation:0}
execute if entity @s[tag=aj.thaddeus.bone.rightleg] run data modify entity @s {} merge value {transformation:[-0.3499394887012106f,-0.91151004507115f,-0.21608283592623823f,-0.510888888888889f,0.08533628123879526f,0.19868986760630977f,-0.9763401331579689f,0.8271260515777884f,0.932877308841773f,-0.36009967265324944f,0.00825544687791531f,-0.042967654517978994f,0f,0f,0f,1f],start_interpolation:0}