execute if entity @s[tag=aj.thaddeus.bone.rightarm] run data modify entity @s {} merge value {transformation:[-0.9999939616915464f,-0.003174860494512939f,0.0014130963471690294f,-0.3125f,-0.00347024709824522f,0.9338664940400725f,-0.35760498975039534f,1.3795325183801186f,-0.0001842973768723402f,-0.35760773421466097f,-0.9338718726165455f,0.005210268877946209f,0f,0f,0f,1f],start_interpolation:0}
execute if entity @s[tag=aj.thaddeus.bone.leftarm] run data modify entity @s {} merge value {transformation:[-0.9999939616915464f,0.0031748604945130267f,-0.0014130963471688008f,0.3125f,0.00347024709824522f,0.9338664940400725f,-0.35760498975039534f,1.3795325183801186f,0.00018429737687209529f,-0.35760773421466097f,-0.9338718726165455f,0.005210268877946286f,0f,0f,0f,1f],start_interpolation:0}
execute if entity @s[tag=aj.thaddeus.bone.torso] run data modify entity @s {} merge value {transformation:[-1f,-6.494683865807816e-18f,1.222923419846958e-16f,1.3915147976575478e-18f,0f,0.9985927540074452f,0.053033118367921815f,1.067472282752792f,-1.2246467991473532e-16f,0.053033118367921815f,-0.9985927540074452f,-0.01136258061202932f,0f,0f,0f,1f],start_interpolation:0}
execute if entity @s[tag=aj.thaddeus.bone.head] run data modify entity @s {} merge value {transformation:[-1f,-6.494683865807816e-18f,1.222923419846958e-16f,-1.043991652020383e-18f,0f,0.9985927540074452f,0.053033118367921815f,1.441944565505584f,-1.2246467991473532e-16f,0.053033118367921815f,-0.9985927540074452f,0.00852483877594136f,0f,0f,0f,1f],start_interpolation:0}
execute if entity @s[tag=aj.thaddeus.bone.leftleg] run data modify entity @s {} merge value {transformation:[-0.34483080407760214f,0.9131326519589718f,0.2174407424692294f,0.45121742112482854f,-0.09768270335106811f,0.1954822866042099f,-0.9758302952306904f,0.8227784812872039f,-0.9335683188847089f,-0.35773654489074064f,0.02178895188882435f,-0.04482920211353657f,0f,0f,0f,1f],start_interpolation:0}
execute if entity @s[tag=aj.thaddeus.bone.rightleg] run data modify entity @s {} merge value {transformation:[-0.34340080900182224f,-0.913581090875944f,-0.21781982180420129f,-0.491624f,0.09773724327038148f,0.19590225660239327f,-0.9757406095556319f,0.8145444640146742f,0.934089565113967f,-0.3563592236101236f,0.022017903923618215f,-0.04396764645622713f,0f,0f,0f,1f],start_interpolation:0}