execute if entity @s[tag=aj.thaddeus.bone.rightarm] run data modify entity @s {} merge value {transformation:[-0.99845291878395f,0.05558693089428439f,0.001364582560718863f,-0.3125f,0.055602850641075126f,0.9982712080293166f,0.0190504126011824f,1.4413960242208521f,-0.00030326951257502713f,0.019096814746000175f,-0.9998175932109615f,-0.03499971222382206f,0f,0f,0f,1f],start_interpolation:0}
execute if entity @s[tag=aj.thaddeus.bone.leftarm] run data modify entity @s {} merge value {transformation:[-0.99845291878395f,-0.05558693089428439f,-0.001364582560718618f,0.3125f,-0.055602850641075126f,0.9982712080293166f,0.0190504126011824f,1.4413960242208521f,0.00030326951257478253f,0.01909681474600016f,-0.9998175932109615f,-0.03499971222382198f,0f,0f,0f,1f],start_interpolation:0}
execute if entity @s[tag=aj.thaddeus.bone.torso] run data modify entity @s {} merge value {transformation:[-1f,6.679379014730672e-19f,1.224628583921605e-16f,4.077497960387879e-18f,0f,0.9999851261394216f,-0.005454126871013843f,1.128900672302283f,-1.2246467991473532e-16f,-0.005454126871013843f,-0.9999851261394216f,-0.03329529757663019f,0f,0f,0f,1f],start_interpolation:0}
execute if entity @s[tag=aj.thaddeus.bone.head] run data modify entity @s {} merge value {transformation:[-1f,6.679379014730672e-19f,1.224628583921605e-16f,4.327974673440279e-18f,0f,0.9999851261394216f,-0.005454126871013843f,1.5038950946045662f,-1.2246467991473532e-16f,-0.005454126871013843f,-0.9999851261394216f,-0.03534059515326038f,0f,0f,0f,1f],start_interpolation:0}
execute if entity @s[tag=aj.thaddeus.bone.leftleg] run data modify entity @s {} merge value {transformation:[-0.9990482215818578f,-0.043619387365336f,1.2246467991473532e-16f,0.125f,-0.043619387365336f,0.9990482215818578f,0f,0.75390625f,-1.223481206754078e-16f,-5.341834311772723e-18f,-1f,-0.031249999999999986f,0f,0f,0f,1f],start_interpolation:0}
execute if entity @s[tag=aj.thaddeus.bone.rightleg] run data modify entity @s {} merge value {transformation:[-0.9990482215818578f,0.043619387365336f,1.2246467991473532e-16f,-0.125f,0.043619387365336f,0.9990482215818578f,0f,0.75390625f,-1.223481206754078e-16f,5.341834311772723e-18f,-1f,-0.031250000000000014f,0f,0f,0f,1f],start_interpolation:0}