execute if entity @s[tag=aj.thaddeus.bone.rightarm] run data modify entity @s {} merge value {transformation:[-0.9984948463450826f,0.05483587488408957f,0.0010337543259893922f,-0.3125f,0.054845136918664474f,0.9983876598335836f,0.014631870980620906f,1.4404939685839073f,-0.0002297361159539236f,0.014666544164085294f,-0.9998924140644331f,-0.03412978484434021f,0f,0f,0f,1f],start_interpolation:0}
execute if entity @s[tag=aj.thaddeus.bone.leftarm] run data modify entity @s {} merge value {transformation:[-0.9984948463450826f,-0.05483587488408957f,-0.0010337543259891471f,0.3125f,-0.054845136918664474f,0.9983876598335836f,0.014631870980620906f,1.4404939685839073f,0.00022973611595367906f,0.01466654416408528f,-0.9998924140644331f,-0.03412978484434013f,0f,0f,0f,1f],start_interpolation:0}
execute if entity @s[tag=aj.thaddeus.bone.torso] run data modify entity @s {} merge value {transformation:[-1f,5.129773515424362e-19f,1.2246360553591168e-16f,4.019387754163893e-18f,0f,0.9999912270311376f,-0.004188777955403885f,1.1279967101366768f,-1.2246467991473532e-16f,-0.004188777955403885f,-0.9999912270311376f,-0.032820791733276455f,0f,0f,0f,1f],start_interpolation:0}
execute if entity @s[tag=aj.thaddeus.bone.head] run data modify entity @s {} merge value {transformation:[-1f,5.129773515424362e-19f,1.2246360553591168e-16f,4.211754260992306e-18f,0f,0.9999912270311376f,-0.004188777955403885f,1.5029934202733535f,-1.2246467991473532e-16f,-0.004188777955403885f,-0.9999912270311376f,-0.03439158346655291f,0f,0f,0f,1f],start_interpolation:0}
execute if entity @s[tag=aj.thaddeus.bone.leftleg] run data modify entity @s {} merge value {transformation:[-0.9990482215818578f,-0.043619387365336f,1.2246467991473532e-16f,0.125f,-0.043619387365336f,0.9990482215818578f,0f,0.7530000000000001f,-1.223481206754078e-16f,-5.341834311772723e-18f,-1f,-0.031249999999999986f,0f,0f,0f,1f],start_interpolation:0}
execute if entity @s[tag=aj.thaddeus.bone.rightleg] run data modify entity @s {} merge value {transformation:[-0.9990482215818578f,0.043619387365336f,1.2246467991473532e-16f,-0.125f,0.043619387365336f,0.9990482215818578f,0f,0.7530000000000001f,-1.223481206754078e-16f,5.341834311772723e-18f,-1f,-0.031250000000000014f,0f,0f,0f,1f],start_interpolation:0}