execute if entity @s[tag=aj.thaddeus.bone.rightarm] run data modify entity @s {} merge value {transformation:[-0.9999975153942153f,-0.002044936468942893f,0.0008873782924976048f,-0.3125f,-0.0022279569793277132f,0.9299891077386391f,-0.3675803255006831f,1.3977230977388424f,-0.00007357373358423829f,-0.36758138924914013f,-0.9299913531128006f,-0.008559084223779378f,0f,0f,0f,1f],start_interpolation:0}
execute if entity @s[tag=aj.thaddeus.bone.leftarm] run data modify entity @s {} merge value {transformation:[-0.9999975153942153f,0.0020449364689429823f,-0.0008873782924973769f,0.3125f,0.0022279569793277132f,0.9299891077386391f,-0.3675803255006831f,1.3977230977388424f,0.00007357373358399336f,-0.36758138924914013f,-0.9299913531128006f,-0.008559084223779302f,0f,0f,0f,1f],start_interpolation:0}
execute if entity @s[tag=aj.thaddeus.bone.torso] run data modify entity @s {} merge value {transformation:[-1f,-4.041942890919391e-18f,1.2239795964102147e-16f,2.3112926632407073e-18f,0f,0.9994551876201343f,0.033004968401775504f,1.0853933516075505f,-1.2246467991473532e-16f,0.033004968401775504f,-0.9994551876201343f,-0.018873136849334185f,0f,0f,0f,1f],start_interpolation:0}
execute if entity @s[tag=aj.thaddeus.bone.head] run data modify entity @s {} merge value {transformation:[-1f,-4.041942890919391e-18f,1.2239795964102147e-16f,7.955640791459359e-19f,0f,0.9994551876201343f,0.033004968401775504f,1.4601890469651009f,-1.2246467991473532e-16f,0.033004968401775504f,-0.9994551876201343f,-0.00649627369866837f,0f,0f,0f,1f],start_interpolation:0}
execute if entity @s[tag=aj.thaddeus.bone.leftleg] run data modify entity @s {} merge value {transformation:[-0.36942863568939266f,0.9050218076971781f,0.2108506834829f,0.4601926868998628f,-0.06209807673647732f,0.2023514309747153f,-0.9773421751096775f,0.8443750267998588f,-0.9271819195812138f,-0.37415160827533145f,-0.018554299412220643f,-0.04020974915662878f,0f,0f,0f,1f],start_interpolation:0}
execute if entity @s[tag=aj.thaddeus.bone.rightleg] run data modify entity @s {} merge value {transformation:[-0.36674120322354153f,-0.9059448400392303f,-0.21157702300685344f,-0.526888888888889f,0.06216917214364549f,0.20304940883151118f,-0.9771928835230778f,0.8442611700784444f,0.9282434399946614f,-0.37153046224968883f,-0.01814474379565091f,-0.040202123594402076f,0f,0f,0f,1f],start_interpolation:0}