execute if entity @s[tag=aj.agatha.bone.head] run data modify entity @s {} merge value {transformation:[-1f,-2.1870339824953437e-17f,1.2049600019319992e-16f,-2.6998689034507976e-17f,0f,0.9839245101289116f,0.17858487720851776f,1.2049970394395786f,-1.2246467991473532e-16f,0.17858487720851776f,-0.9839245101289116f,0.22046102642252047f,0f,0f,0f,1f],start_interpolation:0}
execute if entity @s[tag=aj.agatha.bone.leftarm] run data modify entity @s {} merge value {transformation:[-0.9001681322627284f,0.34062880543411944f,0.27142098402142f,0.3125f,0.4344610176262892f,0.6583644312140036f,0.6146542929772725f,1.0324980262930525f,0.030675035806994322f,0.6712140438196941f,-0.740628617835858f,0.1469740176150136f,0f,0f,0f,1f],start_interpolation:0}
execute if entity @s[tag=aj.agatha.bone.cane] run data modify entity @s {} merge value {transformation:[-9.958615936301652e-17f,-1.2356929851855056e-18f,1f,-0.32812500000000006f,0.010090198954064322f,0.9999490926467545f,2.2404742403701766e-18f,0.5929962608071767f,-0.9999490926467545f,0.010090198954064322f,-9.95686213071568e-17f,0.4573071720108876f,0f,0f,0f,1f],start_interpolation:0}
execute if entity @s[tag=aj.agatha.bone.rightarm] run data modify entity @s {} merge value {transformation:[-1f,8.659560562354933e-17f,8.659560562354933e-17f,-0.34375f,0f,0.7071067811865475f,-0.7071067811865476f,1.0569936958955548f,-1.2246467991473532e-16f,-0.7071067811865476f,-0.7071067811865475f,0.08947434656617154f,0f,0f,0f,1f],start_interpolation:0}
execute if entity @s[tag=aj.agatha.bone.torso] run data modify entity @s {} merge value {transformation:[-1.0104166666666665f,-4.84976451175421e-17f,1.138404740982174e-16f,4.4997815057513294e-17f,0f,0.9295780152896133f,0.3960133252404534f,-0.17499506573263102f,-1.2374035366384712e-16f,0.3960133252404534f,-0.9295780152896133f,-0.36743504403753413f,0f,0f,0f,1f],start_interpolation:0}