execute if entity @s[tag=aj.agatha.bone.head] run data modify entity @s {} merge value {transformation:[-1f,-2.5542847628986154e-17f,1.1977128521319697e-16f,-3.0820313073695217e-17f,0f,0.9780067632282745f,0.20857317919558588f,1.1905606263908124f,-1.2246467991473532e-16f,0.20857317919558588f,-0.9780067632282745f,0.2516669548734665f,0f,0f,0f,1f],start_interpolation:0}
execute if entity @s[tag=aj.agatha.bone.leftarm] run data modify entity @s {} merge value {transformation:[-0.8791193074889181f,0.38651986694282586f,0.2788398028594648f,0.3125f,0.46515300951120825f,0.568366478506871f,0.678669451097045f,1.0228737509272083f,0.1038360291174063f,0.7263345913339104f,-0.6794528243292028f,0.16777796991564442f,0f,0f,0f,1f],start_interpolation:0}
execute if entity @s[tag=aj.agatha.bone.cane] run data modify entity @s {} merge value {transformation:[-9.989363907161918e-17f,-8.760100895373398e-18f,1f,-0.32812500000000006f,0.071531652240242f,0.9974383302880339f,1.5883217461319264e-17f,0.5868412912949119f,-0.9974383302880339f,0.071531652240242f,-9.901112007115405e-17f,0.4878841738323087f,0f,0f,0f,1f],start_interpolation:0}
execute if entity @s[tag=aj.agatha.bone.rightarm] run data modify entity @s {} merge value {transformation:[-1f,8.659560562354933e-17f,8.659560562354934e-17f,-0.34375f,0f,0.7071067811865476f,-0.7071067811865475f,1.0508367459131491f,-1.2246467991473532e-16f,-0.7071067811865475f,-0.7071067811865476f,0.1118823447611097f,0f,0f,0f,1f],start_interpolation:0}
execute if entity @s[tag=aj.agatha.bone.torso] run data modify entity @s {} merge value {transformation:[-1.0104166666666665f,-5.5362414224971035e-17f,1.1066471079814328e-16f,5.1367188456158697e-17f,0f,0.9036459399983111f,0.452068418939375f,-0.15093437731802073f,-1.2374035366384712e-16f,0.452068418939375f,-0.9036459399983111f,-0.4194449247891109f,0f,0f,0f,1f],start_interpolation:0}