execute if entity @s[tag=aj.agatha.bone.head] run data modify entity @s {} merge value {transformation:[-1f,-2.647457986033358e-17f,1.195687854242795e-16f,-3.177586041405221e-17f,0f,0.9763532269673831f,0.2161813502371967f,1.1865809366492308f,-1.2246467991473532e-16f,0.2161813502371967f,-0.9763532269673831f,0.2594695910378062f,0f,0f,0f,1f],start_interpolation:0}
execute if entity @s[tag=aj.agatha.bone.leftarm] run data modify entity @s {} merge value {transformation:[-0.8731963512271227f,0.3979296802952198f,0.2813895906812893f,0.3125f,0.4715930795790905f,0.5441667387065223f,0.6938894204256302f,1.0202206244328205f,0.12299633936320593f,0.7386030937016522f,-0.662825294084044f,0.17297972735853745f,0f,0f,0f,1f],start_interpolation:0}
execute if entity @s[tag=aj.agatha.bone.cane] run data modify entity @s {} merge value {transformation:[-1.0004584799901909e-16f,-1.0672447475924371e-17f,1f,-0.32812500000000006f,0.08714714710686339f,0.9961954500755033f,1.9350553849687066e-17f,0.5846680294738517f,-0.9961954500755033f,0.08714714710686339f,-9.873514522539355e-17f,0.49560587855917143f,0f,0f,0f,1f],start_interpolation:0}
execute if entity @s[tag=aj.agatha.bone.rightarm] run data modify entity @s {} merge value {transformation:[-1f,8.659560562354933e-17f,8.659560562354933e-17f,-0.34375f,0f,0.7071067811865475f,-0.7071067811865475f,1.0490505789925768f,-1.2246467991473532e-16f,-0.7071067811865475f,-0.7071067811865475f,0.1175262899530673f,0f,0f,0f,1f],start_interpolation:0}
execute if entity @s[tag=aj.agatha.bone.torso] run data modify entity @s {} merge value {transformation:[-1.0104166666666665f,-5.707886037339007e-17f,1.0978924730286206e-16f,5.2959767356753676e-17f,0f,0.8964972380550997f,0.46608426538272585f,-0.1443015610820515f,-1.2374035366384712e-16f,0.46608426538272585f,-0.8964972380550997f,-0.43244931839634365f,0f,0f,0f,1f],start_interpolation:0}