execute if entity @s[tag=aj.agatha.bone.head] run data modify entity @s {} merge value {transformation:[-1f,-2.245696102886182e-17f,1.2038805060290144e-16f,-2.7614742810910713e-17f,0f,0.9830430348302898f,0.18337500285386146f,1.2028249840371041f,-1.2246467991473532e-16f,0.18337500285386146f,-0.9830430348302898f,0.22549148726095697f,0f,0f,0f,1f],start_interpolation:0}
execute if entity @s[tag=aj.agatha.bone.leftarm] run data modify entity @s {} merge value {transformation:[-0.8970521202937448f,0.34804572174850323f,0.27232640167464517f,0.3125f,0.43991601736159835f,0.6445899458288802f,0.6252820958615647f,1.0310499893580694f,0.04208789784732178f,0.6807113759214581f,-0.7313416653971718f,0.15032765817397126f,0f,0f,0f,1f],start_interpolation:0}
execute if entity @s[tag=aj.agatha.bone.cane] run data modify entity @s {} merge value {transformation:[-9.960414830987046e-17f,-2.4356540167890626e-18f,1f,-0.32812500000000006f,0.019888624364876928f,0.9998022017483623f,4.416161739601449e-18f,0.5922699310311275f,-0.9998022017483623f,0.019888624364876928f,-9.953600497565624e-17f,0.4622013522787326f,0f,0f,0f,1f],start_interpolation:0}
execute if entity @s[tag=aj.agatha.bone.rightarm] run data modify entity @s {} merge value {transformation:[-1f,8.659560562354934e-17f,8.659560562354934e-17f,-0.34375f,0f,0.7071067811865476f,-0.7071067811865477f,1.0561045990537312f,-1.2246467991473532e-16f,-0.7071067811865477f,-0.7071067811865476f,0.09306932661429301f,0f,0f,0f,1f],start_interpolation:0}
execute if entity @s[tag=aj.agatha.bone.torso] run data modify entity @s {} merge value {transformation:[-1.0104166666666665f,-4.960426023441368e-17f,1.1336265915834248e-16f,4.6024571351517853e-17f,0f,0.9256763602147982f,0.4050495234132004f,-0.1713749733951737f,-1.2374035366384712e-16f,0.4050495234132004f,-0.9256763602147982f,-0.3758191454349283f,0f,0f,0f,1f],start_interpolation:0}