execute if entity @s[tag=aj.uncle_alphon.bone.head] run data modify entity @s {} merge value {transformation:[-0.9992358731520469f,-0.039085416795353524f,1.2246467991473532e-16f,-0.21437122404680553f,-0.039085416795353524f,0.9992358731520469f,0f,1.3744746627920321f,-1.2237110136488648e-16f,-4.786583057176989e-18f,-1f,-0.12500000000000003f,0f,0f,0f,1f],start_interpolation:0}
execute if entity @s[tag=aj.uncle_alphon.bone.basket] run data modify entity @s {} merge value {transformation:[-0.9999962084556969f,0.0027513657727700185f,-0.00011428304741496508f,-0.2196025476011416f,0.0027537382283900555f,0.9991346717270732f,-0.041500899732457165f,-2.424331062362009f,-1.223557953672273e-16f,-0.04150105708555373f,-0.9991384600048091f,0.4026028366789513f,0f,0f,0f,1f],start_interpolation:0}
execute if entity @s[tag=aj.uncle_alphon.bone.leftarm] run data modify entity @s {} merge value {transformation:[-0.9999962084556969f,0.0027513657727700185f,-0.00011428304741496508f,-0.20948554694738636f,0.0027537382283900555f,0.9991346717270732f,-0.041500899732457165f,1.2495701786480264f,-1.223557953672273e-16f,-0.04150105708555373f,-0.9991384600048091f,0.24999999999999997f,0f,0f,0f,1f],start_interpolation:0}
execute if entity @s[tag=aj.uncle_alphon.bone.righarm] run data modify entity @s {} merge value {transformation:[-0.9989611649103859f,-0.04553036799582363f,-0.0018911877351931064f,-0.20948554694738628f,-0.045569628052957216f,0.9981005199131731f,0.04145794433119719f,1.2495701786480264f,-1.2233745930800152e-16f,0.04150105708555373f,-0.9991384600048091f,-0.5f,0f,0f,0f,1f],start_interpolation:0}
execute if entity @s[tag=aj.uncle_alphon.bone.torso] run data modify entity @s {} merge value {transformation:[-0.9992358731520469f,-0.039085416795353524f,1.2246467991473532e-16f,-0.18627858072514517f,-0.039085416795353524f,0.9992358731520469f,0f,0.6562738789639986f,-1.2237110136488648e-16f,-4.786583057176989e-18f,-1f,-0.12500000000000003f,0f,0f,0f,1f],start_interpolation:0}