execute if entity @s[tag=aj.uncle_alphon.bone.head] run data modify entity @s {} merge value {transformation:[-0.9994149479166323f,-0.03420178183655268f,1.2246467991473532e-16f,-0.21101372501262994f,-0.03420178183655268f,0.9994149479166323f,0f,1.3745977766926847f,-1.2239303169861225e-16f,-4.188510265127032e-18f,-1f,-0.12500000000000003f,0f,0f,0f,1f],start_interpolation:0}
execute if entity @s[tag=aj.uncle_alphon.bone.basket] run data modify entity @s {} merge value {transformation:[-0.9999844036286483f,0.0055807569036073045f,-0.00021829301316299345f,-0.22725940931804256f,0.005585024570828344f,0.9992202886983013f,-0.03908480720467874f,-2.4245451535270464f,-1.224627699101099e-16f,-0.03908541679535351f,-0.9992358731520469f,0.39372032653178596f,0f,0f,0f,1f],start_interpolation:0}
execute if entity @s[tag=aj.uncle_alphon.bone.leftarm] run data modify entity @s {} merge value {transformation:[-0.9999844036286483f,0.0055807569036073045f,-0.00021829301316299345f,-0.2067385022830609f,0.005585024570828344f,0.9992202886983013f,-0.03908480720467874f,1.2496709082031057f,-1.224627699101099e-16f,-0.03908541679535351f,-0.9992358731520469f,0.24999999999999997f,0f,0f,0f,1f],start_interpolation:0}
execute if entity @s[tag=aj.uncle_alphon.bone.righarm] run data modify entity @s {} merge value {transformation:[-0.999017526045259f,-0.044282980222761475f,-0.0017321423153945745f,-0.20673850228306082f,-0.044316843913011945f,0.9982541499320321f,0.03904701639134187f,1.2496709082031057f,-1.2234436155634342e-16f,0.039085416795353496f,-0.9992358731520469f,-0.5f,0f,0f,0f,1f],start_interpolation:0}
execute if entity @s[tag=aj.uncle_alphon.bone.torso] run data modify entity @s {} merge value {transformation:[-0.9994149479166323f,-0.03420178183655268f,1.2246467991473532e-16f,-0.1864311943176077f,-0.03420178183655268f,0.9994149479166323f,0f,0.6562682828776052f,-1.2239303169861225e-16f,-4.188510265127032e-18f,-1f,-0.12500000000000003f,0f,0f,0f,1f],start_interpolation:0}