execute if entity @s[tag=aj.uncle_alphon.bone.head] run data modify entity @s {} merge value {transformation:[-0.999061970190891f,-0.043303345347619614f,1.2246467991473532e-16f,-0.21727104992648846f,-0.043303345347619614f,0.999061970190891f,0f,1.3743551045062374f,-1.223498043944123e-16f,-5.303130327233479e-18f,-1f,-0.12500000000000003f,0f,0f,0f,1f],start_interpolation:0}
execute if entity @s[tag=aj.uncle_alphon.bone.basket] run data modify entity @s {} merge value {transformation:[-0.9989178818685012f,-0.04650465421901017f,0.0006184006123681816f,-0.040856652495353696f,-0.04650876566140062f,0.9988295760778467f,-0.01328204309592255f,-2.423307020714378f,-1.2233215866413137e-16f,-0.013296431405430601f,-0.9999115985485321f,0.2988920835436289f,0f,0f,0f,1f],start_interpolation:0}
execute if entity @s[tag=aj.uncle_alphon.bone.leftarm] run data modify entity @s {} merge value {transformation:[-0.9989178818685012f,-0.04650465421901017f,0.0006184006123681816f,-0.21185813175803606f,-0.04650876566140062f,0.9988295760778467f,-0.01328204309592255f,1.2494723582323761f,-1.2233215866413137e-16f,-0.013296431405430601f,-0.9999115985485321f,0.24999999999999997f,0f,0f,0f,1f],start_interpolation:0}
execute if entity @s[tag=aj.uncle_alphon.bone.righarm] run data modify entity @s {} merge value {transformation:[-0.9999570784021459f,-0.009264241853224305f,-0.00012319224669801146f,-0.21185813175803597f,-0.009265060898055635f,0.9998686807450095f,0.013295860701348916f,1.2494723582323761f,-1.2245942353499268e-16f,0.013296431405430591f,-0.9999115985485321f,-0.5f,0f,0f,0f,1f],start_interpolation:0}
execute if entity @s[tag=aj.uncle_alphon.bone.torso] run data modify entity @s {} merge value {transformation:[-0.999061970190891f,-0.043303345347619614f,1.2246467991473532e-16f,-0.18614677045788686f,-0.043303345347619614f,0.999061970190891f,0f,0.6562793134315347f,-1.223498043944123e-16f,-5.303130327233479e-18f,-1f,-0.12500000000000003f,0f,0f,0f,1f],start_interpolation:0}