execute if entity @s[tag=aj.uncle_alphon.bone.head] run data modify entity @s {} merge value {transformation:[-0.999100767101245f,-0.04239878745558411f,1.2246467991473532e-16f,-0.21664916637571405f,-0.04239878745558411f,0.999100767101245f,0f,1.3743817773821059f,-1.2235455564562048e-16f,-5.192353934521004e-18f,-1f,-0.12500000000000003f,0f,0f,0f,1f],start_interpolation:0}
execute if entity @s[tag=aj.uncle_alphon.bone.basket] run data modify entity @s {} merge value {transformation:[-0.9999997139981028f,0.0007556076544805776f,-0.00003256969491784357f,-0.21412775009917748f,0.0007563092704288982f,0.9990720303439579f,-0.04306397776203508f,-2.424176721942805f,-1.2257306510685306e-16f,-0.04306399007841795f,-0.9990723160805357f,0.4083498712125181f,0f,0f,0f,1f],start_interpolation:0}
execute if entity @s[tag=aj.uncle_alphon.bone.leftarm] run data modify entity @s {} merge value {transformation:[-0.9999997139981028f,0.0007556076544805776f,-0.00003256969491784357f,-0.2113493179437661f,0.0007563092704288982f,0.9990720303439579f,-0.04306397776203508f,1.2494941814944505f,-1.2257306510685306e-16f,-0.04306399007841795f,-0.9990723160805357f,0.24999999999999997f,0f,0f,0f,1f],start_interpolation:0}
execute if entity @s[tag=aj.uncle_alphon.bone.righarm] run data modify entity @s {} merge value {transformation:[-0.9989649907982094f,-0.04544348448395488f,-0.0019587949074828504f,-0.211349317943766f,-0.04548568081861618f,0.9980382670401383f,0.04301941845242097f,1.2494941814944505f,-1.2232437531697317e-16f,0.043063990078417935f,-0.9990723160805357f,-0.5f,0f,0f,0f,1f],start_interpolation:0}
execute if entity @s[tag=aj.uncle_alphon.bone.torso] run data modify entity @s {} merge value {transformation:[-0.999100767101245f,-0.04239878745558411f,1.2246467991473532e-16f,-0.18617503789201298f,-0.04239878745558411f,0.999100767101245f,0f,0.6562781010280861f,-1.2235455564562048e-16f,-5.192353934521004e-18f,-1f,-0.12500000000000003f,0f,0f,0f,1f],start_interpolation:0}