execute if entity @s[tag=aj.melissa.bone.head] run data modify entity @s {} merge value {transformation:[-0.9996354943985579f,0.02340169547452023f,-0.013462503016471046f,-0.24999999999999997f,0.022536676391830383f,0.997873088264951f,0.06116696766866258f,1.3749999983246042f,0.014865280211304049f,0.06084127189241788f,-0.9980367543726796f,-0.2500479965543909f,0f,0f,0f,1f],start_interpolation:0}
execute if entity @s[tag=aj.melissa.bone.broom] run data modify entity @s {} merge value {transformation:[-0.9862790942115803f,0.031287353839000026f,0.16209457057822124f,-0.7719240940015661f,0.0331139394520044f,0.9994147661584052f,0.008578589540785775f,0.6877951726792432f,-0.161731305983578f,0.01382847331752507f,-0.9867379378490285f,-0.0228581844178484f,0f,0f,0f,1f],start_interpolation:0}
execute if entity @s[tag=aj.melissa.bone.rightarm] run data modify entity @s {} merge value {transformation:[-0.9238795325112867f,0.3649716762170987f,-0.11507512748638361f,-0.59375f,0.3826834314325134f,0.8810985752330192f,-0.27788251479605647f,1.2812499985530672f,-0.00002671634352882651f,-0.3007673125218646f,-0.9536975532130783f,-0.2500414515697013f,0f,0f,0f,1f],start_interpolation:0}
execute if entity @s[tag=aj.melissa.bone.leftarm] run data modify entity @s {} merge value {transformation:[-0.9923750224828832f,-0.12325508002551865f,1.2246467961629632e-16f,0.09375000000000003f,-0.1232550797251535f,0.9923750200645255f,-0.00006981317002306308f,1.2812499985530672f,0.00000860482785790625f,-0.00006928084617125367f,-0.9999999975630607f,-0.2500414515697012f,0f,0f,0f,1f],start_interpolation:0}
execute if entity @s[tag=aj.melissa.bone.torso] run data modify entity @s {} merge value {transformation:[-1f,8.549647520707415e-21f,1.2246467961629632e-16f,-0.24999999999999997f,0f,0.9999999975630607f,-0.00006981317002306308f,0.7187499999238457f,-1.2246467991473532e-16f,-0.00006981317002306308f,-0.9999999975630607f,-0.2500021816615633f,0f,0f,0f,1f],start_interpolation:0}