execute if entity @s[tag=aj.melissa.bone.head] run data modify entity @s {} merge value {transformation:[-0.9970648866723084f,0.07521976122661526f,-0.014268822171002539f,-0.24999999999999997f,0.07070643752194174f,0.97616368689555f,0.20519516582863812f,1.3747957019209731f,0.029363437436588695f,0.20358399717929093f,-0.9786170571957196f,-0.23324087946946637f,0f,0f,0f,1f],start_interpolation:0}
execute if entity @s[tag=aj.melissa.bone.broom] run data modify entity @s {} merge value {transformation:[-0.9862790942115803f,0.031287353839000026f,0.16209457057822124f,-0.7719240940015661f,0.037057838752950586f,0.9987780154882154f,0.03269850706657157f,0.6822422177854252f,-0.16087344376293142f,0.03825672839090563f,-0.986233318147729f,-0.022918853184482002f,0f,0f,0f,1f],start_interpolation:0}
execute if entity @s[tag=aj.melissa.bone.rightarm] run data modify entity @s {} merge value {transformation:[-0.9238795325112867f,0.3649716762170987f,-0.11507512748638361f,-0.59375f,0.38256971383402405f,0.8881880123543872f,-0.25448471224597363f,1.2810735607499315f,0.009328636753519708f,-0.27913747557295915f,-0.9602058353639997f,-0.23552621408726646f,0f,0f,0f,1f],start_interpolation:0}
execute if entity @s[tag=aj.melissa.bone.leftarm] run data modify entity @s {} merge value {transformation:[-0.9947197396201523f,-0.1026286490704055f,1.2242828820730954e-16f,0.09375000000000003f,-0.10259815185461174f,0.9944241478645529f,0.024376902589867192f,1.2810735607499315f,-0.002501768581319061f,0.024248186196938495f,-0.999702839157779f,-0.23552621408726637f,0f,0f,0f,1f],start_interpolation:0}
execute if entity @s[tag=aj.melissa.bone.torso] run data modify entity @s {} merge value {transformation:[-1f,-2.985309572980768e-18f,1.2242828820730954e-16f,-0.24999999999999997f,0f,0.999702839157779f,0.024376902589867192f,0.7187407137236806f,-1.2246467991473532e-16f,0.024376902589867192f,-0.999702839157779f,-0.2492382217940667f,0f,0f,0f,1f],start_interpolation:0}