execute if entity @s[tag=aj.melissa.bone.head] run data modify entity @s {} merge value {transformation:[-0.9988140958133129f,0.04848533965902254f,0.004424233581462827f,-0.24999999999999997f,0.048684181916589665f,0.9955664349047908f,0.08048182479341137f,1.3748769609265459f,-0.0005024298423965092f,0.08060177125295809f,-0.9967462575977596f,-0.2369937096993183f,0f,0f,0f,1f],start_interpolation:0}
execute if entity @s[tag=aj.melissa.bone.broom] run data modify entity @s {} merge value {transformation:[-0.9862790942115803f,0.031287353839000026f,0.16209457057822124f,-0.7719240940015661f,0.03617893004938663f,0.9989720069465783f,0.027313263400905258f,0.6834821413404965f,-0.1610733787491475f,0.032802908817341964f,-0.9863971491399672f,-0.02289353086127424f,0f,0f,0f,1f],start_interpolation:0}
execute if entity @s[tag=aj.melissa.bone.rightarm] run data modify entity @s {} merge value {transformation:[-0.9238795325112867f,0.3649716762170987f,-0.11507512748638361f,-0.59375f,0.3826149450706251f,0.8866507048422807f,-0.2597235673004845f,1.281143738982017f,0.007239697184875045f,-0.28398275152193325f,-0.9588020565386284f,-0.23876729474032038f,0f,0f,0f,1f],start_interpolation:0}
execute if entity @s[tag=aj.melissa.bone.leftarm] run data modify entity @s {} merge value {transformation:[-0.9936898569964848f,-0.11216268587326886f,1.224427629100116e-16f,0.09375000000000003f,-0.11214261257443837f,0.9935120203720404f,0.01891824043735529f,1.281143738982017f,-0.0021219206594501757f,0.01879886363482068f,-0.999821034074976f,-0.2387672947403203f,0f,0f,0f,1f],start_interpolation:0}
execute if entity @s[tag=aj.melissa.bone.torso] run data modify entity @s {} merge value {transformation:[-1f,-2.316816259710718e-18f,1.224427629100116e-16f,-0.24999999999999997f,0f,0.999821034074976f,0.01891824043735529f,0.718744407314843f,-1.2246467991473532e-16f,0.01891824043735529f,-0.999821034074976f,-0.2494088049863327f,0f,0f,0f,1f],start_interpolation:0}