execute if entity @s[tag=aj.melissa.bone.head] run data modify entity @s {} merge value {transformation:[-0.9969688515782574f,0.07734148834639447f,0.008450039236302208f,-0.24999999999999997f,0.07757804610834593f,0.9799919854147965f,0.18329581360406583f,1.3746697456159358f,0.005895400303785018f,0.18339575432143904f,-0.9830214858039108f,-0.22869294224605136f,0f,0f,0f,1f],start_interpolation:0}
execute if entity @s[tag=aj.melissa.bone.broom] run data modify entity @s {} merge value {transformation:[-0.9862790942115803f,0.031287353839000026f,0.16209457057822124f,-0.7719240940015661f,0.038121636541157355f,0.9985029742987916f,0.03922436926058151f,0.6807395821624563f,-0.1606246841198719f,0.04486548569022478f,-0.9859953341903661f,-0.02295861993123688f,0f,0f,0f,1f],start_interpolation:0}
execute if entity @s[tag=aj.melissa.bone.rightarm] run data modify entity @s {} merge value {transformation:[-0.9238795325112867f,0.3649716762170987f,-0.11507512748638361f,-0.59375f,0.382499602719639f,0.8900158065848639f,-0.24812480317052635f,1.2809647803046718f,0.011860157083465031f,-0.2732536177040945f,-0.9618689084722408f,-0.23159845012158986f,0f,0f,0f,1f],start_interpolation:0}
execute if entity @s[tag=aj.melissa.bone.leftarm] run data modify entity @s {} merge value {transformation:[-0.9949510169813002f,-0.10036171485121488f,1.2240585155483006e-16f,0.09375000000000003f,-0.1003135040929286f,0.9944730723481551f,0.030992084005743565f,1.2809647803046718f,-0.003110418697629455f,0.030835605499884434f,-0.9995196299868156f,-0.23159845012158978f,0f,0f,0f,1f],start_interpolation:0}
execute if entity @s[tag=aj.melissa.bone.torso] run data modify entity @s {} merge value {transformation:[-1f,-3.795435647653974e-18f,1.2240585155483006e-16f,-0.24999999999999997f,0f,0.9995196299868156f,0.030992084005743565f,0.7187349884370879f,-1.2246467991473532e-16f,0.030992084005743565f,-0.9995196299868156f,-0.24903149737482058f,0f,0f,0f,1f],start_interpolation:0}