execute if entity @s[tag=aj.melissa.bone.head] run data modify entity @s {} merge value {transformation:[-0.9961496303590249f,0.08727110523857483f,0.008346743437742823f,-0.24999999999999997f,0.08694545416808203f,0.9712271993010476f,0.22171652021748173f,1.374588912574827f,0.011242861516707095f,0.22158854105815273f,-0.975075441459088f,-0.2262286681748417f,0f,0f,0f,1f],start_interpolation:0}
execute if entity @s[tag=aj.melissa.bone.broom] run data modify entity @s {} merge value {transformation:[-0.9862790942115803f,0.031287353839000026f,0.16209457057822124f,-0.7719240940015661f,0.03869744301807192f,0.9983356510363869f,0.04276021250668324f,0.6799253824330896f,-0.16048693474874465f,0.04844614906787578f,-0.9858483222156669f,-0.022984325031107616f,0f,0f,0f,1f],start_interpolation:0}
execute if entity @s[tag=aj.melissa.bone.rightarm] run data modify entity @s {} merge value {transformation:[-0.9238795325112867f,0.3649716762170987f,-0.11507512748638361f,-0.59375f,0.3824546085878281f,0.8909900581198577f,-0.24467363711994772f,1.280894969950987f,0.013231847061441484f,-0.2700599783212128f,-0.9627525779412324f,-0.22947021342372695f,0f,0f,0f,1f],start_interpolation:0}
execute if entity @s[tag=aj.melissa.bone.leftarm] run data modify entity @s {} merge value {transformation:[-0.9953027957931658f,-0.09681087070317909f,1.223914527293669e-16f,0.09375000000000003f,-0.09675298309362836f,0.994707659118853f,0.034576482654775816f,1.280894969950987f,-0.0033473793916623377f,0.03441406985499226f,-0.9994020546542938f,-0.22947021342372687f,0f,0f,0f,1f],start_interpolation:0}
execute if entity @s[tag=aj.melissa.bone.torso] run data modify entity @s {} merge value {transformation:[-1f,-4.234397880894518e-18f,1.223914527293669e-16f,-0.24999999999999997f,0f,0.9994020546542938f,0.034576482654775816f,0.7187313142079467f,-1.2246467991473532e-16f,0.034576482654775816f,-0.9994020546542938f,-0.2489194849170383f,0f,0f,0f,1f],start_interpolation:0}