execute if entity @s[tag=aj.melissa.bone.head] run data modify entity @s {} merge value {transformation:[-0.9992787203873306f,0.03469422497445285f,-0.015438579419144581f,-0.24999999999999997f,0.03309040994183082f,0.9950031655519131f,0.09420045282032198f,1.374991936286519f,0.018629647096517057f,0.09362163903229943f,-0.9954335361810778f,-0.24667020405837042f,0f,0f,0f,1f],start_interpolation:0}
execute if entity @s[tag=aj.melissa.bone.broom] run data modify entity @s {} merge value {transformation:[-0.9862790942115803f,0.031287353839000026f,0.16209457057822124f,-0.7719240940015661f,0.0339081502516832f,0.9993347622285293f,0.013426479365717281f,0.6866791868759096f,-0.16156666013659507f,0.018738582961418615f,-0.9866838803998493f,-0.02285947570131383f,0f,0f,0f,1f],start_interpolation:0}
execute if entity @s[tag=aj.melissa.bone.rightarm] run data modify entity @s {} merge value {transformation:[-0.9238795325112867f,0.3649716762170987f,-0.11507512748638361f,-0.59375f,0.38267894385664963f,0.882565656212713f,-0.27319349992740016f,1.2812430358838118f,0.0018534658036626882f,-0.2964347112487073f,-0.9550513214646689f,-0.24712426714131996f,0f,0f,0f,1f],start_interpolation:0}
execute if entity @s[tag=aj.melissa.bone.leftarm] run data modify entity @s {} merge value {transformation:[-0.9928819393903048f,-0.11910270539558358f,1.224632435218766e-16f,0.09375000000000003f,-0.11910130843545104f,0.9928702938405161f,0.004843339551461293f,1.2812430358838118f,-0.0005768548437285938f,0.004808864366980642f,-0.9999882709622094f,-0.24712426714131988f,0f,0f,0f,1f],start_interpolation:0}
execute if entity @s[tag=aj.melissa.bone.torso] run data modify entity @s {} merge value {transformation:[-1f,-5.93138027888085e-19f,1.224632435218766e-16f,-0.24999999999999997f,0f,0.9999882709622094f,0.004843339551461293f,0.718749633467569f,-1.2246467991473532e-16f,0.004843339551461293f,-0.9999882709622094f,-0.2498486456390169f,0f,0f,0f,1f],start_interpolation:0}