execute if entity @s[tag=aj.melissa.bone.head] run data modify entity @s {} merge value {transformation:[-0.9946335258258118f,0.10314705742631977f,-0.008051946820851124f,-0.24999999999999997f,0.09721549880501336f,0.9583886081842992f,0.268403469602489f,1.3745402244067115f,0.03540192219932091f,0.26618031528806424f,-0.963272933107611f,-0.2248607866635494f,0f,0f,0f,1f],start_interpolation:0}
execute if entity @s[tag=aj.melissa.bone.broom] run data modify entity @s {} merge value {transformation:[-0.9862790942115803f,0.031287353839000026f,0.16209457057822124f,-0.7719240940015661f,0.03901688053614526f,0.9982372208106115f,0.044722857931203286f,0.6794734308450869f,-0.1604095737617082f,0.0504336443067486f,-0.9857612368964035f,-0.02299985528535864f,0f,0f,0f,1f],start_interpolation:0}
execute if entity @s[tag=aj.melissa.bone.rightarm] run data modify entity @s {} merge value {transformation:[-0.9238795325112867f,0.3649716762170987f,-0.11507512748638361f,-0.59375f,0.3824275072710426f,0.8915259560190529f,-0.24275640347222627f,1.2808529210785236f,0.01399325155861978f,-0.2682855667075569f,-0.9632377918287998f,-0.2282888612094291f,0f,0f,0f,1f],start_interpolation:0}
execute if entity @s[tag=aj.melissa.bone.leftarm] run data modify entity @s {} merge value {transformation:[-0.9957115327720132f,-0.09251239649262195f,1.2238277988438669e-16f,0.09375000000000003f,-0.09245052748609986f,0.995045636247323f,0.03656612848938278f,1.2808529210785236f,-0.003382820177010061f,0.036409315845701694f,-0.9993312355006712f,-0.228288861209429f,0f,0f,0f,1f],start_interpolation:0}
execute if entity @s[tag=aj.melissa.bone.torso] run data modify entity @s {} merge value {transformation:[-1f,-4.4780592211733465e-18f,1.2238277988438669e-16f,-0.24999999999999997f,0f,0.9993312355006712f,0.03656612848938278f,0.7187291011093959f,-1.2246467991473532e-16f,0.03656612848938278f,-0.9993312355006712f,-0.24885730848470686f,0f,0f,0f,1f],start_interpolation:0}