execute if entity @s[tag=aj.melissa.bone.head] run data modify entity @s {} merge value {transformation:[-0.9982961813004944f,0.058080814875695844f,0.005599405702894403f,-0.24999999999999997f,0.058345258181210766f,0.9923700766331831f,0.10861612150513415f,1.3748175165133536f,0.0007518301791741828f,0.10875775809764264f,-0.9940679980790834f,-0.23416076094264637f,0f,0f,0f,1f],start_interpolation:0}
execute if entity @s[tag=aj.melissa.bone.broom] run data modify entity @s {} merge value {transformation:[-0.9862790942115803f,0.031287353839000026f,0.16209457057822124f,-0.7719240940015661f,0.036842494910513474f,0.9988283231875081f,0.031378517606787476f,0.6825461445629264f,-0.16092289734513707f,0.036919944314474484f,-0.986276198040824f,-0.022912019628569286f,0f,0f,0f,1f],start_interpolation:0}
execute if entity @s[tag=aj.melissa.bone.rightarm] run data modify entity @s {} merge value {transformation:[-0.9238795325112867f,0.3649716762170987f,-0.11507512748638361f,-0.59375f,0.38258185650033355f,0.8878136233659208f,-0.2557696096932413f,1.281092400625169f,0.008816602717846131f,-0.28032596334473925f,-0.9598643767696349f,-0.23632065717774012f,0f,0f,0f,1f],start_interpolation:0}
execute if entity @s[tag=aj.melissa.bone.leftarm] run data modify entity @s {} merge value {transformation:[-0.9941341969476399f,-0.10815358736200596f,1.2243217405032531e-16f,0.09375000000000003f,-0.1081248800984203f,0.9938703233847985f,0.023038893174332623f,1.281092400625169f,-0.002491738945654228f,0.022903751564427612f,-0.9997345694739688f,-0.23632065717774003f,0f,0f,0f,1f],start_interpolation:0}
execute if entity @s[tag=aj.melissa.bone.torso] run data modify entity @s {} merge value {transformation:[-1f,-2.821450678184425e-18f,1.2243217405032531e-16f,-0.24999999999999997f,0f,0.9997345694739688f,0.023038893174332623f,0.7187417052960615f,-1.2246467991473532e-16f,0.023038893174332623f,-0.9997345694739688f,-0.24928003458830217f,0f,0f,0f,1f],start_interpolation:0}