execute if entity @s[tag=aj.melissa.bone.head] run data modify entity @s {} merge value {transformation:[-0.9961687827157306f,0.08660083318542144f,-0.012167663467167675f,-0.24999999999999997f,0.08140215737285371f,0.9690901968877861f,0.23289027259857184f,1.3746970164134988f,0.0319600550328781f,0.2310075453044397f,-0.9724268964270336f,-0.22959140787841326f,0f,0f,0f,1f],start_interpolation:0}
execute if entity @s[tag=aj.melissa.bone.broom] run data modify entity @s {} merge value {transformation:[-0.9862790942115803f,0.031287353839000026f,0.16209457057822124f,-0.7719240940015661f,0.037911593499360866f,0.9985607807095472f,0.03793518560754164f,0.6810364356172027f,-0.1606743893703161f,0.04355994396796928f,-0.9860457757538355f,-0.022949975009170787f,0f,0f,0f,1f],start_interpolation:0}
execute if entity @s[tag=aj.melissa.bone.rightarm] run data modify entity @s {} merge value {transformation:[-0.9238795325112867f,0.3649716762170987f,-0.11507512748638361f,-0.59375f,0.3825147824758787f,0.8896577775043292f,-0.2493821968655514f,1.2809883323571127f,0.01136004375684056f,-0.2744170448156214f,-0.9615436729137703f,-0.23237439771317514f,0f,0f,0f,1f],start_interpolation:0}
execute if entity @s[tag=aj.melissa.bone.leftarm] run data modify entity @s {} merge value {transformation:[-0.9951675357461576f,-0.09819152609528049f,1.224107093140949e-16f,0.09375000000000003f,-0.09814825275602178f,0.9947289620310306f,0.029685224904126246f,1.2809883323571127f,-0.0029148375358179044f,0.029541772115909772f,-0.9995592966014529f,-0.23237439771317506f,0f,0f,0f,1f],start_interpolation:0}
execute if entity @s[tag=aj.melissa.bone.torso] run data modify entity @s {} merge value {transformation:[-1f,-3.6353915660807505e-18f,1.224107093140949e-16f,-0.24999999999999997f,0f,0.9995592966014529f,0.029685224904126246f,0.7187362280187954f,-1.2246467991473532e-16f,0.029685224904126246f,-0.9995592966014529f,-0.2490723367217461f,0f,0f,0f,1f],start_interpolation:0}