execute if entity @s[tag=aj.melissa.bone.head] run data modify entity @s {} merge value {transformation:[-0.9999267844385127f,0.012021183275839575f,0.0013845270328985426f,-0.24999999999999997f,0.0120403587866544f,0.9998180876529575f,0.014792611746129284f,1.374993428319821f,-0.0012064504734078864f,0.014808198898980348f,-0.9998896247699661f,-0.2469940031505123f,0f,0f,0f,1f],start_interpolation:0}
execute if entity @s[tag=aj.melissa.bone.broom] run data modify entity @s {} merge value {transformation:[-0.9862790942115803f,0.031287353839000026f,0.16209457057822124f,-0.7719240940015661f,0.03383205093907411f,0.999343476989222f,0.01296176409090627f,0.686786166856875f,-0.16158261246322458f,0.018267908715712877f,-0.9866900946400109f,-0.022859114303235784f,0f,0f,0f,1f],start_interpolation:0}
execute if entity @s[tag=aj.melissa.bone.rightarm] run data modify entity @s {} merge value {transformation:[-0.9238795325112867f,0.3649716762170987f,-0.11507512748638361f,-0.59375f,0.3826797743678136f,0.8824259418779655f,-0.27364328493603596f,1.2812443244580272f,0.0016732293702407923f,-0.2968503539833945f,-0.9549225453634488f,-0.24740391181180613f,0f,0f,0f,1f],start_interpolation:0}
execute if entity @s[tag=aj.melissa.bone.leftarm] run data modify entity @s {} merge value {transformation:[-0.9919976060425169f,-0.12625668143078825f,1.224635092984304e-16f,0.09375000000000003f,-0.1262554745674707f,0.9919881237283275f,0.004372359053800381f,1.2812443244580272f,-0.0005520395441568188f,0.004337369714128287f,-0.9999904411924669f,-0.24740391181180604f,0f,0f,0f,1f],start_interpolation:0}
execute if entity @s[tag=aj.melissa.bone.torso] run data modify entity @s {} merge value {transformation:[-1f,-5.354595519959587e-19f,1.224635092984304e-16f,-0.24999999999999997f,0f,0.9999904411924669f,0.004372359053800381f,0.7187497012872646f,-1.2246467991473532e-16f,0.004372359053800381f,-0.9999904411924669f,-0.2498633637795688f,0f,0f,0f,1f],start_interpolation:0}