execute if entity @s[tag=aj.melissa.bone.head] run data modify entity @s {} merge value {transformation:[-0.9999851797709234f,0.003031406792160546f,-0.004522257331740627f,-0.24999999999999997f,0.003029706895633008f,0.9999953371979919f,0.0003826988384630194f,1.3749805421423287f,0.004523396361208328f,0.00036899205255676217f,-0.9999897013120808f,-0.25517244387982396f,0f,0f,0f,1f],start_interpolation:0}
execute if entity @s[tag=aj.melissa.bone.broom] run data modify entity @s {} merge value {transformation:[-0.9862790942115803f,0.031287353839000026f,0.16209457057822124f,-0.7719240940015661f,0.03190751588801194f,0.9994900767772388f,0.0012234597196180697f,0.6894882213159114f,-0.16197363597524445f,0.006378707830154373f,-0.9867744693370297f,-0.022866694452650382f,0f,0f,0f,1f],start_interpolation:0}
execute if entity @s[tag=aj.melissa.bone.rightarm] run data modify entity @s {} merge value {transformation:[-0.9238795325112867f,0.3649716762170987f,-0.11507512748638361f,-0.59375f,0.3826726015290749f,0.8788322563195876f,-0.28498341230884383f,1.2812331954865566f,-0.002879139749304584f,-0.3073264401438703f,-0.9515997949468044f,-0.2544671106234844f,0f,0f,0f,1f],start_interpolation:0}
execute if entity @s[tag=aj.melissa.bone.leftarm] run data modify entity @s {} merge value {transformation:[-0.9915759413021281f,-0.12952664834233327f,1.2246121387791853e-16f,0.09375000000000003f,-0.12952298243529603f,0.9915478773842572f,-0.007523554734289355f,1.2812331954865566f,0.0009745008283524724f,-0.007460175867591065f,-0.9999716976615689f,-0.2544671106234843f,0f,0f,0f,1f],start_interpolation:0}
execute if entity @s[tag=aj.melissa.bone.torso] run data modify entity @s {} merge value {transformation:[-1f,9.213697223557375e-19f,1.2246121387791853e-16f,-0.24999999999999997f,0f,0.9999716976615689f,-0.007523554734289355f,0.718749115551924f,-1.2246467991473532e-16f,-0.007523554734289355f,-0.9999716976615689f,-0.2502351110854466f,0f,0f,0f,1f],start_interpolation:0}