execute if entity @s[tag=aj.thaddeus.bone.rightarm] run data modify entity @s {} merge value {transformation:[-0.9956089548770553f,0.09240384909532717f,0.014977905093363303f,-0.3119712994597713f,0.08885958551290113f,0.8825875174055151f,0.46167439628210377f,1.4230866047228974f,0.029441179172940854f,0.46097809361436864f,-0.8869230035220471f,0.1868143902038868f,0f,0f,0f,1f],start_interpolation:0}
execute if entity @s[tag=aj.thaddeus.bone.leftarm] run data modify entity @s {} merge value {transformation:[-0.9969443827093499f,-0.0321418996352908f,0.07119547789086172f,0.3119712994597713f,-0.04426844990751568f,0.9834089913200497f,-0.17591776525885217f,1.410657415524393f,-0.06435994194418655f,-0.1785319413402478f,-0.9818269418763285f,0.22096330686890764f,0f,0f,0f,1f],start_interpolation:0}
execute if entity @s[tag=aj.thaddeus.bone.torso] run data modify entity @s {} merge value {transformation:[-0.9983081582712682f,-4.188538737676991e-17f,0.05814482891047592f,-1.1879999018953237e-17f,0.019886702717607417f,0.9396926207859084f,0.34144149937512347f,1.1232180661280489f,-0.05463826666403339f,0.34202014332566866f,-0.9381028095978815f,0.09700755374712575f,0f,0f,0f,1f],start_interpolation:0}
execute if entity @s[tag=aj.thaddeus.bone.head] run data modify entity @s {} merge value {transformation:[-1f,-6.162975822039155e-33f,1.2246467991473532e-16f,-2.7587019285241954e-17f,0f,1f,0f,1.4756027989227647f,-1.2246467991473532e-16f,0f,-1f,0.2252651074942515f,0f,0f,0f,1f],start_interpolation:0}
execute if entity @s[tag=aj.thaddeus.bone.leftleg] run data modify entity @s {} merge value {transformation:[-1f,-7.455177354798984e-17f,9.71577628780522e-17f,0.125f,0f,0.7933533402912352f,0.6087614290087207f,0.7708333333333333f,-1.2246467991473532e-16f,0.6087614290087207f,-0.7933533402912352f,-0.01041666666666665f,0f,0f,0f,1f],start_interpolation:0}
execute if entity @s[tag=aj.thaddeus.bone.rightleg] run data modify entity @s {} merge value {transformation:[-1f,-1.598484835071784e-17f,1.2141697760125282e-16f,-0.125f,0f,0.9914448613738104f,0.13052619222005163f,0.7708333333333333f,-1.2246467991473532e-16f,0.13052619222005163f,-0.9914448613738104f,0.01041666666666665f,0f,0f,0f,1f],start_interpolation:0}