execute if entity @s[tag=aj.agatha.bone.head] run data modify entity @s {} merge value {transformation:[-1f,-6.872925451942875e-17f,1.0136018646303963e-16f,-5.0084131717351325e-17f,0f,0.8276687330062066f,0.5612169530617378f,1.073701305460122f,-1.2246467991473532e-16f,0.5612169530617378f,-0.8276687330062066f,0.40896797143651414f,0f,0f,0f,1f],start_interpolation:0}
execute if entity @s[tag=aj.agatha.bone.leftarm] run data modify entity @s {} merge value {transformation:[-0.8803809234302445f,0.40054638757273087f,0.2539527929803995f,0.3125f,0.3726822316502257f,0.9154425239807091f,-0.15189779293997901f,0.9449675369734147f,-0.2933212980203067f,-0.039084225593771726f,-0.9552146562094919f,0.27264531429100947f,0f,0f,0f,1f],start_interpolation:0}
execute if entity @s[tag=aj.agatha.bone.cane] run data modify entity @s {} merge value {transformation:[-0.29569460199689923f,0.07295721836674036f,0.9524924916439408f,-0.14190641497312756f,0.23531643229243696f,0.9719178138253342f,-0.001392789338893311f,0.4877024406268242f,-0.9258460341995609f,0.2237252946297563f,-0.3045588834688201f,0.4333516367788022f,0f,0f,0f,1f],start_interpolation:0}
execute if entity @s[tag=aj.agatha.bone.rightarm] run data modify entity @s {} merge value {transformation:[-0.9389198146163231f,-0.3335751758208663f,-0.0846001406436628f,-0.34375f,-0.2502055092993854f,0.8304809551767052f,-0.49769326517949075f,0.990408422688583f,0.2362769240469423f,-0.4461266470015729f,-0.8632173712327907f,0.22973405812877368f,0f,0f,0f,1f],start_interpolation:0}
execute if entity @s[tag=aj.agatha.bone.torso] run data modify entity @s {} merge value {transformation:[-1.0104166666666665f,-8.996594030709404e-17f,8.495766421879995e-17f,8.34735528622522e-17f,0f,0.6937319746228119f,0.7346276523952198f,0.04383115756646305f,-1.2374035366384712e-16f,0.7346276523952198f,-0.6937319746228119f,-0.6816132857275236f,0f,0f,0f,1f],start_interpolation:0}