execute if entity @s[tag=aj.agatha.bone.head] run data modify entity @s {} merge value {transformation:[-1f,-3.8509064701060055e-17f,1.1625252583263793e-16f,-3.530131757781389e-17f,0f,0.9492739123931689f,0.31445037645034934f,1.170525956891167f,-1.2246467991473532e-16f,0.31445037645034934f,-0.9492739123931689f,0.28825713342322085f,0f,0f,0f,1f],start_interpolation:0}
execute if entity @s[tag=aj.agatha.bone.leftarm] run data modify entity @s {} merge value {transformation:[-0.8467203398949151f,0.5310568134951207f,0.03230057040747473f,0.3125f,0.5137759811792463f,0.8319182574262807f,-0.20963361878316022f,1.0095173045941113f,-0.13819879583969719f,-0.16090579169572883f,-0.9772463451081456f,0.19217142228214723f,0f,0f,0f,1f],start_interpolation:0}
execute if entity @s[tag=aj.agatha.bone.cane] run data modify entity @s {} merge value {transformation:[-0.19262145997090388f,-0.05168421486119558f,0.9799110750945004f,-0.19032699136211711f,-0.12730656854582975f,0.9914884650437931f,0.027270153835091307f,0.6386405388152759f,-0.9729799642149699f,-0.11949629960498918f,-0.19756169572301f,0.5375208755808965f,0f,0f,0f,1f],start_interpolation:0}
execute if entity @s[tag=aj.agatha.bone.rightarm] run data modify entity @s {} merge value {transformation:[-0.9701265964901058f,-0.24049046877907976f,-0.03191741231587849f,-0.34375f,-0.12432170460402225f,0.6058028920359968f,-0.7858415678526893f,1.041545874974469f,0.20832306772624476f,-0.7583977784957185f,-0.6176036828143802f,0.13850187151646198f,0f,0f,0f,1f],start_interpolation:0}
execute if entity @s[tag=aj.agatha.bone.torso] run data modify entity @s {} merge value {transformation:[-1.0104166666666665f,-6.341162601940642e-17f,1.0625742708361098e-16f,5.883552929635649e-17f,0f,0.8676577373785775f,0.5177952211491188f,-0.11754326148527827f,-1.2374035366384712e-16f,0.5177952211491188f,-0.8676577373785775f,-0.480428555705368f,0f,0f,0f,1f],start_interpolation:0}