execute if entity @s[tag=aj.agatha.bone.head] run data modify entity @s {} merge value {transformation:[-1f,-3.164113258099024e-17f,1.1830653640273124e-16f,-3.177974951152564e-17f,0f,0.9660461815202626f,0.2583694547931701f,1.186564425122858f,-1.2246467991473532e-16f,0.2583694547931701f,-0.9660461815202626f,0.2595013479286594f,0f,0f,0f,1f],start_interpolation:0}
execute if entity @s[tag=aj.agatha.bone.leftarm] run data modify entity @s {} merge value {transformation:[-0.9618302046254721f,0.1502350273177832f,0.2287183727577378f,0.3125f,0.2506596035916512f,0.8190142991853373f,0.5161253150710852f,1.0202096167485721f,-0.10978351696588536f,0.5537553740567902f,-0.8254105433696769f,0.17300089861910628f,0f,0f,0f,1f],start_interpolation:0}
execute if entity @s[tag=aj.agatha.bone.cane] run data modify entity @s {} merge value {transformation:[-0.05457334902992754f,0.04559845633645976f,0.99746805981715f,-0.2970506025524894f,0.06296787450369673f,0.9971255989783756f,-0.04213771045633652f,0.5667091595305135f,-0.9965223511573357f,0.060508847631956464f,-0.05728772121587894f,0.45229088841776127f,0f,0f,0f,1f],start_interpolation:0}
execute if entity @s[tag=aj.agatha.bone.rightarm] run data modify entity @s {} merge value {transformation:[-0.9982190652782118f,-0.05562513672586178f,-0.02155323361638202f,-0.34375f,-0.027520900553231514f,0.7499602124813995f,-0.6609101903644647f,1.0490430998517566f,0.05292728736514179f,-0.659139988059504f,-0.7501554361551241f,0.11754929582767759f,0f,0f,0f,1f],start_interpolation:0}
execute if entity @s[tag=aj.agatha.bone.torso] run data modify entity @s {} merge value {transformation:[-1.0104166666666665f,-5.708584634477754e-17f,1.0978561505021692e-16f,5.296624918587607e-17f,0f,0.8964675784614301f,0.4661413101681474f,-0.14427404187143011f,-1.2374035366384712e-16f,0.4661413101681474f,-0.8964675784614301f,-0.4325022465477657f,0f,0f,0f,1f],start_interpolation:0}