execute if entity @s[tag=aj.agatha.bone.head] run data modify entity @s {} merge value {transformation:[-1f,-2.116753092922119e-17f,1.2062144693618562e-16f,-2.6309832375549216e-17f,0f,0.9849488605218006f,0.17284600706063868f,1.207357390647021f,-1.2246467991473532e-16f,0.17284600706063868f,-0.9849488605218006f,0.2148360849337715f,0f,0f,0f,1f],start_interpolation:0}
execute if entity @s[tag=aj.agatha.bone.leftarm] run data modify entity @s {} merge value {transformation:[-0.9033798948374095f,0.33233217940311666f,0.27103521567635f,0.3125f,0.42839977200125223f,0.6706884660198672f,0.6055168180134987f,1.0340715937646805f,0.019452530756331354f,0.6631231439793759f,-0.7482575057866656f,0.14322405662251436f,0f,0f,0f,1f],start_interpolation:0}
execute if entity @s[tag=aj.agatha.bone.cane] run data modify entity @s {} merge value {transformation:[0.0007527413894050817f,0.0003110776454791626f,0.9999996683054946f,-0.3285453045215927f,-1.1708052866092642e-7f,0.9999999516153413f,-0.0003110776454791629f,0.5936757216417097f,-0.9999997166901533f,1.1708052921610701e-7f,0.0007527413894050817f,0.451971292141663f,0f,0f,0f,1f],start_interpolation:0}
execute if entity @s[tag=aj.agatha.bone.rightarm] run data modify entity @s {} merge value {transformation:[-0.9999996683054946f,0.0007522336535221346f,0.0003123034283344131f,-0.34375f,0.0003110776454791629f,0.7071066641849914f,-0.707106829761863f,1.057942269868433f,-0.0007527413894053037f,-0.7071064980677977f,-0.7071066636446699f,0.08546212432840095f,0f,0f,0f,1f],start_interpolation:0}
execute if entity @s[tag=aj.agatha.bone.torso] run data modify entity @s {} merge value {transformation:[-1.0104166666666665f,-4.726025445237544e-17f,1.1435971088609265e-16f,4.3849720625915363e-17f,0f,0.9338179054215004f,0.38590926367733025f,-0.17892898441170157f,-1.2374035366384712e-16f,0.38590926367733025f,-0.9338179054215004f,-0.35806014155628585f,0f,0f,0f,1f],start_interpolation:0}