execute if entity @s[tag=aj.agatha.bone.head] run data modify entity @s {} merge value {transformation:[-1f,-1.8510022352660572e-17f,1.2105774200406425e-16f,-2.4903535420227018e-17f,0f,0.988511480112873f,0.15114580273714817f,1.2119558029064115f,-1.2246467991473532e-16f,0.15114580273714817f,-0.988511480112873f,0.2033527988442531f,0f,0f,0f,1f],start_interpolation:0}
execute if entity @s[tag=aj.agatha.bone.leftarm] run data modify entity @s {} merge value {transformation:[-0.9058095969834675f,0.3158262884092862f,0.28242296217245244f,0.3125f,0.4225497661346275f,0.624641704385681f,0.656714882031558f,1.0371372019376075f,0.030994663286115817f,0.7141963992430695f,-0.6992587748151713f,0.13556853256283546f,0f,0f,0f,1f],start_interpolation:0}
execute if entity @s[tag=aj.agatha.bone.cane] run data modify entity @s {} merge value {transformation:[0.021261353174836746f,0.008243889478120145f,0.9997399627640416f,-0.339755833220646f,-0.00008764951893330636f,0.9999660147244174f,-0.008243889478120145f,0.5945143247162092f,-0.9997739480396238f,0.00008764951893397432f,0.021261353174836743f,0.4440018221284744f,0f,0f,0f,1f],start_interpolation:0}
execute if entity @s[tag=aj.agatha.bone.rightarm] run data modify entity @s {} merge value {transformation:[-0.9997399627640416f,0.020863357160460536f,0.00920473685379817f,-0.34375f,0.008243889478120145f,0.7070207723985171f,-0.7071447275369281f,1.0597319573647468f,-0.021261353174836965f,-0.7068849607432591f,-0.7070089158816709f,0.07729566557323408f,0f,0f,0f,1f],start_interpolation:0}
execute if entity @s[tag=aj.agatha.bone.torso] run data modify entity @s {} merge value {transformation:[-1.0104166666666665f,-4.473412844003741e-17f,1.1537128272479336e-16f,4.150589236704503e-17f,0f,0.9420780163318871f,0.36528187940541756f,-0.18659300484401908f,-1.2374035366384712e-16f,0.36528187940541756f,-0.9420780163318871f,-0.3389213314070885f,0f,0f,0f,1f],start_interpolation:0}