execute if entity @s[tag=aj.agatha.bone.head] run data modify entity @s {} merge value {transformation:[-1f,-6.787769951191694e-17f,1.019324076807199e-16f,-4.9686152609344216e-17f,0f,0.8323412738406633f,0.5542634787366941f,1.0771138749803741f,-1.2246467991473532e-16f,0.5542634787366941f,-0.8323412738406633f,0.40571822540129654f,0f,0f,0f,1f],start_interpolation:0}
execute if entity @s[tag=aj.agatha.bone.leftarm] run data modify entity @s {} merge value {transformation:[-0.7787834654666252f,0.5821164049716878f,-0.23374517102740716f,0.31249999999999994f,0.61477519075591f,0.6342065660042694f,-0.46886404902498846f,0.9472425833202495f,-0.12469073240152287f,-0.5088443010390411f,-0.8517803112031068f,0.2704788169341976f,0f,0f,0f,1f],start_interpolation:0}
execute if entity @s[tag=aj.agatha.bone.cane] run data modify entity @s {} merge value {transformation:[-0.2987699001354115f,-0.019734991735394815f,0.9541211017864973f,-0.10066570213436937f,0.033130931883881984f,0.9989689878133392f,0.03103711874027807f,0.5556593842259923f,-0.9537499085848351f,0.040883878098786686f,-0.2978080260604501f,0.5201417469336935f,0f,0f,0f,1f],start_interpolation:0}
execute if entity @s[tag=aj.agatha.bone.rightarm] run data modify entity @s {} merge value {transformation:[-0.916502421906898f,-0.3993577531975177f,-0.023166691602836208f,-0.34375000000000006f,-0.2885317540777152f,0.700055427115439f,-0.6532012139111939f,0.9923223861426157f,0.27707893735834066f,-0.5919761683777911f,-0.7568298874549827f,0.22718838638082273f,0f,0f,0f,1f],start_interpolation:0}
execute if entity @s[tag=aj.agatha.bone.torso] run data modify entity @s {} merge value {transformation:[-1.0104166666666665f,-8.925105190937756e-17f,8.570837099095722e-17f,8.281025434890703e-17f,0f,0.6998619606128944f,0.7287901456282547f,0.03814354169937617f,-1.2374035366384712e-16f,0.7287901456282547f,-0.6998619606128944f,-0.6761970423354943f,0f,0f,0f,1f],start_interpolation:0}