execute if entity @s[tag=aj.agatha.bone.head] run data modify entity @s {} merge value {transformation:[-1f,-6.580022455450645e-17f,1.0328566345430088e-16f,-4.8710028163246505e-17f,0f,0.8433914458128857f,0.537299608346824f,1.085247564417433f,-1.2246467991473532e-16f,0.537299608346824f,-0.8433914458128857f,0.39774756441743303f,0f,0f,0f,1f],start_interpolation:0}
execute if entity @s[tag=aj.agatha.bone.leftarm] run data modify entity @s {} merge value {transformation:[-0.7787834654666252f,0.5950930092979096f,-0.19839512141318322f,0.31249999999999994f,0.6121249053917052f,0.6518136874043103f,-0.44770751290501226f,0.9526650429449554f,-0.13711095548857355f,-0.47010980334082997f,-0.8718929743310565f,0.26516504294495535f,0f,0f,0f,1f],start_interpolation:0}
execute if entity @s[tag=aj.agatha.bone.cane] run data modify entity @s {} merge value {transformation:[-0.31787378774202646f,0.00262634725437543f,0.9481293990625098f,-0.10398293514632378f,0.08568627424187183f,0.9959836809220792f,0.02596862998797277f,0.5413121162774782f,-0.9442532062286488f,0.0894964224815996f,-0.3168221470950401f,0.48705179306838364f,0f,0f,0f,1f],start_interpolation:0}
execute if entity @s[tag=aj.agatha.bone.rightarm] run data modify entity @s {} merge value {transformation:[-0.916502421906898f,-0.39649660540539805f,-0.05304481634228202f,-0.34375000000000006f,-0.28286331561267397f,0.7361062613796471f,-0.6149275702375715f,0.9968592167691146f,0.2828633156126738f,-0.5485781747934151f,-0.7867975157694196f,0.2209708691207961f,0f,0f,0f,1f],start_interpolation:0}
execute if entity @s[tag=aj.agatha.bone.torso] run data modify entity @s {} merge value {transformation:[-1.0104166666666665f,-8.749764318212797e-17f,8.749764318212795e-17f,8.118338027207751e-17f,0f,0.7144724768239072f,0.7144724768239074f,0.024587392637611782f,-1.2374035366384712e-16f,0.7144724768239074f,-0.7144724768239072f,-0.6629126073623883f,0f,0f,0f,1f],start_interpolation:0}