execute if entity @s[tag=aj.agatha.bone.head] run data modify entity @s {} merge value {transformation:[-1f,-5.1523238443068513e-17f,1.110988466499868e-16f,-4.182081943710807e-17f,0f,0.9071909282524411f,0.4207191696327545f,1.134477454791844f,-1.2246467991473532e-16f,0.4207191696327545f,-0.9071909282524411f,0.34149290608708854f,0f,0f,0f,1f],start_interpolation:0}
execute if entity @s[tag=aj.agatha.bone.leftarm] run data modify entity @s {} merge value {transformation:[-0.7876126140320865f,0.602395222715023f,-0.129562208485583f,0.31249999999999994f,0.5822385027607306f,0.6587851785542594f,-0.47644560489123555f,0.9854849698612294f,-0.20165489361899058f,-0.45069067459550427f,-0.8696052091105267f,0.2276619373913924f,0f,0f,0f,1f],start_interpolation:0}
execute if entity @s[tag=aj.agatha.bone.cane] run data modify entity @s {} merge value {transformation:[-0.3214898847138337f,0.03860746174665607f,0.9461256353805059f,-0.11859437006576606f,0.04015814412126811f,0.9988254325033434f,-0.027112337509780832f,0.5774510239377709f,-0.9460610854947057f,0.0292783073620949f,-0.3226626771577236f,0.4699479239146225f,0f,0f,0f,1f],start_interpolation:0}
execute if entity @s[tag=aj.agatha.bone.rightarm] run data modify entity @s {} merge value {transformation:[-0.9238795325112867f,-0.37411129966372814f,-0.08054405546433802f,-0.34375000000000006f,-0.23232653765286454f,0.7155684555430674f,-0.6587762634870366f,1.023428626093128f,0.3040904294925414f,-0.5899173848053856f,-0.7480150331346398f,0.17799777574785414f,0f,0f,0f,1f],start_interpolation:0}
execute if entity @s[tag=aj.agatha.bone.torso] run data modify entity @s {} merge value {transformation:[-1.0104166666666665f,-7.512258306295337e-17f,9.832737481903825e-17f,6.970136572851344e-17f,0f,0.8029039465705344f,0.613422442415696f,-0.057462424653073274f,-1.2374035366384712e-16f,0.613422442415696f,-0.8029039465705344f,-0.5691548434784809f,0f,0f,0f,1f],start_interpolation:0}