execute if entity @s[tag=aj.agatha.bone.head] run data modify entity @s {} merge value {transformation:[-1f,-1.898879032562042e-17f,1.2098356776268503e-16f,-2.5157428241822266e-17f,0f,0.9879058014679702f,0.15505523991767384f,1.2111472211282763f,-1.2246467991473532e-16f,0.15505523991767384f,-0.9879058014679702f,0.20542599106401818f,0f,0f,0f,1f],start_interpolation:0}
execute if entity @s[tag=aj.agatha.bone.leftarm] run data modify entity @s {} merge value {transformation:[-0.9054049121226548f,0.31875006589620813f,0.2804288512177924f,0.3125f,0.42356436298579797f,0.6332352256410987f,0.64777031378082f,1.0365981474188508f,0.02889940332607102f,0.7052740917532913f,-0.7083454524375569f,0.13695066070934553f,0f,0f,0f,1f],start_interpolation:0}
execute if entity @s[tag=aj.agatha.bone.cane] run data modify entity @s {} merge value {transformation:[0.01754654769702627f,0.006883483392974444f,0.999822352380809f,-0.3377592203424855f,-0.00006039604944546431f,0.9999763067236624f,-0.006883483392974444f,0.5943695093942283f,-0.9998460456571467f,0.00006039604944541033f,0.017546547697026266f,0.4454548585575007f,0f,0f,0f,1f],start_interpolation:0}
execute if entity @s[tag=aj.agatha.bone.rightarm] run data modify entity @s {} merge value {transformation:[-0.999822352380809f,0.017274640648337846f,0.007539925077623416f,-0.34375f,0.006883483392974444f,0.7070473210540609f,-0.7071327339663005f,1.059423257537075f,-0.017546547697026488f,-0.7069552125706032f,-0.7070406254828425f,0.07876763613953697f,0f,0f,0f,1f],start_interpolation:0}
execute if entity @s[tag=aj.agatha.bone.torso] run data modify entity @s {} merge value {transformation:[-1.0104166666666665f,-4.5190195175125176e-17f,1.1519340860000654e-16f,4.1929047069703774e-17f,0f,0.9406255638785702f,0.36900594691129185f,-0.18524536854712714f,-1.2374035366384712e-16f,0.36900594691129185f,-0.9406255638785702f,-0.3423766517733636f,0f,0f,0f,1f],start_interpolation:0}