execute if entity @s[tag=aj.agatha.bone.head] run data modify entity @s {} merge value {transformation:[-1f,-6.580022455450645e-17f,1.0328566345430088e-16f,-4.8710028163246505e-17f,0f,0.8433914458128857f,0.537299608346824f,1.085247564417433f,-1.2246467991473532e-16f,0.537299608346824f,-0.8433914458128857f,0.39774756441743303f,0f,0f,0f,1f],start_interpolation:0}
execute if entity @s[tag=aj.agatha.bone.leftarm] run data modify entity @s {} merge value {transformation:[-0.7876126140320865f,0.5718731614494288f,-0.22940675105885436f,0.31249999999999994f,0.6038368563493507f,0.6422376405060438f,-0.4721354297565089f,0.9526650429449554f,-0.12266793033094334f,-0.5103840713923833f,-0.8511525589089523f,0.26516504294495535f,0f,0f,0f,1f],start_interpolation:0}
execute if entity @s[tag=aj.agatha.bone.cane] run data modify entity @s {} merge value {transformation:[-0.2705980500730986f,-0.022260026714733795f,0.9624350297590459f,-0.10874939484185853f,-0.03806023374435641f,0.9991983924873189f,0.012409313360640708f,0.5835059349184128f,-0.961939766255643f,-0.033272566198250274f,-0.27122835846316157f,0.5522173697849504f,0f,0f,0f,1f],start_interpolation:0}
execute if entity @s[tag=aj.agatha.bone.rightarm] run data modify entity @s {} merge value {transformation:[-0.9238795325112867f,-0.38268343236508967f,3.3288787766626073e-18f,-0.34375000000000006f,-0.2705980500730985f,0.6532814824381883f,-0.7071067811865472f,0.9968592167691146f,0.27059805007309834f,-0.653281482438188f,-0.7071067811865476f,0.2209708691207961f,0f,0f,0f,1f],start_interpolation:0}
execute if entity @s[tag=aj.agatha.bone.torso] run data modify entity @s {} merge value {transformation:[-1.0104166666666665f,-8.749764318212797e-17f,8.749764318212795e-17f,8.118338027207751e-17f,0f,0.7144724768239072f,0.7144724768239074f,0.024587392637611782f,-1.2374035366384712e-16f,0.7144724768239074f,-0.7144724768239072f,-0.6629126073623883f,0f,0f,0f,1f],start_interpolation:0}