execute if entity @s[tag=aj.agatha.bone.head] run data modify entity @s {} merge value {transformation:[-1f,-5.901390516996401e-17f,1.073077668354396e-16f,-4.547288902973218e-17f,0f,0.876234412323222f,0.481885105248728f,1.1100303866991985f,-1.2246467991473532e-16f,0.481885105248728f,-0.876234412323222f,0.3713143174129241f,0f,0f,0f,1f],start_interpolation:0}
execute if entity @s[tag=aj.agatha.bone.leftarm] run data modify entity @s {} merge value {transformation:[-0.7757777452701792f,0.5723194654859676f,-0.2657429573278915f,0.31249999999999994f,0.604428733231716f,0.553052574006563f,-0.5734097634577028f,0.9691869244661324f,-0.18120374275224074f,-0.6054612124740708f,-0.7749722084062163f,0.24754287827528265f,0f,0f,0f,1f],start_interpolation:0}
execute if entity @s[tag=aj.agatha.bone.cane] run data modify entity @s {} merge value {transformation:[-0.2902157008213045f,-0.09984918840237629f,0.9517378770292722f,-0.09497909913136215f,-0.09349915001351275f,0.9927419018246767f,0.07564010383569449f,0.6156820052079809f,-0.9523826730592855f,-0.06703473679302967f,-0.29744510101788457f,0.5483652029165399f,0f,0f,0f,1f],start_interpolation:0}
execute if entity @s[tag=aj.agatha.bone.rightarm] run data modify entity @s {} merge value {transformation:[-0.9139708902740612f,-0.4057528362323587f,-0.004674143882742567f,-0.34375000000000006f,-0.267861037756101f,0.6119378751175412f,-0.7441656411370074f,1.0104440708453462f,0.30480760519361155f,-0.6788937125103055f,-0.6679787802992774f,0.2005950575309272f,0f,0f,0f,1f],start_interpolation:0}
execute if entity @s[tag=aj.agatha.bone.torso] run data modify entity @s {} merge value {transformation:[-1.0104166666666665f,-8.168278214600038e-17f,9.294943908245495e-17f,7.578814838288697e-17f,0f,0.758989768700412f,0.6669905331306228f,-0.016717311165330817f,-1.2374035366384712e-16f,0.6669905331306228f,-0.758989768700412f,-0.6188571956882069f,0f,0f,0f,1f],start_interpolation:0}