execute if entity @s[tag=aj.agatha.bone.head] run data modify entity @s {} merge value {transformation:[-1f,-1.8890244496785486e-17f,1.2099899375395747e-16f,-2.510518824603925e-17f,0f,0.9880317642458356f,0.15425055215869266f,1.211314364214822f,-1.2246467991473532e-16f,0.15425055215869266f,-0.9880317642458356f,0.20499941912654698f,0f,0f,0f,1f],start_interpolation:0}
execute if entity @s[tag=aj.agatha.bone.leftarm] run data modify entity @s {} merge value {transformation:[-0.9054893923878152f,0.3181464813275956f,0.2808411947916742f,0.3125f,0.4233541122263107f,0.6314768636750967f,0.6496216331866848f,1.0367095761432148f,0.029330119914816474f,0.7071207726137969f,-0.7064842227564954f,0.136666279417698f,0f,0f,0f,1f],start_interpolation:0}
execute if entity @s[tag=aj.agatha.bone.cane] run data modify entity @s {} merge value {transformation:[0.018310478816362354f,0.007165969048805683f,0.9998066689381038f,-0.3381710265167665f,-0.00006561250470088328f,0.9999743219616146f,-0.007165969048805691f,0.5943995555145338f,-0.9998323469764894f,0.00006561250470132896f,0.01831047881636235f,0.44515639403215296f,0f,0f,0f,1f],start_interpolation:0}
execute if entity @s[tag=aj.agatha.bone.rightarm] run data modify entity @s {} merge value {transformation:[-0.9998066689381038f,0.01801456904600602f,0.007880358429639193f,-0.34375f,0.007165969048805691f,0.707042229024473f,-0.7071350191184823f,1.0594872893794978f,-0.018310478816362573f,-0.7069418375497318f,-0.7070346276437416f,0.07846468339382873f,0f,0f,0f,1f],start_interpolation:0}
execute if entity @s[tag=aj.agatha.bone.torso] run data modify entity @s {} merge value {transformation:[-1.0104166666666665f,-4.5096356664181605e-17f,1.1523017721270277e-16f,4.184198041006541e-17f,0f,0.940925802385884f,0.3682396973199084f,-0.18552394035803688f,-1.2374035366384712e-16f,0.3682396973199084f,-0.940925802385884f,-0.341665698544245f,0f,0f,0f,1f],start_interpolation:0}