execute if entity @s[tag=aj.agatha.bone.head] run data modify entity @s {} merge value {transformation:[-1f,-2.5409772826019338e-17f,1.1979958794398528e-16f,-2.853947042797908e-17f,0f,0.978237872563701f,0.2074865409660207f,1.1994545499725384f,-1.2246467991473532e-16f,0.2074865409660207f,-0.978237872563701f,0.2330424612863837f,0f,0f,0f,1f],start_interpolation:0}
execute if entity @s[tag=aj.agatha.bone.leftarm] run data modify entity @s {} merge value {transformation:[-0.8944346101654439f,0.3814051789171784f,0.23348836723345684f,0.3125f,0.4466516774823308f,0.7877267209528777f,0.42425097772314824f,1.0288030333150258f,-0.022113505837167036f,0.48375272876954645f,-0.8749253055361967f,0.15536164085758913f,0f,0f,0f,1f],start_interpolation:0}
execute if entity @s[tag=aj.agatha.bone.cane] run data modify entity @s {} merge value {transformation:[-0.05356251031573277f,0.00641168286933606f,0.9985439138122372f,-0.2963646175651161f,-0.02936750304012654f,0.999536720757375f,-0.007993348658862618f,0.6032699659629754f,-0.998132559960783f,-0.029752885244578135f,-0.053349400800363024f,0.4764003081993886f,0f,0f,0f,1f],start_interpolation:0}
execute if entity @s[tag=aj.agatha.bone.rightarm] run data modify entity @s {} merge value {transformation:[-0.9982190652782118f,-0.0564452947438543f,-0.019303533779403616f,-0.34375f,-0.024714855829982226f,0.6858197475128153f,-0.7273516686051954f,1.0546966401246238f,0.05429432397955016f,-0.7255792187092586f,-0.6859933846334569f,0.09847780197175154f,0f,0f,0f,1f],start_interpolation:0}
execute if entity @s[tag=aj.agatha.bone.torso] run data modify entity @s {} merge value {transformation:[-1.0104166666666665f,-5.1265345028036485e-17f,1.1262122146385353e-16f,4.7565784046631795e-17f,0f,0.9196220619877078f,0.418613310088504f,-0.16575758328756407f,-1.2374035366384712e-16f,0.418613310088504f,-0.9196220619877078f,-0.38840410214397286f,0f,0f,0f,1f],start_interpolation:0}