execute if entity @s[tag=aj.agatha.bone.head] run data modify entity @s {} merge value {transformation:[-1f,-1.9889188448637227e-17f,1.2083881003002792e-16f,-2.5634272870630924e-17f,0f,0.9867237648778454f,0.1624075485477515f,1.209602962628157f,-1.2246467991473532e-16f,0.1624075485477515f,-0.9867237648778454f,0.20931972294769807f,0f,0f,0f,1f],start_interpolation:0}
execute if entity @s[tag=aj.agatha.bone.leftarm] run data modify entity @s {} merge value {transformation:[-0.9046045742025685f,0.32430783807193003f,0.27661343151933265f,0.3125f,0.4255193134699837f,0.6490464988294083f,0.6306123660548694f,1.0355686417521048f,0.024977553839868077f,0.688159188358622f,-0.7251296803205471f,0.13954648196513214f,0f,0f,0f,1f],start_interpolation:0}
execute if entity @s[tag=aj.agatha.bone.cane] run data modify entity @s {} merge value {transformation:[0.010583672765430938f,0.0042431696611668415f,0.9999349885777679f,-0.33397663511147485f,-0.00002245488950303093f,0.9999909974629793f,-0.004243169661166842f,0.5940894529013198f,-0.9999439911147883f,0.000022454889503309428f,0.01058367276543094f,0.4481670144509654f,0f,0f,0f,1f],start_interpolation:0}
execute if entity @s[tag=aj.agatha.bone.rightarm] run data modify entity @s {} merge value {transformation:[-0.9999349885777679f,0.010484160823431853f,0.0044834127411596545f,-0.34375f,0.004243169661166842f,0.7070845374269339f,-0.7071162934362107f,1.0588263887462932f,-0.010583672765431162f,-0.7070512989193691f,-0.7070830549286462f,0.0815350416731146f,0f,0f,0f,1f],start_interpolation:0}
execute if entity @s[tag=aj.agatha.bone.torso] run data modify entity @s {} merge value {transformation:[-1.0104166666666665f,-4.604674941576295e-17f,1.1485369821253428e-16f,4.2723788117718206e-17f,0f,0.9378516180542822f,0.37600024307271684f,-0.18267160438026198f,-1.2374035366384712e-16f,0.37600024307271684f,-0.9378516180542822f,-0.3488662049128301f,0f,0f,0f,1f],start_interpolation:0}