execute if entity @s[tag=aj.agatha.bone.head] run data modify entity @s {} merge value {transformation:[-1f,-6.870713952166646e-17f,1.0137517844802461e-16f,-5.007381213478043e-17f,0f,0.8277911518537913f,0.5610363704008621f,1.0737905192389643f,-1.2246467991473532e-16f,0.5610363704008621f,-0.8277911518537913f,0.40888370565001897f,0f,0f,0f,1f],start_interpolation:0}
execute if entity @s[tag=aj.agatha.bone.leftarm] run data modify entity @s {} merge value {transformation:[-0.7742631979750305f,0.5919972581681286f,-0.22373141617327005f,0.3125f,0.6200404941021749f,0.638785701189745f,-0.4555245477787744f,0.9450270128259762f,-0.1267528537548939f,-0.49141843094957716f,-0.8616505322855933f,0.27258913710001265f,0f,0f,0f,1f],start_interpolation:0}
execute if entity @s[tag=aj.agatha.bone.cane] run data modify entity @s {} merge value {transformation:[-0.3197232808243449f,-0.009607751688234282f,0.9474622498054548f,-0.09826610650099443f,0.09137649635968606f,0.9949751251978121f,0.04092476207171807f,0.5356889878953618f,-0.9430945655722681f,0.0996603800168135f,-0.31723878867969296f,0.49099425482939557f,0f,0f,0f,1f],start_interpolation:0}
execute if entity @s[tag=aj.agatha.bone.rightarm] run data modify entity @s {} merge value {transformation:[-0.9126915874035029f,-0.40603834269157263f,-0.046118657256637455f,-0.34375f,-0.29704879642426657f,0.7367038375128674f,-0.6074779570788635f,0.9904585356759783f,0.28063513469586937f,-0.5407405293281576f,-0.7929965959045066f,0.22966796829568326f,0f,0f,0f,1f],start_interpolation:0}
execute if entity @s[tag=aj.agatha.bone.torso] run data modify entity @s {} merge value {transformation:[-1.0104166666666665f,-8.994740327914261e-17f,8.497728972021437e-17f,8.345635355796738e-17f,0f,0.6938922290033246f,0.7344762860750339f,0.04368246793505959f,-1.2374035366384712e-16f,0.7344762860750339f,-0.6938922290033246f,-0.6814728427500316f,0f,0f,0f,1f],start_interpolation:0}