execute if entity @s[tag=aj.agatha.bone.head] run data modify entity @s {} merge value {transformation:[-1f,-2.0507575388297883e-17f,1.207354015121988e-16f,-2.596128055833847e-17f,0f,0.9858793702499323f,0.1674570611099956f,1.2085244849482248f,-1.2246467991473532e-16f,0.1674570611099956f,-0.9858793702499323f,0.21198994335684151f,0f,0f,0f,1f],start_interpolation:0}
execute if entity @s[tag=aj.agatha.bone.leftarm] run data modify entity @s {} merge value {transformation:[-0.9040251277093625f,0.32816990528745693f,0.2739399235848846f,0.3125f,0.42689734970650983f,0.6596354510545355f,0.6185787941124699f,1.03484965663215f,0.02229845922095819f,0.6761550007030201f,-0.7364218857018511f,0.1413266289045611f,0f,0f,0f,1f],start_interpolation:0}
execute if entity @s[tag=aj.agatha.bone.cane] run data modify entity @s {} merge value {transformation:[0.00581986106401928f,0.002367934814865284f,0.9999802608561371f,-0.33135813014257537f,-0.0000068905938228608645f,0.9999971964146861f,-0.0023679348148652845f,0.5938915777907728f,-0.9999830644414509f,0.000006890593822750368f,0.005819861064019279f,0.4500141118329579f,0f,0f,0f,1f],start_interpolation:0}
execute if entity @s[tag=aj.agatha.bone.rightarm] run data modify entity @s {} merge value {transformation:[-0.9999802608561371f,0.005789645988930701f,0.0024408804589327905f,-0.34375f,0.0023679348148652845f,0.7070999263667418f,-0.7071096711379791f,1.05840409478291f,-0.0058198610640195015f,-0.7070899335526359f,-0.7070996783238728f,0.08343501946586934f,0f,0f,0f,1f],start_interpolation:0}
execute if entity @s[tag=aj.agatha.bone.torso] run data modify entity @s {} merge value {transformation:[-1.0104166666666665f,-4.6634152114052425e-17f,1.1461645161780827e-16f,4.326880093056411e-17f,0f,0.9359143525921817f,0.380796750103956f,-0.18087414158037496f,-1.2374035366384712e-16f,0.380796750103956f,-0.9359143525921817f,-0.3533165722614025f,0f,0f,0f,1f],start_interpolation:0}