execute if entity @s[tag=aj.agatha.bone.head] run data modify entity @s {} merge value {transformation:[-1f,-2.0029777293320026e-17f,1.2081558611453482e-16f,-2.570865210635928e-17f,0f,0.9865341272165276f,0.16355554358420352f,1.2093590547002615f,-1.2246467991473532e-16f,0.16355554358420352f,-0.9865341272165276f,0.20992707549849185f,0f,0f,0f,1f],start_interpolation:0}
execute if entity @s[tag=aj.agatha.bone.leftarm] run data modify entity @s {} merge value {transformation:[-0.9044749714901406f,0.3251826416960298f,0.27600955687711404f,0.3125f,0.42583007704821374f,0.6514733868523604f,0.6278942360813858f,1.0354060364668412f,0.024367425572302953f,0.6854477921495599f,-0.7277139223680361f,0.1399513836656613f,0f,0f,0f,1f],start_interpolation:0}
execute if entity @s[tag=aj.agatha.bone.cane] run data modify entity @s {} merge value {transformation:[0.009499306231687998f,0.003821264685401042f,0.9999475791846895f,-0.33338279168863016f,-0.00001815015744194208f,0.999992698776734f,-0.003821264685401045f,0.5940448512108548f,-0.9999548804079553f,0.000018150157442942128f,0.009499306231687996f,0.4485880658810114f,0f,0f,0f,1f],start_interpolation:0}
execute if entity @s[tag=aj.agatha.bone.rightarm] run data modify entity @s {} merge value {transformation:[-0.9999475791846895f,0.009419066024750126f,0.004014981681238612f,-0.34375f,0.003821264685401045f,0.7070887843426583f,-0.7071144525414721f,1.0587312670777846f,-0.009499306231688218f,-0.707062042717641f,-0.7070877109164558f,0.081967044254521f,0f,0f,0f,1f],start_interpolation:0}
execute if entity @s[tag=aj.agatha.bone.torso] run data modify entity @s {} merge value {transformation:[-1.0104166666666665f,-4.6180356561423146e-17f,1.1480004265118453e-16f,4.28477535105988e-17f,0f,0.9374134871467659f,0.3770912282102538f,-0.18226509116710254f,-1.2374035366384712e-16f,0.3770912282102538f,-0.9374134871467659f,-0.34987845916415306f,0f,0f,0f,1f],start_interpolation:0}