execute if entity @s[tag=aj.agatha.bone.head] run data modify entity @s {} merge value {transformation:[-1f,-6.335150760374221e-17f,1.0480545935661735e-16f,-4.755030585767629e-17f,0f,0.8558015211372534f,0.5173043170312452f,1.0944971344850238f,-1.2246467991473532e-16f,0.5173043170312452f,-0.8558015211372534f,0.3882777131396797f,0f,0f,0f,1f],start_interpolation:0}
execute if entity @s[tag=aj.agatha.bone.leftarm] run data modify entity @s {} merge value {transformation:[-0.7876126140320865f,0.5729874211386846f,-0.22660932336155873f,0.31249999999999994f,0.6007830518710737f,0.6324465469976628f,-0.4889489643870944f,0.9588314229900159f,-0.13684332209509703f,-0.5212454128407971f,-0.842364009671831f,0.2588518087597864f,0f,0f,0f,1f],start_interpolation:0}
execute if entity @s[tag=aj.agatha.bone.cane] run data modify entity @s {} merge value {transformation:[-0.2722459804626759f,-0.020658494749323388f,0.9620059005622615f,-0.10890260590619438f,-0.05480476020184826f,0.9984794682655137f,0.005932091657609261f,0.5942636305152895f,-0.9606656881460551f,-0.05110751458355753f,-0.27296420566066393f,0.5518388625541476f,0f,0f,0f,1f],start_interpolation:0}
execute if entity @s[tag=aj.agatha.bone.rightarm] run data modify entity @s {} merge value {transformation:[-0.9238795325112867f,-0.38267629234985706f,-0.0023376655220195258f,-0.34375000000000006f,-0.2641554630669517f,0.6421356937017741f,-0.7196413288618332f,1.001973391116647f,0.27689077402219536f,-0.6642443873662071f,-0.6943420577164268f,0.21362990492811706f,0f,0f,0f,1f],start_interpolation:0}
execute if entity @s[tag=aj.agatha.bone.torso] run data modify entity @s {} merge value {transformation:[-1.0104166666666665f,-8.54144382999e-17f,8.953238997573193e-17f,7.925050976279382e-17f,0f,0.7310874452786539f,0.6974618180472023f,0.009171442524960272f,-1.2374035366384712e-16f,0.6974618180472023f,-0.7310874452786539f,-0.6471295218994662f,0f,0f,0f,1f],start_interpolation:0}