execute if entity @s[tag=aj.agatha.bone.head] run data modify entity @s {} merge value {transformation:[-1f,-4.480389706518736e-17f,1.1397459644320164e-16f,-3.848089694685331e-17f,0f,0.9306732073488878f,0.36585158346375113f,1.1540531154413842f,-1.2246467991473532e-16f,0.36585158346375113f,-0.9306732073488878f,0.3142203692823532f,0f,0f,0f,1f],start_interpolation:0}
execute if entity @s[tag=aj.agatha.bone.leftarm] run data modify entity @s {} merge value {transformation:[-0.7876126140320865f,0.6006237008509855f,-0.13754104912210605f,0.31249999999999994f,0.5691718873335072f,0.6236741023828293f,-0.5357928486702537f,0.9985354102942562f,-0.23602909330579783f,-0.5002817046355363f,-0.8330717154724464f,0.20948024618823546f,0f,0f,0f,1f],start_interpolation:0}
execute if entity @s[tag=aj.agatha.bone.cane] run data modify entity @s {} merge value {transformation:[-0.31800398894398246f,0.03348638725272648f,0.9474978231555339f,-0.11751190174135223f,-0.0325425635706023f,0.9984016457355186f,-0.04620752480777666f,0.6118548122355761f,-0.9475307090390097f,-0.04552818535114729f,-0.3164059730262101f,0.48298423477075714f,0f,0f,0f,1f],start_interpolation:0}
execute if entity @s[tag=aj.agatha.bone.rightarm] run data modify entity @s {} merge value {transformation:[-0.9238795325112867f,-0.3753952858452584f,-0.07433026820806518f,-0.34375000000000006f,-0.21377231899732788f,0.6673665022123108f,-0.7133886369682452f,1.0334487846589622f,0.31740826239597303f,-0.643195406614555f,-0.6968153728734079f,0.15764101113919282f,0f,0f,0f,1f],start_interpolation:0}
execute if entity @s[tag=aj.agatha.bone.torso] run data modify entity @s {} merge value {transformation:[-1.0104166666666665f,-6.912309266379205e-17f,1.0263368445810947e-16f,6.413482824475552e-17f,0f,0.8380676332928567f,0.5644328855627454f,-0.09008852573564041f,-1.2374035366384712e-16f,0.5644328855627454f,-0.8380676332928567f,-0.5237006154705887f,0f,0f,0f,1f],start_interpolation:0}