execute if entity @s[tag=aj.agatha.bone.head] run data modify entity @s {} merge value {transformation:[-1f,-5.659844752764236e-17f,1.0860116741582151e-16f,-4.430386860701174e-17f,0f,0.8867958295521114f,0.46216139679659796f,1.1182316711877043f,-1.2246467991473532e-16f,0.46216139679659796f,-0.8867958295521114f,0.3617685412468135f,0f,0f,0f,1f],start_interpolation:0}
execute if entity @s[tag=aj.agatha.bone.leftarm] run data modify entity @s {} merge value {transformation:[-0.9186784422438145f,-0.015515975505254584f,0.39470137352256446f,0.31249999999999994f,0.10011960702981601f,0.9574519415418177f,0.2706692519034975f,0.9746544474584695f,-0.38210729389096176f,0.28817535311321146f,-0.8780370048086825f,0.24117902749787568f,0f,0f,0f,1f],start_interpolation:0}
execute if entity @s[tag=aj.agatha.bone.cane] run data modify entity @s {} merge value {transformation:[-0.19470195533987728f,0.08764212799824078f,0.9769391004493416f,-0.2117705203453804f,0.20687670243567752f,0.9772641639000651f,-0.04644118803440561f,0.503563187300496f,-0.9587977777280092f,0.19306374946283122f,-0.20840635802965457f,0.43844711149242876f,0f,0f,0f,1f],start_interpolation:0}
execute if entity @s[tag=aj.agatha.bone.rightarm] run data modify entity @s {} merge value {transformation:[-0.9757128839699883f,-0.2086522405337826f,-0.0666979053284324f,-0.34375000000000006f,-0.1408828607250934f,0.8308838203972577f,-0.5383159820736996f,1.0148509520414488f,0.16773904616660346f,-0.5158452476492249f,-0.8400995731869098f,0.1933199529214641f,0f,0f,0f,1f],start_interpolation:0}
execute if entity @s[tag=aj.agatha.bone.torso] run data modify entity @s {} merge value {transformation:[-1.0104166666666665f,-7.958287509037293e-17f,9.475358102575367e-17f,7.383978101168623e-17f,0f,0.7737217056519872f,0.6498434907581648f,-0.0303861186461738f,-1.2374035366384712e-16f,0.6498434907581648f,-0.7737217056519872f,-0.6029475687446891f,0f,0f,0f,1f],start_interpolation:0}