execute if entity @s[tag=aj.fiona.bone.rightarm] run data modify entity @s {} merge value {transformation:[-0.9238795325112867f,-0.3535533905932737f,0.14644660940672632f,-0.25f,-0.3823192025331841f,0.8694334137720041f,-0.31291782689893066f,0.8118456523375273f,-0.016692416874629322f,-0.3450877265519002f,-0.9384219862098951f,-0.00126167118633153f,0f,0f,0f,1f],start_interpolation:0}
execute if entity @s[tag=aj.fiona.bone.leftarm] run data modify entity @s {} merge value {transformation:[-0.9238795325112867f,0.3535533905932738f,-0.1464466094067261f,0.25f,0.3823192025331841f,0.8694334137720041f,-0.31291782689893066f,0.8118456523375273f,0.016692416874629093f,-0.34508772655190006f,-0.9384219862098953f,-0.001261671186331469f,0f,0f,0f,1f],start_interpolation:0}
execute if entity @s[tag=aj.fiona.bone.torso] run data modify entity @s {} merge value {transformation:[-1f,-5.341834311772723e-18f,1.223481206754078e-16f,1.8238333804207077e-18f,0f,0.9990482215818578f,0.043619387365336f,0.49964308309319666f,-1.2246467991473532e-16f,0.043619387365336f,-0.9990482215818578f,-0.014892729737998999f,0f,0f,0f,1f],start_interpolation:0}
execute if entity @s[tag=aj.fiona.bone.head] run data modify entity @s {} merge value {transformation:[-1f,-5.341834311772723e-18f,1.223481206754078e-16f,-1.793544864940633e-19f,0f,0.9990482215818578f,0.043619387365336f,0.8742861661863933f,-1.2246467991473532e-16f,0.043619387365336f,-0.9990482215818578f,0.0014645405240020018f,0f,0f,0f,1f],start_interpolation:0}