execute if entity @s[tag=aj.fiona.bone.rightarm] run data modify entity @s {} merge value {transformation:[-0.9238795325112867f,-0.3535533905932737f,0.14644660940672632f,-0.25f,-0.3823244638980791f,0.8693242048997492f,-0.3132146725178521f,0.8118551045062377f,-0.016571472830518026f,-0.345362746652587f,-0.9383229505414479f,-0.0014789500735115466f,0f,0f,0f,1f],start_interpolation:0}
execute if entity @s[tag=aj.fiona.bone.leftarm] run data modify entity @s {} merge value {transformation:[-0.9238795325112867f,0.3535533905932738f,-0.1464466094067261f,0.25f,0.3823244638980791f,0.8693242048997492f,-0.3132146725178521f,0.8118551045062377f,0.016571472830517797f,-0.34536274665258687f,-0.9383229505414479f,-0.0014789500735114855f,0f,0f,0f,1f],start_interpolation:0}
execute if entity @s[tag=aj.fiona.bone.torso] run data modify entity @s {} merge value {transformation:[-1f,-5.303130327233479e-18f,1.223498043944123e-16f,1.8383473746229243e-18f,0f,0.999061970190891f,0.043303345347619614f,0.49964823882158416f,-1.2246467991473532e-16f,0.043303345347619614f,-0.999061970190891f,-0.015011245494642646f,0f,0f,0f,1f],start_interpolation:0}
execute if entity @s[tag=aj.fiona.bone.head] run data modify entity @s {} merge value {transformation:[-1f,-5.303130327233479e-18f,1.223498043944123e-16f,-1.5032649808963007e-19f,0f,0.999061970190891f,0.043303345347619614f,0.8742964776431683f,-1.2246467991473532e-16f,0.043303345347619614f,-0.999061970190891f,0.0012275090107147085f,0f,0f,0f,1f],start_interpolation:0}