execute if entity @s[tag=aj.fiona.bone.rightarm] run data modify entity @s {} merge value {transformation:[-0.9238795325112867f,-0.3535533905932737f,0.14644660940672632f,-0.25f,-0.3824411919932418f,0.8666272004004191f,-0.32046221336207514f,0.8120648093396252f,-0.013614113027098144f,-0.3520756957333634f,-0.9358725128992482f,-0.006791918163834982f,0f,0f,0f,1f],start_interpolation:0}
execute if entity @s[tag=aj.fiona.bone.leftarm] run data modify entity @s {} merge value {transformation:[-0.9238795325112867f,0.3535533905932738f,-0.1464466094067261f,0.25f,0.3824411919932418f,0.8666272004004191f,-0.32046221336207514f,0.8120648093396252f,0.013614113027097918f,-0.3520756957333633f,-0.9358725128992482f,-0.006791918163834921f,0f,0f,0f,1f],start_interpolation:0}
execute if entity @s[tag=aj.fiona.bone.torso] run data modify entity @s {} merge value {transformation:[-1f,-4.3567289649372426e-18f,1.2238715920939033e-16f,2.1932478854840126e-18f,0f,0.9993669954030912f,0.035575391761694615f,0.49976262327615917f,-1.2246467991473532e-16f,0.035575391761694615f,-0.9993669954030912f,-0.01790922808936452f,0f,0f,0f,1f],start_interpolation:0}
execute if entity @s[tag=aj.fiona.bone.head] run data modify entity @s {} merge value {transformation:[-1f,-4.3567289649372426e-18f,1.2238715920939033e-16f,5.594745236325468e-19f,0f,0.9993669954030912f,0.035575391761694615f,0.8745252465523183f,-1.2246467991473532e-16f,0.035575391761694615f,-0.9993669954030912f,-0.004568456178729037f,0f,0f,0f,1f],start_interpolation:0}