execute if entity @s[tag=aj.percival.bone.rightarm] run data modify entity @s {} merge value {transformation:[-0.9986295347545738f,0.05233595624294383f,1.2246001683497691e-16f,-0.3125f,0.05233396345009643f,0.9985915100018623f,-0.008726535498373935f,1.4374738221066177f,-0.00045671157999551656f,-0.008714576084760428f,-0.9999619230641713f,-0.037249493155132124f,0f,0f,0f,1f],start_interpolation:0}
execute if entity @s[tag=aj.percival.bone.leftarm] run data modify entity @s {} merge value {transformation:[-0.9986295347545738f,-0.05233595624294383f,1.2246001683497691e-16f,0.3125f,-0.05233396345009643f,0.9985915100018623f,-0.008726535498373935f,1.4374738221066177f,0.00045671157999527197f,-0.008714576084760442f,-0.9999619230641713f,-0.03724949315513204f,0f,0f,0f,1f],start_interpolation:0}
execute if entity @s[tag=aj.percival.bone.torso] run data modify entity @s {} merge value {transformation:[-1f,1.0686923765729392e-18f,1.2246001683497691e-16f,4.227780888550331e-18f,0f,0.9999619230641713f,-0.008726535498373935f,1.1249857211490641f,-1.2246467991473532e-16f,-0.008726535498373935f,-0.9999619230641713f,-0.034522450811890225f,0f,0f,0f,1f],start_interpolation:0}
execute if entity @s[tag=aj.percival.bone.head] run data modify entity @s {} merge value {transformation:[-1f,1.0686923765729392e-18f,1.2246001683497691e-16f,4.628540529765183e-18f,0f,0.9999619230641713f,-0.008726535498373935f,1.4999714422981285f,-1.2246467991473532e-16f,-0.008726535498373935f,-0.9999619230641713f,-0.03779490162378045f,0f,0f,0f,1f],start_interpolation:0}
execute if entity @s[tag=aj.percival.bone.leftleg] run data modify entity @s {} merge value {transformation:[-0.9990482215818578f,-0.043619387365336f,1.2246467991473532e-16f,0.125f,-0.043619387365336f,0.9990482215818578f,0f,0.75f,-1.223481206754078e-16f,-5.341834311772723e-18f,-1f,-0.031249999999999986f,0f,0f,0f,1f],start_interpolation:0}
execute if entity @s[tag=aj.percival.bone.rightleg] run data modify entity @s {} merge value {transformation:[-0.9990482215818578f,0.043619387365336f,1.2246467991473532e-16f,-0.125f,0.043619387365336f,0.9990482215818578f,0f,0.75f,-1.223481206754078e-16f,5.341834311772723e-18f,-1f,-0.031250000000000014f,0f,0f,0f,1f],start_interpolation:0}