execute if entity @s[tag=aj.percival.bone.rightarm] run data modify entity @s {} merge value {transformation:[-0.02995420471549518f,0.999502912695859f,0.009832249608116461f,-0.29718281550323355f,0.9979869927821468f,0.030455987341857577f,-0.05562728712313864f,0.8126464160904653f,-0.0558990863745527f,0.00814618607243342f,-0.9984031909979874f,-0.14545827731609276f,0f,0f,0f,1f],start_interpolation:0}
execute if entity @s[tag=aj.percival.bone.leftarm] run data modify entity @s {} merge value {transformation:[-0.8886955380523034f,-0.4243426927974542f,0.17364768848254922f,0.25677154556613346f,-0.43050988401523654f,0.9025827416763367f,0.002373645553777027f,0.8126464160904653f,-0.15773864590237413f,-0.07264759801557685f,-0.9848049787097203f,-0.04778117737844439f,0f,0f,0f,1f],start_interpolation:0}
execute if entity @s[tag=aj.percival.bone.torso] run data modify entity @s {} merge value {transformation:[-0.984807753012208f,-0.00041217922484059274f,0.17364768848254922f,-0.00015456720931521846f,2.710505431213761e-20f,0.9999971828994245f,0.002373645553777027f,0.4999989435872842f,-0.17364817766693044f,0.0023375845442625723f,-0.9848049787097203f,-0.030373405795901535f,0f,0f,0f,1f],start_interpolation:0}
execute if entity @s[tag=aj.percival.bone.head] run data modify entity @s {} merge value {transformation:[-0.9961946554565174f,-0.00041217922484059274f,0.08715525542477129f,-0.0003091344186304407f,-0.00020687684125911317f,0.9999971828994245f,0.0023646131158217196f,0.8749978871745684f,-0.08715598454405218f,0.0023375845442625723f,-0.9961919343463164f,-0.02949681159180307f,0f,0f,0f,1f],start_interpolation:0}