execute if entity @s[tag=aj.percival.bone.rightarm] run data modify entity @s {} merge value {transformation:[-0.028552303077819294f,0.999544762806968f,0.009748493940836017f,-0.29621700913644683f,0.9975509942784625f,0.02911558618103238f,-0.06359478324034039f,0.812131415158076f,-0.06384966564519626f,0.007908842298152058f,-0.9979281890048499f,-0.15093563740532115f,0f,0f,0f,1f],start_interpolation:0}
execute if entity @s[tag=aj.percival.bone.leftarm] run data modify entity @s {} merge value {transformation:[-0.8893004159678962f,-0.4230745398752883f,0.17364533932311554f,0.25773735193292013f,-0.43050405994487806f,0.902570531258906f,-0.005717558394381237f,0.812131415158076f,-0.15430821277658446f,-0.07983965062755119f,-0.9847916559645329f,-0.05325853746767279f,0f,0f,0f,1f],start_interpolation:0}
execute if entity @s[tag=aj.percival.bone.torso] run data modify entity @s {} merge value {transformation:[-0.984807753012208f,0.0009928435958885626f,0.17364533932311554f,0.00037231634845821484f,0f,0.9999836546294179f,-0.005717558394381237f,0.4999938704860317f,-0.17364817766693041f,-0.005630695835086675f,-0.9847916559645329f,-0.0333615109381575f,0f,0f,0f,1f],start_interpolation:0}
execute if entity @s[tag=aj.percival.bone.head] run data modify entity @s {} merge value {transformation:[-0.9961944507137821f,0.0009928435958885626f,0.0871529152045985f,0.0007446326969164258f,0.0004983180485654046f,0.9999836546294179f,-0.005695801358512542f,0.8749877409720634f,-0.08715714569780439f,-0.005630695835086675f,-0.9961786622981966f,-0.03547302187631501f,0f,0f,0f,1f],start_interpolation:0}