execute if entity @s[tag=aj.percival.bone.rightarm] run data modify entity @s {} merge value {transformation:[-0.9956089548770553f,0.09240384909532716f,0.014977905093363483f,-0.3119712994597713f,0.08885958551290118f,0.8825875174055148f,0.4616743962821045f,1.4230866047228976f,0.029441179172940785f,0.4609780936143693f,-0.8869230035220469f,0.18681439020388674f,0f,0f,0f,1f],start_interpolation:0}
execute if entity @s[tag=aj.percival.bone.leftarm] run data modify entity @s {} merge value {transformation:[-0.9969443827093499f,-0.03214189963529066f,0.07119547789086178f,0.3119712994597713f,-0.044268449907515606f,0.9834089913200494f,-0.1759177652588529f,1.4106574155243927f,-0.06435994194418661f,-0.17853194134024858f,-0.9818269418763284f,0.2209633068689077f,0f,0f,0f,1f],start_interpolation:0}
execute if entity @s[tag=aj.percival.bone.torso] run data modify entity @s {} merge value {transformation:[-0.9983081582712682f,-4.188538737676991e-17f,0.05814482891047608f,-1.1879999018953237e-17f,0.01988670271760747f,0.9396926207859084f,0.34144149937512347f,1.1232180661280489f,-0.054638266664033534f,0.34202014332566866f,-0.9381028095978815f,0.09700755374712575f,0f,0f,0f,1f],start_interpolation:0}
execute if entity @s[tag=aj.percival.bone.head] run data modify entity @s {} merge value {transformation:[-1f,-6.162975822039155e-33f,1.2246467991473532e-16f,-2.7587019285241954e-17f,0f,1f,0f,1.4756027989227647f,-1.2246467991473532e-16f,0f,-1f,0.2252651074942515f,0f,0f,0f,1f],start_interpolation:0}
execute if entity @s[tag=aj.percival.bone.leftleg] run data modify entity @s {} merge value {transformation:[-1f,-7.45517735479899e-17f,9.715776287805217e-17f,0.125f,0f,0.7933533402912348f,0.6087614290087211f,0.7708333333333333f,-1.2246467991473532e-16f,0.6087614290087211f,-0.7933533402912348f,-0.010416666666666678f,0f,0f,0f,1f],start_interpolation:0}
execute if entity @s[tag=aj.percival.bone.rightleg] run data modify entity @s {} merge value {transformation:[-1f,-1.5984848350717756e-17f,1.2141697760125282e-16f,-0.125f,0f,0.9914448613738105f,0.13052619222005096f,0.7708333333333333f,-1.2246467991473532e-16f,0.13052619222005096f,-0.9914448613738105f,0.010416666666666678f,0f,0f,0f,1f],start_interpolation:0}