execute if entity @s[tag=aj.melissa.bone.head] run data modify entity @s {} merge value {transformation:[-0.9951576036232778f,0.09823601671559236f,0.0033209894051483297f,-0.24999999999999997f,0.09588875020146377f,0.9628444419204955f,0.2524597556990239f,1.3745103727773844f,0.021603044590439754f,0.2515556910162508f,-0.9676016963512208f,-0.2240578008588481f,0f,0f,0f,1f],start_interpolation:0}
execute if entity @s[tag=aj.melissa.bone.broom] run data modify entity @s {} merge value {transformation:[-0.9862790942115803f,0.031287353839000026f,0.16209457057822124f,-0.7719240940015661f,0.039204338345792705f,0.9981775928481738f,0.04587497128821036f,0.6792081217430029f,-0.1603638618144791f,0.05160033551808296f,-0.985708292142441f,-0.023009391674814278f,0f,0f,0f,1f],start_interpolation:0}
execute if entity @s[tag=aj.melissa.bone.rightarm] run data modify entity @s {} merge value {transformation:[-0.9238795325112867f,0.3649716762170987f,-0.11507512748638361f,-0.59375f,0.38241089094526437f,0.8918389154860767f,-0.24163041884470504f,1.2808271401259228f,0.014440217906086735f,-0.26724338043046036f,-0.9635208641866169f,-0.22759537346900524f,0f,0f,0f,1f],start_interpolation:0}
execute if entity @s[tag=aj.melissa.bone.leftarm] run data modify entity @s {} merge value {transformation:[-0.9956056567716521f,-0.093644947564122f,1.223774624004151e-16f,0.09375000000000003f,-0.09357825503235795f,0.9948966013061316f,0.03773410784167556f,1.2808271401259228f,-0.0035336085502127544f,0.03756829122040373f,-0.9992878149489229f,-0.22759537346900516f,0f,0f,0f,1f],start_interpolation:0}
execute if entity @s[tag=aj.melissa.bone.torso] run data modify entity @s {} merge value {transformation:[-1f,-4.621095438698902e-18f,1.223774624004151e-16f,-0.24999999999999997f,0f,0.9992878149489229f,0.03773410784167556f,0.7187277442171538f,-1.2246467991473532e-16f,0.03773410784167556f,-0.9992878149489229f,-0.2488208091299477f,0f,0f,0f,1f],start_interpolation:0}