execute if entity @s[tag=aj.melissa.bone.head] run data modify entity @s {} merge value {transformation:[-0.9976811800684915f,0.0676945029752609f,0.007051042765051288f,-0.24999999999999997f,0.06800528221807625f,0.9873233982101407f,0.14341474449030536f,1.3747474093180176f,0.0027467303438797903f,0.1435616996754781f,-0.9896375568149716f,-0.23136539816167015f,0f,0f,0f,1f],start_interpolation:0}
execute if entity @s[tag=aj.melissa.bone.broom] run data modify entity @s {} merge value {transformation:[-0.9862790942115803f,0.031287353839000026f,0.16209457057822124f,-0.7719240940015661f,0.03749670420924779f,0.9986698988430109f,0.03538969226109029f,0.6816225614133368f,-0.16077171857832742f,0.040982125794591234f,-0.9861404158996463f,-0.02293404652276307f,0f,0f,0f,1f],start_interpolation:0}
execute if entity @s[tag=aj.melissa.bone.rightarm] run data modify entity @s {} merge value {transformation:[-0.9238795325112867f,0.3649716762170987f,-0.11507512748638361f,-0.59375f,0.3825428327008505f,0.888946436424986f,-0.251863483491608f,1.2810318535019243f,0.010372586752361915f,-0.2767126826269437f,-0.9608967169875569f,-0.23390648023053337f,0f,0f,0f,1f],start_interpolation:0}
execute if entity @s[tag=aj.melissa.bone.leftarm] run data modify entity @s {} merge value {transformation:[-0.9945583220947156f,-0.1041813032753183f,1.2241968582452672e-16f,0.09375000000000003f,-0.10414302658230867f,0.994192916764026f,0.02710487540120712f,1.2810318535019243f,-0.0028238212444129957f,0.026957379399610872f,-0.999632595371662f,-0.2339064802305333f,0f,0f,0f,1f],start_interpolation:0}
execute if entity @s[tag=aj.melissa.bone.torso] run data modify entity @s {} merge value {transformation:[-1f,-3.319389890137613e-18f,1.2241968582452672e-16f,-0.24999999999999997f,0f,0.999632595371662f,0.02710487540120712f,0.7187385186053644f,-1.2246467991473532e-16f,0.02710487540120712f,-0.999632595371662f,-0.24915297264371233f,0f,0f,0f,1f],start_interpolation:0}