execute if entity @s[tag=aj.melissa.bone.head] run data modify entity @s {} merge value {transformation:[-0.9951683908530952f,0.09771988364400096f,-0.009523559600494077f,-0.24999999999999997f,0.09198716519710223f,0.9618843888301426f,0.257520453486445f,1.3745918056607334f,0.03432543205645444f,0.2554001700576297f,-0.9662259144986083f,-0.2263124379922079f,0f,0f,0f,1f],start_interpolation:0}
execute if entity @s[tag=aj.melissa.bone.broom] run data modify entity @s {} merge value {transformation:[-0.9862790942115803f,0.031287353839000026f,0.16209457057822124f,-0.7719240940015661f,0.03867787621932804f,0.9983415501541614f,0.04264001790511587f,0.6799530601613373f,-0.16049165153473585f,0.048324431973272824f,-0.9858535281988463f,-0.022983403223600513f,0f,0f,0f,1f],start_interpolation:0}
execute if entity @s[tag=aj.melissa.bone.rightarm] run data modify entity @s {} merge value {transformation:[-0.9238795325112867f,0.3649716762170987f,-0.11507512748638361f,-0.59375f,0.3824562189675296f,0.8909571258794303f,-0.24479101376015855f,1.280897468525179f,0.013185218230549401f,-0.270168605511348f,-0.9627227402613208f,-0.22954256008417961f,0f,0f,0f,1f],start_interpolation:0}
execute if entity @s[tag=aj.melissa.bone.leftarm] run data modify entity @s {} merge value {transformation:[-0.9955493412600612f,-0.09424175887926835f,1.2239196807604255e-16f,0.09375000000000003f,-0.09418580403927265f,0.9949582465610606f,0.03445463564769766f,1.280897468525179f,-0.0032470654649834883f,0.03430128982242081f,-0.9994062627792486f,-0.22954256008417953f,0f,0f,0f,1f],start_interpolation:0}
execute if entity @s[tag=aj.melissa.bone.torso] run data modify entity @s {} merge value {transformation:[-1f,-4.219475926174123e-18f,1.2239196807604255e-16f,-0.24999999999999997f,0f,0.9994062627792486f,0.03445463564769766f,0.7187314457118515f,-1.2246467991473532e-16f,0.03445463564769766f,-0.9994062627792486f,-0.2489232926360095f,0f,0f,0f,1f],start_interpolation:0}