execute if entity @s[tag=aj.melissa.bone.head] run data modify entity @s {} merge value {transformation:[-0.9981948873586446f,0.057859863303860316f,-0.0160997847663076f,-0.24999999999999997f,0.05456223081896361f,0.9856878566152611f,0.1595067781922468f,1.3749130668918816f,0.025098402720511337f,0.1583404103179952f,-0.9870655422215934f,-0.23906722970617816f,0f,0f,0f,1f],start_interpolation:0}
execute if entity @s[tag=aj.melissa.bone.broom] run data modify entity @s {} merge value {transformation:[-0.9862790942115803f,0.031287353839000026f,0.16209457057822124f,-0.7719240940015661f,0.03569289036078191f,0.9990664114415064f,0.024337689025130532f,0.6841672223958124f,-0.16118177905358266f,0.029789377622635393f,-0.9864750514239974f,-0.02288244430183789f,0f,0f,0f,1f],start_interpolation:0}
execute if entity @s[tag=aj.melissa.bone.rightarm] run data modify entity @s {} merge value {transformation:[-0.9238795325112867f,0.3649716762170987f,-0.11507512748638361f,-0.59375f,0.382635042750252f,0.8857900418331489f,-0.2626145956506247f,1.281174921406625f,0.006085512816434579f,-0.2866560261855829f,-0.9580142426839235f,-0.24055806201897212f,0f,0f,0f,1f],start_interpolation:0}
execute if entity @s[tag=aj.melissa.bone.leftarm] run data modify entity @s {} merge value {transformation:[-0.9939581972172153f,-0.10975929201987042f,1.224491944816303e-16f,0.09375000000000003f,-0.10974541315965201f,0.9938325130347807f,0.015902211336468203f,1.281174921406625f,-0.001745415457841229f,0.015806133311763088f,-0.999873551842737f,-0.24055806201897204f,0f,0f,0f,1f],start_interpolation:0}
execute if entity @s[tag=aj.melissa.bone.torso] run data modify entity @s {} merge value {transformation:[-1f,-1.9474592212570538e-18f,1.224491944816303e-16f,-0.24999999999999997f,0f,0.999873551842737f,0.015902211336468203f,0.7187460484950855f,-1.2246467991473532e-16f,0.015902211336468203f,-0.999873551842737f,-0.24950305589573543f,0f,0f,0f,1f],start_interpolation:0}