execute if entity @s[tag=aj.melissa.bone.head] run data modify entity @s {} merge value {transformation:[-0.9995576998206244f,0.02961390674301399f,0.0027241983625732494f,-0.24999999999999997f,0.02969955961919807f,0.9987497356429916f,0.04021071637610918f,1.3749583325595298f,-0.0015299959896272206f,0.04027383866072697f,-0.9991875084446369f,-0.24243091851868115f,0f,0f,0f,1f],start_interpolation:0}
execute if entity @s[tag=aj.melissa.bone.broom] run data modify entity @s {} merge value {transformation:[-0.9862790942115803f,0.031287353839000026f,0.16209457057822124f,-0.7719240940015661f,0.03490378989323857f,0.9992002129048736f,0.019510509525484804f,0.6852785636245645f,-0.1613544972173797f,0.024900522496698607f,-0.9865823281445488f,-0.022868855650977238f,0f,0f,0f,1f],start_interpolation:0}
execute if entity @s[tag=aj.melissa.bone.rightarm] run data modify entity @s {} merge value {transformation:[-0.9238795325112867f,0.3649716762170987f,-0.11507512748638361f,-0.59375f,0.3826602389990722f,0.8843768108978676f,-0.2672990793760619f,1.2812140144832302f,0.004213181208904843f,-0.2909868242814416f,-0.9567177834652716f,-0.2434630659934065f,0f,0f,0f,1f],start_interpolation:0}
execute if entity @s[tag=aj.melissa.bone.leftarm] run data modify entity @s {} merge value {transformation:[-0.9927945702895806f,-0.11982879955806472f,1.2245725767508435e-16f,0.09375000000000003f,-0.11982153707170516f,0.9927343998042618f,0.011009573063736594f,1.2812140144832302f,-0.0013192639238744825f,0.0109302443588841f,-0.9999393928138616f,-0.24346306599340642f,0f,0f,0f,1f],start_interpolation:0}
execute if entity @s[tag=aj.melissa.bone.torso] run data modify entity @s {} merge value {transformation:[-1f,-1.348283841248394e-18f,1.2245725767508435e-16f,-0.24999999999999997f,0f,0.9999393928138616f,0.011009573063736594f,0.7187481060254332f,-1.2246467991473532e-16f,0.011009573063736594f,-0.9999393928138616f,-0.2496559508417583f,0f,0f,0f,1f],start_interpolation:0}