execute if entity @s[tag=aj.melissa.bone.head] run data modify entity @s {} merge value {transformation:[-0.9999419663917432f,0.0075841013959333f,-0.007651487086190089f,-0.24999999999999997f,0.0074761348001051945f,0.9998734594134827f,0.014041815016774727f,1.3749875094823407f,0.007757013411396631f,0.013983796570705205f,-0.9998721329132064f,-0.2541441893982616f,0f,0f,0f,1f],start_interpolation:0}
execute if entity @s[tag=aj.melissa.bone.broom] run data modify entity @s {} merge value {transformation:[-0.9862790942115803f,0.031287353839000026f,0.16209457057822124f,-0.7719240940015661f,0.03214974040789066f,0.9994794183371293f,0.002699354029930101f,0.6891485010768442f,-0.1619257314724562f,0.007873614813214191f,-0.9867715357046347f,-0.02286397477047733f,0f,0f,0f,1f],start_interpolation:0}
execute if entity @s[tag=aj.melissa.bone.rightarm] run data modify entity @s {} merge value {transformation:[-0.9238795325112867f,0.3649716762170987f,-0.11507512748638361f,-0.59375f,0.38267647976266067f,0.8792909343495682f,-0.28355980781330975f,1.2812392127347487f,-0.0023067819975241236f,-0.30601164737627967f,-0.9520249736361286f,-0.25357907266213514f,0f,0f,0f,1f],start_interpolation:0}
execute if entity @s[tag=aj.melissa.bone.leftarm] run data modify entity @s {} merge value {transformation:[-0.9917386427671365f,-0.12827495641160075f,1.2246245497328495e-16f,0.09375000000000003f,-0.12827262590889774f,0.9917206248340005f,-0.006027911852016845f,1.2812392127347487f,0.0007732301300703108f,-0.0059781131188391375f,-0.9999818319743136f,-0.25357907266213503f,0f,0f,0f,1f],start_interpolation:0}
execute if entity @s[tag=aj.melissa.bone.torso] run data modify entity @s {} merge value {transformation:[-1f,7.382062955114823e-19f,1.2246245497328495e-16f,-0.24999999999999997f,0f,0.9999818319743136f,-0.006027911852016845f,0.7187494322491973f,-1.2246467991473532e-16f,-0.006027911852016845f,-0.9999818319743136f,-0.2501883722453756f,0f,0f,0f,1f],start_interpolation:0}