execute if entity @s[tag=aj.melissa.bone.head] run data modify entity @s {} merge value {transformation:[-0.994079206037862f,0.1084622251700104f,-0.006517502152187627f,-0.24999999999999997f,0.1023821362178397f,0.955067570349328f,0.2781435497193907f,1.3744914108755744f,0.03639272326448689f,0.27582944327645914f,-0.9605174063572159f,-0.2235604201397266f,0f,0f,0f,1f],start_interpolation:0}
execute if entity @s[tag=aj.melissa.bone.broom] run data modify entity @s {} merge value {transformation:[-0.9862790942115803f,0.031287353839000026f,0.16209457057822124f,-0.7719240940015661f,0.03932042964160938f,0.9981399732035181f,0.04658860060228859f,0.6790437853562423f,-0.1603354363014739f,0.05232299096031823f,-0.9856748208628354f,-0.023015454387825318f,0f,0f,0f,1f],start_interpolation:0}
execute if entity @s[tag=aj.melissa.bone.rightarm] run data modify entity @s {} merge value {transformation:[-0.9238795325112867f,0.3649716762170987f,-0.11507512748638361f,-0.59375f,0.38240033617338237f,0.892032162851925f,-0.2409327776210639f,1.2808107639379962f,0.014717075158138566f,-0.26659762939118226f,-0.9636955492798499f,-0.2271658173934003f,0f,0f,0f,1f],start_interpolation:0}
execute if entity @s[tag=aj.melissa.bone.leftarm] run data modify entity @s {} merge value {transformation:[-0.9958527012051857f,-0.09098020390356991f,1.2237408470843583e-16f,0.09375000000000003f,-0.09091289984212499f,0.9951160032366578f,0.03845757070585229f,1.2808107639379962f,-0.0034988776244545203f,0.03829807566921241f,-0.9992602340008354f,-0.2271658173934002f,0f,0f,0f,1f],start_interpolation:0}
execute if entity @s[tag=aj.melissa.bone.torso] run data modify entity @s {} merge value {transformation:[-1f,-4.7096940867905025e-18f,1.2237408470843583e-16f,-0.24999999999999997f,0f,0.9992602340008354f,0.03845757070585229f,0.7187268823125261f,-1.2246467991473532e-16f,0.03845757070585229f,-0.9992602340008354f,-0.24879820091544216f,0f,0f,0f,1f],start_interpolation:0}