execute if entity @s[tag=aj.melissa.bone.head] run data modify entity @s {} merge value {transformation:[-0.9997677819489618f,0.01792154674606303f,-0.011966634409134834f,-0.24999999999999997f,0.017367070736556117f,0.9988390107698447f,0.04493345544635694f,1.374998224696573f,0.012758018297708649f,0.04471519570064483f,-0.9989183070915101f,-0.25156238249497326f,0f,0f,0f,1f],start_interpolation:0}
execute if entity @s[tag=aj.melissa.bone.broom] run data modify entity @s {} merge value {transformation:[-0.9862790942115803f,0.031287353839000026f,0.16209457057822124f,-0.7719240940015661f,0.03275760655566563f,0.9994428021139006f,0.006405038287083942f,0.6882955070894298f,-0.16180385512690648f,0.011626985527986577f,-0.9867544404124073f,-0.022859385663115295f,0f,0f,0f,1f],start_interpolation:0}
execute if entity @s[tag=aj.melissa.bone.rightarm] run data modify entity @s {} merge value {transformation:[-0.9238795325112867f,0.3649716762170987f,-0.11507512748638361f,-0.59375f,0.38268244417714936f,0.8804339244499062f,-0.27998259159515615f,1.2812484667834039f,-0.0008696696666815338f,-0.30270741688471775f,-0.9530831356380474f,-0.25134933033656787f,0f,0f,0f,1f],start_interpolation:0}
execute if entity @s[tag=aj.melissa.bone.leftarm] run data modify entity @s {} merge value {transformation:[-0.9921423268885459f,-0.1251143604714573f,1.2246436367914848e-16f,0.09375000000000003f,-0.12511403739370758f,0.9921397649195668f,-0.0022725563563246545f,1.2812484667834039f,0.0002843294351567829f,-0.002254699351349313f,-0.9999974177404697f,-0.25134933033656776f,0f,0f,0f,1f],start_interpolation:0}
execute if entity @s[tag=aj.melissa.bone.torso] run data modify entity @s {} merge value {transformation:[-1f,2.78307886765496e-19f,1.2246436367914848e-16f,-0.24999999999999997f,0f,0.9999974177404697f,-0.0022725563563246545f,0.7187499193043897f,-1.2246467991473532e-16f,-0.0022725563563246545f,-0.9999974177404697f,-0.2500710173861352f,0f,0f,0f,1f],start_interpolation:0}