execute if entity @s[tag=aj.melissa.bone.head] run data modify entity @s {} merge value {transformation:[-0.9956808672106466f,0.09219936949846397f,-0.010903528545402335f,-0.24999999999999997f,0.08671236117288127f,0.9654749632631132f,0.24564010611444134f,1.3746445667611538f,0.033174946729097904f,0.24363368317245446f,-0.9692997737198465f,-0.22789582911244102f,0f,0f,0f,1f],start_interpolation:0}
execute if entity @s[tag=aj.melissa.bone.broom] run data modify entity @s {} merge value {transformation:[-0.9862790942115803f,0.031287353839000026f,0.16209457057822124f,-0.7719240940015661f,0.03830793799523645f,0.9984502578348f,0.04036811261595785f,0.6804762152195996f,-0.16058035436421814f,0.046023734304972974f,-0.9859491699235249f,-0.02296661487740323f,0f,0f,0f,1f],start_interpolation:0}
execute if entity @s[tag=aj.melissa.bone.rightarm] run data modify entity @s {} merge value {transformation:[-0.9238795325112867f,0.3649716762170987f,-0.11507512748638361f,-0.59375f,0.3824855874024448f,0.890332186163662f,-0.2470088535061872f,1.2809430349300872f,0.0123038545233971f,-0.2722210018354858f,-0.962156089895788f,-0.23091003423347184f,0f,0f,0f,1f],start_interpolation:0}
execute if entity @s[tag=aj.melissa.bone.leftarm] run data modify entity @s {} merge value {transformation:[-0.9953675151861742f,-0.09614317298748391f,1.224013664342606e-16f,0.09375000000000003f,-0.09609346756294879f,0.9948529163501524f,0.03215152129099497f,1.2809430349300872f,-0.003091149273291023f,0.03200257985687302f,-0.9994830061980418f,-0.23091003423347176f,0f,0f,0f,1f],start_interpolation:0}
execute if entity @s[tag=aj.melissa.bone.torso] run data modify entity @s {} merge value {transformation:[-1f,-3.937425763673496e-18f,1.224013664342606e-16f,-0.24999999999999997f,0f,0.9994830061980418f,0.03215152129099497f,0.7187338439436888f,-1.2246467991473532e-16f,0.03215152129099497f,-0.9994830061980418f,-0.24899526495965646f,0f,0f,0f,1f],start_interpolation:0}