execute if entity @s[tag=aj.melissa.bone.head] run data modify entity @s {} merge value {transformation:[-0.9966305293149984f,0.08093708785408824f,-0.013295707841471131f,-0.24999999999999997f,0.0760646570160066f,0.9726706009287636f,0.2193765485231168f,1.3747477946348758f,0.030688043116879154f,0.21762603221714477f,-0.9755496676802667f,-0.23137961414203323f,0f,0f,0f,1f],start_interpolation:0}
execute if entity @s[tag=aj.melissa.bone.broom] run data modify entity @s {} merge value {transformation:[-0.9862790942115803f,0.031287353839000026f,0.16209457057822124f,-0.7719240940015661f,0.03749337857653463f,0.9986707463603508f,0.03536929356060842f,0.6816272583609733f,-0.16077249417764655f,0.04096146791575042f,-0.9861411477380333f,-0.022933924994269633f,0f,0f,0f,1f],start_interpolation:0}
execute if entity @s[tag=aj.melissa.bone.rightarm] run data modify entity @s {} merge value {transformation:[-0.9238795325112867f,0.3649716762170987f,-0.11507512748638361f,-0.59375f,0.38254304717994553f,0.8889407123267805f,-0.25188335995503547f,1.2810321862755747f,0.010364673704856785f,-0.27673107076589226f,-0.9608915068891777f,-0.23391875766811968f,0f,0f,0f,1f],start_interpolation:0}
execute if entity @s[tag=aj.melissa.bone.leftarm] run data modify entity @s {} merge value {transformation:[-0.9949510169813002f,-0.10036171485121488f,1.2241975446118956e-16f,0.09375000000000003f,-0.10032489774148609f,0.9945860250038188f,0.0270841976115881f,1.2810321862755747f,-0.002718216517668282f,0.02694744995777207f,-0.9996331558325466f,-0.2339187576681196f,0f,0f,0f,1f],start_interpolation:0}
execute if entity @s[tag=aj.melissa.bone.torso] run data modify entity @s {} merge value {transformation:[-1f,-3.3168575912505754e-18f,1.2241975446118956e-16f,-0.24999999999999997f,0f,0.9996331558325466f,0.0270841976115881f,0.7187385361197671f,-1.2246467991473532e-16f,0.0270841976115881f,-0.9996331558325466f,-0.24915361882463793f,0f,0f,0f,1f],start_interpolation:0}