execute if entity @s[tag=aj.melissa.bone.head] run data modify entity @s {} merge value {transformation:[-0.9974708742698425f,0.06946024970699904f,-0.015070789428472267f,-0.24999999999999997f,0.06533313183990386f,0.9795231416073475f,0.19043633303459165f,1.3748397228459495f,0.027989942253347926f,0.18897007373209523f,-0.9815838600783637f,-0.2351556273944177f,0f,0f,0f,1f],start_interpolation:0}
execute if entity @s[tag=aj.melissa.bone.broom] run data modify entity @s {} merge value {transformation:[-0.9862790942115803f,0.031287353839000026f,0.16209457057822124f,-0.7719240940015661f,0.03660953031367231f,0.9988807162253106f,0.02995091056083371f,0.6828748456460298f,-0.16097605601889076f,0.03547416303401629f,-0.9863205833529173f,-0.022905087110986377f,0f,0f,0f,1f],start_interpolation:0}
execute if entity @s[tag=aj.melissa.bone.rightarm] run data modify entity @s {} merge value {transformation:[-0.9238795325112867f,0.3649716762170987f,-0.11507512748638361f,-0.59375f,0.38259421722117437f,0.8874069387440471f,-0.25715868645222906f,1.281111578821502f,0.008262829760015258f,-0.28161072534298176f,-0.9594931604843031f,-0.2371798600224517f,0f,0f,0f,1f],start_interpolation:0}
execute if entity @s[tag=aj.melissa.bone.leftarm] run data modify entity @s {} merge value {transformation:[-0.9944756785971994f,-0.10496725526867758f,1.2243612967419942e-16f,0.09375000000000003f,-0.10494278420985145f,0.9942438360785987f,0.02159181469902889f,1.281111578821502f,-0.0022664335252270723f,0.02147253457496173f,-0.9997668695941083f,-0.23717986002245162f,0f,0f,0f,1f],start_interpolation:0}
execute if entity @s[tag=aj.melissa.bone.torso] run data modify entity @s {} merge value {transformation:[-1f,-2.6442346758948504e-18f,1.2243612967419942e-16f,-0.24999999999999997f,0f,0.9997668695941083f,0.02159181469902889f,0.7187427146748159f,-1.2246467991473532e-16f,0.02159181469902889f,-0.9997668695941083f,-0.2493252557906554f,0f,0f,0f,1f],start_interpolation:0}