execute if entity @s[tag=aj.melissa.bone.head] run data modify entity @s {} merge value {transformation:[-0.9994725365460057f,0.029004706029385163f,-0.01460738574976087f,-0.24999999999999997f,0.027786561635654253f,0.996594638898704f,0.07763396621859268f,1.37499816308924f,0.01680939269460251f,0.07718712811415221f,-0.9968749127000479f,-0.24841073950515316f,0f,0f,0f,1f],start_interpolation:0}
execute if entity @s[tag=aj.melissa.bone.broom] run data modify entity @s {} merge value {transformation:[-0.9862790942115803f,0.031287353839000026f,0.16209457057822124f,-0.7719240940015661f,0.033499002932108515f,0.9993790001073196f,0.010928446689659421f,0.6872542416477081f,-0.16165198768879807f,0.016208504997295536f,-0.9867147101579126f,-0.022858125578529648f,0f,0f,0f,1f],start_interpolation:0}
execute if entity @s[tag=aj.melissa.bone.rightarm] run data modify entity @s {} merge value {transformation:[-0.9238795325112867f,0.3649716762170987f,-0.11507512748638361f,-0.59375f,0.3826824098846322f,0.8818123434194761f,-0.27561052983865153f,1.281248413577071f,0.000884630779767531f,-0.298668154566792f,-0.9543566161954609f,-0.24862745684535958f,0f,0f,0f,1f],start_interpolation:0}
execute if entity @s[tag=aj.melissa.bone.leftarm] run data modify entity @s {} merge value {transformation:[-0.9926228670602735f,-0.12124291232497962f,1.2246435270500698e-16f,0.09375000000000003f,-0.1212425883796557f,0.992620214900819f,0.002311651628868229f,1.281248413577071f,-0.0002802713757648885f,0.0022945982674917177f,-0.9999973281298039f,-0.2486274568453595f,0f,0f,0f,1f],start_interpolation:0}
execute if entity @s[tag=aj.melissa.bone.torso] run data modify entity @s {} merge value {transformation:[-1f,-2.830956768037242e-19f,1.2246435270500698e-16f,-0.24999999999999997f,0f,0.9999973281298039f,0.002311651628868229f,0.7187499165040564f,-1.2246467991473532e-16f,0.002311651628868229f,-0.9999973281298039f,-0.24992776088659793f,0f,0f,0f,1f],start_interpolation:0}