execute if entity @s[tag=aj.melissa.bone.head] run data modify entity @s {} merge value {transformation:[-0.9929586135376613f,0.11843636144388524f,-0.0024535870269125843f,-0.24999999999999997f,0.11270381548888325f,0.9508709977976003f,0.2883438841412174f,1.3743854274362475f,0.03648344522674662f,0.2860370147993603f,-0.9575237774536242f,-0.22093697235793072f,0f,0f,0f,1f],start_interpolation:0}
execute if entity @s[tag=aj.melissa.bone.broom] run data modify entity @s {} merge value {transformation:[-0.9862790942115803f,0.031287353839000026f,0.16209457057822124f,-0.7719240940015661f,0.039932468687714204f,0.9979328711915356f,0.050352582256748574f,0.678176986305136f,-0.16018410116390908f,0.056134535583463346f,-0.9854897095602466f,-0.023049404212035357f,0f,0f,0f,1f],start_interpolation:0}
execute if entity @s[tag=aj.melissa.bone.rightarm] run data modify entity @s {} merge value {transformation:[-0.9238795325112867f,0.3649716762170987f,-0.11507512748638361f,-0.59375f,0.38234134256416713f,0.8930438019502981f,-0.2372506387017468f,1.28071923278585f,0.016177366069801444f,-0.2631889879106607f,-0.9646086509406836f,-0.22490011249094022f,0f,0f,0f,1f],start_interpolation:0}
execute if entity @s[tag=aj.melissa.bone.leftarm] run data modify entity @s {} merge value {transformation:[-0.9960376168879028f,-0.08893292834640736f,1.2235520583138355e-16f,0.09375000000000003f,-0.08885342909146063f,0.9951472352270958f,0.04227349475210085f,1.28071923278585f,-0.003759505679740934f,0.04210599097040578f,-0.9991060762709053f,-0.22490011249094016f,0f,0f,0f,1f],start_interpolation:0}
execute if entity @s[tag=aj.melissa.bone.torso] run data modify entity @s {} merge value {transformation:[-1f,-5.1770100036932734e-18f,1.2235520583138355e-16f,-0.24999999999999997f,0f,0.9991060762709053f,0.04227349475210085f,0.7187220648834658f,-1.2246467991473532e-16f,0.04227349475210085f,-0.9991060762709053f,-0.24867895328899692f,0f,0f,0f,1f],start_interpolation:0}