execute if entity @s[tag=aj.percival.bone.rightarm] run data modify entity @s {} merge value {transformation:[-1f,-9.608468044710109e-18f,1.220871621770789e-16f,-0.3125f,0f,0.996917333733128f,0.07845909572784494f,1.45625f,-1.2246467991473532e-16f,0.07845909572784494f,-0.996917333733128f,-0.03125000000000004f,0f,0f,0f,1f],start_interpolation:0}
execute if entity @s[tag=aj.percival.bone.leftarm] run data modify entity @s {} merge value {transformation:[-1f,9.608468044710109e-18f,1.220871621770789e-16f,0.3125f,0f,0.996917333733128f,-0.07845909572784494f,1.45625f,-1.2246467991473532e-16f,-0.07845909572784494f,-0.996917333733128f,-0.031249999999999962f,0f,0f,0f,1f],start_interpolation:0}
execute if entity @s[tag=aj.percival.bone.torso] run data modify entity @s {} merge value {transformation:[-1f,0f,1.2246467991473532e-16f,3.827021247335479e-18f,0f,1f,0f,1.14375f,-1.2246467991473532e-16f,0f,-1f,-0.03125f,0f,0f,0f,1f],start_interpolation:0}
execute if entity @s[tag=aj.percival.bone.head] run data modify entity @s {} merge value {transformation:[-1f,0f,1.2246467991473532e-16f,3.827021247335479e-18f,0f,1f,0f,1.51875f,-1.2246467991473532e-16f,0f,-1f,-0.03125f,0f,0f,0f,1f],start_interpolation:0}
execute if entity @s[tag=aj.percival.bone.leftleg] run data modify entity @s {} merge value {transformation:[-0.9999939076577904f,-0.0034523096231230143f,-0.0005159511301428406f,0.125f,-0.0034906514152237317f,0.9890098379388265f,0.14780851062409622f,0.76875f,-1.2246393381799668e-16f,0.1478094111296106f,-0.9890158633619168f,-0.006249999999999985f,0f,0f,0f,1f],start_interpolation:0}
execute if entity @s[tag=aj.percival.bone.rightleg] run data modify entity @s {} merge value {transformation:[-0.9999939076577904f,0.003489455256164695f,0.00009137460165723828f,-0.125f,0.003490651415223731f,0.9996512347210412f,0.026176788828946057f,0.76875f,-1.2247071008157472e-16f,0.02617694830787315f,-0.9996573249755573f,0.006249999999999985f,0f,0f,0f,1f],start_interpolation:0}