execute if entity @s[tag=aj.melissa.bone.rightleg] run data modify entity @s {} merge value {transformation:[-0.9956164767118726f,0.09352984176099816f,1.2246467991473532e-16f,-0.375f,0.09352984176099816f,0.9956164767118726f,0f,0.65625f,-1.2192785313835601e-16f,1.1454102133736483e-17f,-1f,-0.25000000000000006f,0f,0f,0f,1f],start_interpolation:0}
execute if entity @s[tag=aj.melissa.bone.leftleg] run data modify entity @s {} merge value {transformation:[-0.9901460843737698f,-0.14003832189544238f,1.2246467991473532e-16f,-0.12499999999999997f,-0.14003832189544238f,0.9901460843737698f,0f,0.65625f,-1.2125792329166223e-16f,-1.714974826672202e-17f,-1f,-0.25f,0f,0f,0f,1f],start_interpolation:0}
execute if entity @s[tag=aj.melissa.bone.head] run data modify entity @s {} merge value {transformation:[-0.9991733461682224f,0.005400045816869791f,-0.04029223017125429f,-0.34165413014975643f,0.0011676733569892799f,0.994541596906553f,0.10433431152547507f,1.3413089024673206f,0.04063570899995477f,0.10420101500340198f,-0.9937257607742348f,-0.058193614598029964f,0f,0f,0f,1f],start_interpolation:0}
execute if entity @s[tag=aj.melissa.bone.broom] run data modify entity @s {} merge value {transformation:[-0.9579108535504841f,-0.2814401726448288f,0.05655285909511276f,-0.6953398510538007f,0.11345618867596402f,-0.19020918410640775f,0.975165708755542f,0.8465093210895531f,-0.2636939322421106f,0.9405380882788443f,0.21413457122909796f,-0.42791673334229685f,0f,0f,0f,1f],start_interpolation:0}
execute if entity @s[tag=aj.melissa.bone.rightarm] run data modify entity @s {} merge value {transformation:[-0.9659507067130025f,0.2572657360005197f,0.027451289236786643f,-0.6242231150366038f,0.2356701263543605f,0.831120984935155f,0.5036839286145008f,1.243314228420614f,0.10676527405842484f,0.4930032956081823f,-0.8634517512720098f,-0.07499112997080803f,0f,0f,0f,1f],start_interpolation:0}
execute if entity @s[tag=aj.melissa.bone.leftarm] run data modify entity @s {} merge value {transformation:[-0.854115487360444f,-0.4684866177174736f,-0.2258473450600496f,-0.058703732642455375f,-0.5079479282573582f,0.658166303879113f,0.5557031749208967f,1.315778375336735f,-0.11169438853446904f,0.5893533791009846f,-0.8001168402878182f,-0.11188018626717092f,0f,0f,0f,1f],start_interpolation:0}
execute if entity @s[tag=aj.melissa.bone.torso] run data modify entity @s {} merge value {transformation:[-0.9903165889868428f,-0.13331509839964578f,-0.03873161649295511f,-0.2541660968249889f,-0.13882742372263698f,0.9509947672251937f,0.27628952049043604f,0.7172185864757873f,-1.212788040845262e-16f,0.2789911060392292f,-0.9602936856769431f,-0.24128152793627414f,0f,0f,0f,1f],start_interpolation:0}