execute if entity @s[tag=aj.melissa.bone.rightleg] run data modify entity @s {} merge value {transformation:[-0.9952513204526506f,0.0973386312686559f,1.2246467991473532e-16f,-0.375f,0.0973386312686559f,0.9952513204526506f,0f,0.65625f,-1.2188313439395152e-16f,1.1920544321654391e-17f,-1f,-0.25000000000000006f,0f,0f,0f,1f],start_interpolation:0}
execute if entity @s[tag=aj.melissa.bone.leftleg] run data modify entity @s {} merge value {transformation:[-0.9893260471738045f,-0.14571881273004925f,1.2246467991473532e-16f,-0.12499999999999997f,-0.14571881273004925f,0.9893260471738045f,0f,0.65625f,-1.211574976984503e-16f,-1.784540775854074e-17f,-1f,-0.25f,0f,0f,0f,1f],start_interpolation:0}
execute if entity @s[tag=aj.melissa.bone.head] run data modify entity @s {} merge value {transformation:[-0.9990546246998484f,-0.025214757822017837f,-0.03541289106839597f,-0.33870095756474505f,-0.030419603266222298f,0.9874278755984863f,0.1551155641068484f,1.3404349568598175f,0.031056474413086975f,0.15604616778068325f,-0.9872614086036139f,-0.053876742231917935f,0f,0f,0f,1f],start_interpolation:0}
execute if entity @s[tag=aj.melissa.bone.broom] run data modify entity @s {} merge value {transformation:[-0.9558965240598332f,-0.28923669630035226f,0.051029097616817266f,-0.6903391804978131f,0.12746668232647484f,-0.25201927647847705f,0.9592906385345092f,0.866644948222709f,-0.26460173882083693f,0.9234870967136047f,0.27777239246632635f,-0.43694002784035124f,0f,0f,0f,1f],start_interpolation:0}
execute if entity @s[tag=aj.melissa.bone.rightarm] run data modify entity @s {} merge value {transformation:[-0.9648442478604634f,0.2605050581435146f,0.034823728292942495f,-0.6198394636478786f,0.2390771561164237f,0.814899259774597f,0.5279974524958402f,1.245331402505106f,0.10916817665354595f,0.5177608628512373f,-0.8485316718341646f,-0.07066143865312102f,0f,0f,0f,1f],start_interpolation:0}
execute if entity @s[tag=aj.melissa.bone.leftarm] run data modify entity @s {} merge value {transformation:[-0.8504010829082649f,-0.470736019384527f,-0.23500127285285183f,-0.05876563712853697f,-0.5129150523695577f,0.6422444927307789f,0.569596489288442f,1.3147195429882435f,-0.11720131074857545f,0.6049211614838702f,-0.7876130021449755f,-0.10910254206743614f,0f,0f,0f,1f],start_interpolation:0}
execute if entity @s[tag=aj.melissa.bone.torso] run data modify entity @s {} merge value {transformation:[-0.9908982307538047f,-0.12901957463962918f,-0.03840111520241044f,-0.25403186170748837f,-0.13461313564797323f,0.94972357361428f,0.28267372964663995f,0.7171788616754462f,-1.2481948160929584e-16f,0.28527019311721036f,-0.958447138301779f,-0.24108530646508725f,0f,0f,0f,1f],start_interpolation:0}