execute if entity @s[tag=aj.melissa.bone.rightleg] run data modify entity @s {} merge value {transformation:[-0.9951860903528308f,0.09800329366019946f,1.2246467991473532e-16f,-0.375f,0.09800329366019946f,0.9951860903528308f,0f,0.65625f,-1.2187514601065628e-16f,1.2001941988686136e-17f,-1f,-0.25000000000000006f,0f,0f,0f,1f],start_interpolation:0}
execute if entity @s[tag=aj.melissa.bone.leftleg] run data modify entity @s {} merge value {transformation:[-0.9891795720857958f,-0.1467098298280041f,1.2246467991473532e-16f,-0.12499999999999997f,-0.1467098298280041f,0.9891795720857958f,0f,0.65625f,-1.2113955967368183e-16f,-1.796677235023181e-17f,-1f,-0.25f,0f,0f,0f,1f],start_interpolation:0}
execute if entity @s[tag=aj.melissa.bone.head] run data modify entity @s {} merge value {transformation:[-0.9906959064104311f,-0.13017206843104925f,-0.03970961624085882f,-0.3407540660429375f,-0.1360929924946077f,0.9487877464959522f,0.2850973684427748f,1.3391490307144178f,0.0005642831529385684f,0.2878489963496744f,-0.9576756428379122f,-0.05056707828035567f,0f,0f,0f,1f],start_interpolation:0}
execute if entity @s[tag=aj.melissa.bone.broom] run data modify entity @s {} merge value {transformation:[-0.9561971962680335f,-0.28904921227386f,0.04623283176502238f,-0.6902840107074015f,0.1270178788026182f,-0.26740662146092553f,0.9551754588887513f,0.8691167120453025f,-0.2637297486322603f,0.9192084919552878f,0.2924078795170377f,-0.4375046646202019f,0f,0f,0f,1f],start_interpolation:0}
execute if entity @s[tag=aj.melissa.bone.rightarm] run data modify entity @s {} merge value {transformation:[-0.9655646418940836f,0.25799760052210197f,0.033498663388075f,-0.6212598948887207f,0.2352904701406064f,0.8110417600456044f,0.5355834744679306f,1.243463169467483f,0.11101043637857698f,0.5250223819866786f,-0.8438176233215753f,-0.06756564762422701f,0f,0f,0f,1f],start_interpolation:0}
execute if entity @s[tag=aj.melissa.bone.leftarm] run data modify entity @s {} merge value {transformation:[-0.8476991866425359f,-0.4734017223795183f,-0.23936770503492844f,-0.061271539891243926f,-0.5167938631388467f,0.6351537288818359f,0.5740242535899736f,1.3147648141805752f,-0.11970877991028868f,0.6103036538769901f,-0.7830704042912011f,-0.1063038642766039f,0f,0f,0f,1f],start_interpolation:0}
execute if entity @s[tag=aj.melissa.bone.torso] run data modify entity @s {} merge value {transformation:[-0.9904409972708372f,-0.1320059142442728f,-0.040013366887616385f,-0.2541251848201335f,-0.1379370542136858f,0.9478531355846078f,0.2873113336387511f,0.717120410487019f,-1.2129403970520431e-16f,0.2900842497740282f,-0.9570011118243485f,-0.24093486719456167f,0f,0f,0f,1f],start_interpolation:0}