execute if entity @s[tag=aj.melissa.bone.rightleg] run data modify entity @s {} merge value {transformation:[-0.9952513204526506f,0.0973386312686559f,1.2246467991473532e-16f,-0.375f,0.0973386312686559f,0.9952513204526506f,0f,0.65625f,-1.2188313439395152e-16f,1.1920544321654391e-17f,-1f,-0.25000000000000006f,0f,0f,0f,1f],start_interpolation:0}
execute if entity @s[tag=aj.melissa.bone.leftleg] run data modify entity @s {} merge value {transformation:[-0.9893260471738045f,-0.14571881273004925f,1.2246467991473532e-16f,-0.12499999999999997f,-0.14571881273004925f,0.9893260471738045f,0f,0.65625f,-1.211574976984503e-16f,-1.784540775854074e-17f,-1f,-0.25f,0f,0f,0f,1f],start_interpolation:0}
execute if entity @s[tag=aj.melissa.bone.head] run data modify entity @s {} merge value {transformation:[-0.9927962690945309f,-0.11377234698216283f,-0.037568885186416816f,-0.3419239918645289f,-0.11965892800233387f,0.9574878002162164f,0.2624859108341682f,1.3391114434878832f,0.0061081111083637965f,0.2650904854936913f,-0.9642041928343845f,-0.050980512423212804f,0f,0f,0f,1f],start_interpolation:0}
execute if entity @s[tag=aj.melissa.bone.broom] run data modify entity @s {} merge value {transformation:[-0.9566993258679924f,-0.2873744860690173f,0.04628503689419645f,-0.691365855972261f,0.12371699945333695f,-0.25751784593125715f,0.9583207516657396f,0.8651982093150646f,-0.2634777104993741f,0.922551062968058f,0.28192025873731497f,-0.43589676692252327f,0f,0f,0f,1f],start_interpolation:0}
execute if entity @s[tag=aj.melissa.bone.rightarm] run data modify entity @s {} merge value {transformation:[-0.9659890267090007f,0.25664530963224663f,0.03159723597984266f,-0.6225818931867924f,0.2336512871856399f,0.8139610736667718f,0.5318594236748369f,1.2426422467385962f,0.11078030634680175f,0.5211531018798645f,-0.8462429722761097f,-0.06801307510290239f,0f,0f,0f,1f],start_interpolation:0}
execute if entity @s[tag=aj.melissa.bone.leftarm] run data modify entity @s {} merge value {transformation:[-0.84783432442843f,-0.4736480488044337f,-0.23839984099143308f,-0.06189459764533589f,-0.5167515082753279f,0.6371828604161508f,0.5718093048272876f,1.315071850482977f,-0.11893206891398758f,0.6079930330650549f,-0.784983843609659f,-0.10648358843861785f,0f,0f,0f,1f],start_interpolation:0}
execute if entity @s[tag=aj.melissa.bone.torso] run data modify entity @s {} merge value {transformation:[-0.990195476604755f,-0.13370762453022383f,-0.04043747338752297f,-0.25417836326656945f,-0.1396886470386264f,0.9477984632551031f,0.286644649243245f,0.717118701976722f,-1.177945251434665e-16f,0.28948289102078145f,-0.9571831882175169f,-0.24095365965560064f,0f,0f,0f,1f],start_interpolation:0}