execute if entity @s[tag=aj.melissa.bone.rightleg] run data modify entity @s {} merge value {transformation:[-0.9954483260589911f,0.095302833884163f,1.2246467991473532e-16f,-0.375f,0.095302833884163f,0.9954483260589911f,0f,0.65625f,-1.2190726062247342e-16f,1.1671231046591213e-17f,-1f,-0.25000000000000006f,0f,0f,0f,1f],start_interpolation:0}
execute if entity @s[tag=aj.melissa.bone.leftleg] run data modify entity @s {} merge value {transformation:[-0.9897684502340418f,-0.14268291741236294f,1.2246467991473532e-16f,-0.12499999999999997f,-0.14268291741236294f,0.9897684502340418f,0f,0.65625f,-1.2121167644761557e-16f,-1.7473617810205643e-17f,-1f,-0.25f,0f,0f,0f,1f],start_interpolation:0}
execute if entity @s[tag=aj.melissa.bone.head] run data modify entity @s {} merge value {transformation:[-0.9958602694825328f,0.07155143190724542f,-0.05605993451833346f,-0.3371790998111339f,0.07025862603868563f,0.9972228434580228f,0.02470477590774678f,1.3425653143433034f,0.05767190939558997f,0.020663810817917516f,-0.9981217149171479f,-0.060407045224698724f,0f,0f,0f,1f],start_interpolation:0}
execute if entity @s[tag=aj.melissa.bone.broom] run data modify entity @s {} merge value {transformation:[-0.9561556575565948f,-0.28691729651701625f,0.058692618632005526f,-0.6920462335714319f,0.12306367828867343f,-0.21177979587403734f,0.9695383690940822f,0.8568851788604374f,-0.2657474169367924f,0.9342525263647498f,0.2378035478551676f,-0.43366090240753075f,0f,0f,0f,1f],start_interpolation:0}
execute if entity @s[tag=aj.melissa.bone.rightarm] run data modify entity @s {} merge value {transformation:[-0.9643315261038419f,0.2624851899465692f,0.034150151111652385f,-0.6195494688635506f,0.24274976642719237f,0.8255441815625945f,0.5094598661206686f,1.2472209445846643f,0.10553321117912941f,0.49957815139061035f,-0.8598164990225308f,-0.07683484386289957f,0f,0f,0f,1f],start_interpolation:0}
execute if entity @s[tag=aj.melissa.bone.leftarm] run data modify entity @s {} merge value {transformation:[-0.8548327049570533f,-0.46680249363289766f,-0.22661967803771155f,-0.055717839813159586f,-0.5067268322318104f,0.6569001355737748f,0.5583100656261455f,1.3151951481905697f,-0.11175403362797355f,0.5920959751773902f,-0.7980810686556931f,-0.11440204551997743f,0f,0f,0f,1f],start_interpolation:0}
execute if entity @s[tag=aj.melissa.bone.torso] run data modify entity @s {} merge value {transformation:[-0.9912601725366786f,-0.12680596336164934f,-0.036380186894490234f,-0.25396268635505154f,-0.13192145520177526f,0.9528222754084413f,0.2733613746360784f,0.7172756961065138f,-1.2139435974192967e-16f,0.2757715705822565f,-0.961223200333094f,-0.24138213841930453f,0f,0f,0f,1f],start_interpolation:0}