execute if entity @s[tag=aj.melissa.bone.rightleg] run data modify entity @s {} merge value {transformation:[-0.9956644944406897f,0.09301728070721946f,1.2246467991473532e-16f,-0.375f,0.09301728070721946f,0.9956644944406897f,0f,0.65625f,-1.2193373361414584e-16f,1.1391331508348716e-17f,-1f,-0.25000000000000006f,0f,0f,0f,1f],start_interpolation:0}
execute if entity @s[tag=aj.melissa.bone.leftleg] run data modify entity @s {} merge value {transformation:[-0.9902539278630668f,-0.1392736814756044f,1.2246467991473532e-16f,-0.12499999999999997f,-0.1392736814756044f,0.9902539278630668f,0f,0.65625f,-1.2127113031005987e-16f,-1.7056106822456695e-17f,-1f,-0.25f,0f,0f,0f,1f],start_interpolation:0}
execute if entity @s[tag=aj.melissa.bone.head] run data modify entity @s {} merge value {transformation:[-0.9989653253644835f,0.016718278474634682f,-0.042293946189450454f,-0.34139890851833826f,0.012906994800699928f,0.9959628093749486f,0.08883406906797833f,1.3416581089422428f,0.04360835017111139f,0.08819626696637572f,-0.9951480946515194f,-0.05926547762199638f,0f,0f,0f,1f],start_interpolation:0}
execute if entity @s[tag=aj.melissa.bone.broom] run data modify entity @s {} merge value {transformation:[-0.9580293813247814f,-0.28069383239289986f,0.05822951979059275f,-0.6958127756820456f,0.11236732966092225f,-0.18082545452871773f,0.9770750934392689f,0.8441568441734375f,-0.2637295731299963f,0.9426097429217828f,0.20477691472820048f,-0.42680675446152694f,0f,0f,0f,1f],start_interpolation:0}
execute if entity @s[tag=aj.melissa.bone.rightarm] run data modify entity @s {} merge value {transformation:[-0.9658670409038981f,0.2576190306187605f,0.027079408387145572f,-0.6242581506990572f,0.23628177808044948f,0.833342563146414f,0.4997110102806481f,1.243551709554721f,0.10616864246418967f,0.4890527655699485f,-0.8657687981474593f,-0.07602026908871562f,0f,0f,0f,1f],start_interpolation:0}
execute if entity @s[tag=aj.melissa.bone.leftarm] run data modify entity @s {} merge value {transformation:[-0.8551215225727654f,-0.4675523685376369f,-0.2239686681383828f,-0.058063650656975635f,-0.5064757493632879f,0.6611962865205283f,0.5534453776104371f,1.315824985857477f,-0.11067744548791948f,0.5866977529923811f,-0.8022071114705724f,-0.11269563823392742f,0f,0f,0f,1f],start_interpolation:0}
execute if entity @s[tag=aj.melissa.bone.torso] run data modify entity @s {} merge value {transformation:[-0.990379798874756f,-0.1329438669357648f,-0.03838987138508524f,-0.2541544958417426f,-0.13837577093117753f,0.9515027039159896f,0.27476308059810894f,0.7172344594973746f,-1.2128654506321695e-16f,0.2774320325498235f,-0.9607452666109126f,-0.24133024898281807f,0f,0f,0f,1f],start_interpolation:0}