execute if entity @s[tag=aj.melissa.bone.rightleg] run data modify entity @s {} merge value {transformation:[-0.9961946980917455f,0.08715574274765818f,1.2246467991473532e-16f,-0.375f,0.08715574274765818f,0.9961946980917455f,0f,0.65625f,-1.2199866483456202e-16f,1.0673500138322974e-17f,-1f,-0.25000000000000006f,0f,0f,0f,1f],start_interpolation:0}
execute if entity @s[tag=aj.melissa.bone.leftleg] run data modify entity @s {} merge value {transformation:[-0.9914448613738104f,-0.13052619222005157f,1.2246467991473532e-16f,-0.12499999999999997f,-0.13052619222005157f,0.9914448613738104f,0f,0.65625f,-1.2141697760125282e-16f,-1.5984848350717833e-17f,-1f,-0.25f,0f,0f,0f,1f],start_interpolation:0}
execute if entity @s[tag=aj.melissa.bone.head] run data modify entity @s {} merge value {transformation:[-0.9994802069140991f,0.018704972342929706f,-0.02625718942689716f,-0.3427659352013897f,0.019455222989802096f,0.9994011700960629f,-0.028614603073214895f,1.3594736400159588f,0.025706230477586595f,-0.02911056887576735f,-0.9992455976857554f,-0.13818694892851752f,0f,0f,0f,1f],start_interpolation:0}
execute if entity @s[tag=aj.melissa.bone.broom] run data modify entity @s {} merge value {transformation:[-0.9560585057792198f,-0.28401031952310546f,0.07273425555808796f,-0.6993821508066581f,0.06964954438090003f,0.020958980335331057f,0.9973513233113177f,0.7994633792169528f,-0.2847825038423862f,0.9585921236624506f,-0.00025682206779448213f,-0.43088653360346185f,0f,0f,0f,1f],start_interpolation:0}
execute if entity @s[tag=aj.melissa.bone.rightarm] run data modify entity @s {} merge value {transformation:[-0.9668361911162462f,0.25320995027924065f,0.03335416956564925f,-0.6284185800623565f,0.24769768391152835f,0.8978319577020849f,0.3640654242216722f,1.257786578469874f,0.062238548606906106f,0.3602533786218056f,-0.9307759484746475f,-0.14835177175319778f,0f,0f,0f,1f],start_interpolation:0}
execute if entity @s[tag=aj.melissa.bone.leftarm] run data modify entity @s {} merge value {transformation:[-0.8635635031470088f,-0.46576263628756714f,-0.19319224278143649f,-0.054311680878258384f,-0.5003842914198764f,0.7442767328502857f,0.442343425222906f,1.3266094452480524f,-0.062238548606906315f,0.47866200139154547f,-0.8757905294596111f,-0.18172691321586365f,0f,0f,0f,1f],start_interpolation:0}
execute if entity @s[tag=aj.melissa.bone.torso] run data modify entity @s {} merge value {transformation:[-0.9906051762440649f,-0.13493226938383962f,-0.02224112131598049f,-0.25421663341824496f,-0.13675300654269076f,0.9774162036595767f,0.16110921769171288f,0.7180442563643618f,-1.2131414583060938e-16f,0.16263716519488372f,-0.986685944207868f,-0.24491758858765994f,0f,0f,0f,1f],start_interpolation:0}