execute if entity @s[tag=aj.melissa.bone.rightleg] run data modify entity @s {} merge value {transformation:[-0.9987959913910442f,0.04905677915620844f,1.2246467991473532e-16f,-0.375f,0.04905677915620844f,0.9987959913910442f,0f,0.65625f,-1.2231723138582498e-16f,6.007722757012926e-18f,-1f,-0.25000000000000006f,0f,0f,0f,1f],start_interpolation:0}
execute if entity @s[tag=aj.melissa.bone.leftleg] run data modify entity @s {} merge value {transformation:[-0.9972916602425449f,-0.07354824546288187f,1.2246467991473532e-16f,-0.12499999999999997f,-0.07354824546288187f,0.9972916602425449f,0f,0.65625f,-1.2213300395323823e-16f,-9.007062338902212e-18f,-1f,-0.25f,0f,0f,0f,1f],start_interpolation:0}
execute if entity @s[tag=aj.melissa.bone.head] run data modify entity @s {} merge value {transformation:[-0.998480390823389f,-0.054880559504295115f,0.005003331856649574f,-0.33973675715128543f,-0.05510815857177813f,0.9943566238215311f,-0.0906531605685852f,1.3691183421944948f,-1.2227858146332618e-16f,-0.09079112759923987f,-0.9958699569468187f,-0.25000000000000006f,0f,0f,0f,1f],start_interpolation:0}
execute if entity @s[tag=aj.melissa.bone.broom] run data modify entity @s {} merge value {transformation:[-0.9661531920389134f,-0.20757898609209485f,0.15316322680720734f,-0.7358544224491028f,-0.03613634771576463f,0.6967758621010729f,0.7163780861856904f,0.6696234703068128f,-0.25542547618979494f,0.6865962150538589f,-0.6806933697245272f,-0.2826145453999308f,0f,0f,0f,1f],start_interpolation:0}
execute if entity @s[tag=aj.melissa.bone.rightarm] run data modify entity @s {} merge value {transformation:[-0.9659258262890682f,0.2588034613297186f,-0.0028401604774202973f,-0.6444671902740625f,0.25881904510252074f,0.9658676668571973f,-0.010599623203382086f,1.2521667205194236f,-1.1829179713786698e-16f,-0.010973537423783465f,-0.9999397889255177f,-0.2500000000000001f,0f,0f,0f,1f],start_interpolation:0}
execute if entity @s[tag=aj.melissa.bone.leftarm] run data modify entity @s {} merge value {transformation:[-0.9175075122445984f,-0.39007978606922655f,-0.07757399999300471f,-0.022685441205441637f,-0.3977184493768529f,0.8998856720226138f,0.178957571266712f,1.3251629077431566f,-1.1583171075835345e-16f,0.19504752699943415f,-0.9807937918907342f,-0.26757421875000004f,0f,0f,0f,1f],start_interpolation:0}
execute if entity @s[tag=aj.melissa.bone.torso] run data modify entity @s {} merge value {transformation:[-0.9914448613738104f,-0.13052619222005157f,1.2246467991473532e-16f,-0.2540789435068766f,-0.13052619222005157f,0.9914448613738104f,0f,0.7184826519179316f,-1.2141697760125282e-16f,-1.5984848350717833e-17f,-1f,-0.25000000000000006f,0f,0f,0f,1f],start_interpolation:0}