execute if entity @s[tag=aj.melissa.bone.rightleg] run data modify entity @s {} merge value {transformation:[-0.9952945605693172f,0.0968954988692967f,1.2246467991473532e-16f,-0.375f,0.0968954988692967f,0.9952945605693172f,0f,0.65625f,-1.2188842978099859e-16f,1.186627625420702e-17f,-1f,-0.25000000000000006f,0f,0f,0f,1f],start_interpolation:0}
execute if entity @s[tag=aj.melissa.bone.leftleg] run data modify entity @s {} merge value {transformation:[-0.9894231456538528f,-0.1450580533594557f,1.2246467991473532e-16f,-0.12499999999999997f,-0.1450580533594557f,0.9894231456538528f,0f,0.65625f,-1.2116938883272963e-16f,-1.776448807372034e-17f,-1f,-0.25f,0f,0f,0f,1f],start_interpolation:0}
execute if entity @s[tag=aj.melissa.bone.head] run data modify entity @s {} merge value {transformation:[-0.9991533726991724f,0.009294462992804784f,-0.04007681102014254f,-0.33820661162015087f,0.004821437204409057f,0.9938871443562814f,0.11029550320208015f,1.3409560942508882f,0.040856964732500334f,0.11000889619022411f,-0.9930905050355963f,-0.055395332653951496f,0f,0f,0f,1f],start_interpolation:0}
execute if entity @s[tag=aj.melissa.bone.broom] run data modify entity @s {} merge value {transformation:[-0.9559131287028393f,-0.2888375163244457f,0.052943172714475135f,-0.6906586511807722f,0.1267140415968251f,-0.24308672434682577f,0.9616924644128855f,0.8645916836923345f,-0.2649030804572631f,0.9260030958964751f,0.2689695602747583f,-0.4362904809202307f,0f,0f,0f,1f],start_interpolation:0}
execute if entity @s[tag=aj.melissa.bone.rightarm] run data modify entity @s {} merge value {transformation:[-0.9646743711745556f,0.2611317406983221f,0.034836354557275934f,-0.619637185355498f,0.2401447701286524f,0.8172601396708151f,0.5238476433898472f,1.2458696292478035f,0.10832288298800333f,0.5137081643356509f,-0.8510993331662664f,-0.07209519543546647f,0f,0f,0f,1f],start_interpolation:0}
execute if entity @s[tag=aj.melissa.bone.leftarm] run data modify entity @s {} merge value {transformation:[-0.8514997207907227f,-0.46974077042309f,-0.2330060816709372f,-0.05794395736958999f,-0.5113746700845958f,0.6456667644400789f,0.5671070234914662f,1.3147991852498007f,-0.11594900727989191f,0.6020448803036211f,-0.789998601144968f,-0.11034511334842856f,0f,0f,0f,1f],start_interpolation:0}
execute if entity @s[tag=aj.melissa.bone.torso] run data modify entity @s {} merge value {transformation:[-0.9910121972554283f,-0.12830052599294675f,-0.03786555058230739f,-0.2540093914372796f,-0.1337715399140194f,0.9504815916376556f,0.2805172348840281f,0.7172025497386767f,-1.1789454457653096e-16f,0.2830613343215252f,-0.9591018095135249f,-0.2411543333024524f,0f,0f,0f,1f],start_interpolation:0}