execute if entity @s[tag=aj.melissa.bone.rightleg] run data modify entity @s {} merge value {transformation:[-0.9959994483134786f,0.08935938092470365f,1.2246467991473532e-16f,-0.375f,0.08935938092470365f,0.9959994483134786f,0f,0.65625f,-1.2197475363296314e-16f,1.0943367982322738e-17f,-1f,-0.25000000000000006f,0f,0f,0f,1f],start_interpolation:0}
execute if entity @s[tag=aj.melissa.bone.leftleg] run data modify entity @s {} merge value {transformation:[-0.9910062642791233f,-0.1338154854997596f,1.2246467991473532e-16f,-0.12499999999999997f,-0.1338154854997596f,0.9910062642791233f,0f,0.65625f,-1.2136326494844044e-16f,-1.6387670599362967e-17f,-1f,-0.25f,0f,0f,0f,1f],start_interpolation:0}
execute if entity @s[tag=aj.melissa.bone.head] run data modify entity @s {} merge value {transformation:[-0.9981945437340219f,0.04490221983998416f,-0.03989290053467735f,-0.3389267637859547f,0.04487919191012038f,0.998991335432664f,0.0014730458095307264f,1.3522051003683768f,0.03991880500619367f,-0.0003199748492033194f,-0.9992028756078385f,-0.09862163223623024f,0f,0f,0f,1f],start_interpolation:0}
execute if entity @s[tag=aj.melissa.bone.broom] run data modify entity @s {} merge value {transformation:[-0.9569243416025842f,-0.2813114287104513f,0.07183094406553042f,-0.6977481146206378f,0.0944327486281917f,-0.0676124681809156f,0.9932326062574716f,0.8206635863964804f,-0.27455101608805865f,0.9572316512858157f,0.09126502803179981f,-0.427691516018996f,0f,0f,0f,1f],start_interpolation:0}
execute if entity @s[tag=aj.melissa.bone.rightarm] run data modify entity @s {} merge value {transformation:[-0.965220386440686f,0.2595722700851347f,0.031174383749206686f,-0.6240205500400529f,0.24748647078822517f,0.8687621596232487f,0.42895542517088875f,1.2533345502701065f,0.08426180852605702f,0.42175175946236293f,-0.902787572474455f,-0.1122088676023183f,0f,0f,0f,1f],start_interpolation:0}
execute if entity @s[tag=aj.melissa.bone.leftarm] run data modify entity @s {} merge value {transformation:[-0.862892161396869f,-0.46234223179468786f,-0.20409992282935122f,-0.052612292544441885f,-0.4980843685961479f,0.7095785048626229f,0.49840777200712f,1.321130690280096f,-0.0856100435697621f,0.5317311408372015f,-0.8425751683404581f,-0.1469923255180246f,0f,0f,0f,1f],start_interpolation:0}
execute if entity @s[tag=aj.melissa.bone.torso] run data modify entity @s {} merge value {transformation:[-0.9911693136748401f,-0.12934802005229779f,-0.029197283056766853f,-0.25404212562663425f,-0.1326023816880624f,0.9668437823540026f,0.2182423169187393f,0.7177138681985625f,-1.1964850926452038e-16f,0.22018671674730153f,-0.9754577437121731f,-0.24311916510164688f,0f,0f,0f,1f],start_interpolation:0}