execute if entity @s[tag=aj.melissa.bone.rightleg] run data modify entity @s {} merge value {transformation:[-0.9954124535196588f,0.09567678599311946f,1.2246467991473532e-16f,-0.375f,0.09567678599311946f,0.9954124535196588f,0f,0.65625f,-1.2190286750342636e-16f,1.1717026971918007e-17f,-1f,-0.25000000000000006f,0f,0f,0f,1f],start_interpolation:0}
execute if entity @s[tag=aj.melissa.bone.leftleg] run data modify entity @s {} merge value {transformation:[-0.9896878908219209f,-0.14324063236546256f,1.2246467991473532e-16f,-0.12499999999999997f,-0.14324063236546256f,0.9896878908219209f,0f,0.65625f,-1.2120181076499606e-16f,-1.754191819342065e-17f,-1f,-0.25f,0f,0f,0f,1f],start_interpolation:0}
execute if entity @s[tag=aj.melissa.bone.head] run data modify entity @s {} merge value {transformation:[-0.9965534825004962f,0.06341508947886959f,-0.05347600342695884f,-0.3373527539461789f,0.061504837045312594f,0.9974339428013472f,0.03664266321909615f,1.3422106905735183f,0.055662478710192975f,0.033227340762473384f,-0.9978966040074952f,-0.059265477621996465f,0f,0f,0f,1f],start_interpolation:0}
execute if entity @s[tag=aj.melissa.bone.broom] run data modify entity @s {} merge value {transformation:[-0.9560825496231753f,-0.2874125926117653f,0.057447018323251144f,-0.6916994712816427f,0.12400736911553456f,-0.21907280086803094f,0.9677960943943099f,0.8587221652621702f,-0.2655717054038176f,0.9324168110496611f,0.24509296146745718f,-0.4343093075604123f,0f,0f,0f,1f],start_interpolation:0}
execute if entity @s[tag=aj.melissa.bone.rightarm] run data modify entity @s {} merge value {transformation:[-0.9643877414707991f,0.26224905491063166f,0.03437611524491311f,-0.619512347463729f,0.24224884614412945f,0.8236205814204038f,0.5128007745728881f,1.2469557554711055f,0.10616864246418961f,0.5028663550678217f,-0.8578191232993786f,-0.07575486854737337f,0f,0f,0f,1f],start_interpolation:0}
execute if entity @s[tag=aj.melissa.bone.leftarm] run data modify entity @s {} merge value {transformation:[-0.8541061718395805f,-0.4674361750568367f,-0.2280483928331253f,-0.05617496093246793f,-0.5077386098067406f,0.6543583868828848f,0.5603718458555418f,1.3150918522020731f,-0.11271269377073555f,0.5944060260161088f,-0.7962269305284025f,-0.11348201825657034f,0f,0f,0f,1f],start_interpolation:0}
execute if entity @s[tag=aj.melissa.bone.torso] run data modify entity @s {} merge value {transformation:[-0.9912163943053766f,-0.12705855119444215f,-0.03669038332612002f,-0.2539705797248263f,-0.13224998926369827f,0.9523064590160265f,0.27499517896884784f,0.7172595768442508f,-1.179195515028924e-16f,0.2774320325498234f,-0.9607452666109128f,-0.24133024898281807f,0f,0f,0f,1f],start_interpolation:0}