execute if entity @s[tag=aj.melissa.bone.rightleg] run data modify entity @s {} merge value {transformation:[-0.9999120277790478f,0.01326411334363282f,1.2246467991473532e-16f,-0.375f,0.01326411334363282f,0.9999120277790478f,0f,0.65625f,-1.2245390642485502e-16f,1.6243853949807628e-18f,-1f,-0.25000000000000006f,0f,0f,0f,1f],start_interpolation:0}
execute if entity @s[tag=aj.melissa.bone.leftleg] run data modify entity @s {} merge value {transformation:[-0.9998020661306034f,-0.019895440708277673f,1.2246467991473532e-16f,-0.12499999999999997f,-0.019895440708277673f,0.9998020661306034f,0f,0.65625f,-1.2244044000677537e-16f,-2.4364887781018202e-18f,-1f,-0.25f,0f,0f,0f,1f],start_interpolation:0}
execute if entity @s[tag=aj.melissa.bone.head] run data modify entity @s {} merge value {transformation:[-0.9997201718118678f,-0.0236324951121707f,0.0010407916327999404f,-0.2798739341880546f,-0.023654395969983512f,0.9991154546569654f,-0.03476748217660377f,1.374308892229232f,-0.0002182286528070073f,-0.034782372552464864f,-0.9993948863866958f,-0.2575725564364376f,0f,0f,0f,1f],start_interpolation:0}
execute if entity @s[tag=aj.melissa.bone.broom] run data modify entity @s {} merge value {transformation:[-0.9819210956461318f,-0.03845376664188648f,0.18534365313155798f,-0.7652364108915457f,0.0012676387690925342f,0.9777905340447446f,0.20958068762279622f,0.6701221902689026f,-0.18928643643180304f,0.20602664721716055f,-0.9600644070162191f,-0.09540733909236496f,0f,0f,0f,1f],start_interpolation:0}
execute if entity @s[tag=aj.melissa.bone.rightarm] run data modify entity @s {} merge value {transformation:[-0.9396355383329014f,0.33359424342308325f,-0.07615730993686189f,-0.6123136274627188f,0.34215097238408265f,0.913255817552286f,-0.22112558378336117f,1.2707701073767559f,-0.004215115474726348f,-0.23383475460650893f,-0.9722672165303365f,-0.25659225458502977f,0f,0f,0f,1f],start_interpolation:0}
execute if entity @s[tag=aj.melissa.bone.leftarm] run data modify entity @s {} merge value {transformation:[-0.9771551734225922f,-0.2122528652497262f,-0.010792972099723222f,0.05803311019378388f,-0.21251886126239852f,0.9763035760714185f,0.04082965782238812f,1.2974985214475205f,0.0018710053974310536f,0.042190621510490786f,-0.999107827411717f,-0.2613158066960756f,0f,0f,0f,1f],start_interpolation:0}
execute if entity @s[tag=aj.melissa.bone.torso] run data modify entity @s {} merge value {transformation:[-0.9990553578787013f,-0.043452995182624916f,0.00047864759373117735f,-0.251357906099457f,-0.04345563132506774f,0.9989947523334283f,-0.011004222662780812f,0.7187185860104196f,-1.2237609967402864e-16f,-0.011014627543909212f,-0.9999393371500438f,-0.25034420711074723f,0f,0f,0f,1f],start_interpolation:0}