execute if entity @s[tag=aj.melissa.bone.rightleg] run data modify entity @s {} merge value {transformation:[-0.9951901802387838f,0.09796175353829205f,1.2246467991473532e-16f,-0.375f,0.09796175353829205f,0.9951901802387838f,0f,0.65625f,-1.2187564687723042e-16f,1.1996854790953127e-17f,-1f,-0.25000000000000006f,0f,0f,0f,1f],start_interpolation:0}
execute if entity @s[tag=aj.melissa.bone.leftleg] run data modify entity @s {} merge value {transformation:[-0.9891887558636504f,-0.14664789556254643f,1.2246467991473532e-16f,-0.12499999999999997f,-0.14664789556254643f,0.9891887558636504f,0f,0.65625f,-1.211406843620972e-16f,-1.7959187590236783e-17f,-1f,-0.25f,0f,0f,0f,1f],start_interpolation:0}
execute if entity @s[tag=aj.melissa.bone.head] run data modify entity @s {} merge value {transformation:[-0.9938337530442669f,-0.10484531350383103f,-0.03608228853926203f,-0.3400049696627456f,-0.11059457783536847f,0.9606694592922229f,0.25472147403900713f,1.3394738840825602f,0.007956799819261175f,0.2571413039934879f,-0.9663410573483696f,-0.051290639600675814f,0f,0f,0f,1f],start_interpolation:0}
execute if entity @s[tag=aj.melissa.bone.broom] run data modify entity @s {} merge value {transformation:[-0.9560241834122334f,-0.2894252730082377f,0.04744230259040517f,-0.6900876704897844f,0.12778308088968363f,-0.2654464104112145f,0.9556200539116695f,0.8692495482402519f,-0.2639872060712659f,0.9196582052827607f,0.2907568408254204f,-0.4376595705856732f,0f,0f,0f,1f],start_interpolation:0}
execute if entity @s[tag=aj.melissa.bone.rightarm] run data modify entity @s {} merge value {transformation:[-0.9652993536341079f,0.2588966064545875f,0.03420095086210178f,-0.62064268083149f,0.23656521082489979f,0.811438054199218f,0.5344204199174629f,1.244087678198369f,0.11060768011735994f,0.5239664410663007f,-0.844526559520404f,-0.06823185681236452f,0f,0f,0f,1f],start_interpolation:0}
execute if entity @s[tag=aj.melissa.bone.leftarm] run data modify entity @s {} merge value {transformation:[-0.8483644923547136f,-0.4726755210340631f,-0.23844399746461675f,-0.060512232506743924f,-0.515809222138339f,0.6365389349195124f,0.5733751221395766f,1.314687646900846f,-0.11924149642121587f,0.6094227072785439f,-0.7838274232154163f,-0.10694629804234665f,0f,0f,0f,1f],start_interpolation:0}
execute if entity @s[tag=aj.melissa.bone.torso] run data modify entity @s {} merge value {transformation:[-0.9906051762440649f,-0.13091631950944826f,-0.039525967218592875f,-0.25409113498467023f,-0.13675300654269076f,0.9483256495746331f,0.2863163941523171f,0.7171351765492073f,-1.2131414583060938e-16f,0.2890317969444716f,-0.9573194975320672f,-0.2409677563454853f,0f,0f,0f,1f],start_interpolation:0}