execute if entity @s[tag=aj.melissa.bone.rightleg] run data modify entity @s {} merge value {transformation:[-0.9957148220658344f,0.09247698696650783f,1.2246467991473532e-16f,-0.375f,0.09247698696650783f,0.9957148220658344f,0f,0.65625f,-1.2193989697065003e-16f,1.1325164608332532e-17f,-1f,-0.25000000000000006f,0f,0f,0f,1f],start_interpolation:0}
execute if entity @s[tag=aj.melissa.bone.leftleg] run data modify entity @s {} merge value {transformation:[-0.990366961494838f,-0.13846761924537399f,1.2246467991473532e-16f,-0.12499999999999997f,-0.13846761924537399f,0.990366961494838f,0f,0.65625f,-1.2128497293759435e-16f,-1.695739266944017e-17f,-1f,-0.25f,0f,0f,0f,1f],start_interpolation:0}
execute if entity @s[tag=aj.melissa.bone.head] run data modify entity @s {} merge value {transformation:[-0.9958938644241908f,0.07247004888876378f,-0.054254058063076246f,-0.33662731070085006f,0.07187659026365073f,0.9973312231282853f,0.012813553196111743f,1.3449889786351437f,0.05503786491428184f,0.00886134230794064f,-0.9984449459224974f,-0.0687261684245242f,0f,0f,0f,1f],start_interpolation:0}
execute if entity @s[tag=aj.melissa.bone.broom] run data modify entity @s {} merge value {transformation:[-0.9568767680456847f,-0.2826942191946956f,0.06686425957375239f,-0.6948771411979378f,0.11494203952470305f,-0.15705916098347794f,0.9808775395028002f,0.8427520146896044f,-0.26678676564692333f,0.9462644442147593f,0.1827797124699192f,-0.4283005798431467f,0f,0f,0f,1f],start_interpolation:0}
execute if entity @s[tag=aj.melissa.bone.rightarm] run data modify entity @s {} merge value {transformation:[-0.9641828860155226f,0.2633308395672461f,0.03175265733110848f,-0.6204791667466995f,0.2452958233739172f,0.8397344490778443f,0.48443370451202217f,1.248642329974134f,0.10090253391312612f,0.47487148152393666f,-0.8742515397099236f,-0.08470113502904203f,0f,0f,0f,1f],start_interpolation:0}
execute if entity @s[tag=aj.melissa.bone.leftarm] run data modify entity @s {} merge value {transformation:[-0.8596857531555735f,-0.4626211889487991f,-0.2166149610644052f,-0.052999623275169355f,-0.4999586299520381f,0.6750124771252801f,0.5425859600668582f,1.316097144962242f,-0.10479396050257536f,0.574751938892591f,-0.8115900656004804f,-0.12106293680462916f,0f,0f,0f,1f],start_interpolation:0}
execute if entity @s[tag=aj.melissa.bone.torso] run data modify entity @s {} merge value {transformation:[-0.9914317344397756f,-0.1260033610194183f,-0.03444225540739567f,-0.2539376050318568f,-0.13062586246887764f,0.9563476052874816f,0.2614118243598804f,0.7173858626652339f,-1.21415370015478e-16f,0.2636710277461467f,-0.9646126627446329f,-0.24176028038293296f,0f,0f,0f,1f],start_interpolation:0}