execute if entity @s[tag=aj.melissa.bone.rightleg] run data modify entity @s {} merge value {transformation:[-0.9975830362926349f,0.06948442776023686f,1.2246467991473532e-16f,-0.375f,0.06948442776023686f,0.9975830362926349f,0f,0.65625f,-1.2216868722794733e-16f,8.509388204715956e-18f,-1f,-0.25000000000000006f,0f,0f,0f,1f],start_interpolation:0}
execute if entity @s[tag=aj.melissa.bone.leftleg] run data modify entity @s {} merge value {transformation:[-0.9945645707342554f,-0.10412163387205459f,1.2246467991473532e-16f,-0.12499999999999997f,-0.10412163387205459f,0.9945645707342554f,0f,0.65625f,-1.2179903180950673e-16f,-1.2751222564340429e-17f,-1f,-0.25f,0f,0f,0f,1f],start_interpolation:0}
execute if entity @s[tag=aj.melissa.bone.head] run data modify entity @s {} merge value {transformation:[-0.9996094705553807f,-0.027598264623555843f,-0.004386589308273899f,-0.3459694676883149f,-0.027168936166251004f,0.9965413400844184f,-0.07853156314721937f,1.3671065961829445f,0.006538752448705694f,-0.07838171529457436f,-0.9969019768381918f,-0.2102383891642506f,0f,0f,0f,1f],start_interpolation:0}
execute if entity @s[tag=aj.melissa.bone.broom] run data modify entity @s {} merge value {transformation:[-0.9597268343453134f,-0.2579852394615227f,0.11121159857453689f,-0.7166444140382379f,0.003481702736731762f,0.3849096377455376f,0.9229476954392661f,0.7206696351724364f,-0.2809132983387867f,0.8861648757373424f,-0.3685098802282566f,-0.3745763174234885f,0f,0f,0f,1f],start_interpolation:0}
execute if entity @s[tag=aj.melissa.bone.rightarm] run data modify entity @s {} merge value {transformation:[-0.9682229510070395f,0.24929934709090165f,0.01985327890475428f,-0.6397453618370361f,0.24910734344718485f,0.9543547660039309f,0.16478019312486786f,1.256207206543647f,0.02213252321598468f,0.16448956242154883f,-0.9861304859248907f,-0.21422019820391022f,0f,0f,0f,1f],start_interpolation:0}
execute if entity @s[tag=aj.melissa.bone.leftarm] run data modify entity @s {} merge value {transformation:[-0.8871620829716462f,-0.4414316380678607f,-0.13446764462180089f,-0.0437645666680114f,-0.4610557962278329f,0.8357586575148611f,0.2982197497713323f,1.3292684630351488f,-0.019261134497444977f,0.32656634134840407f,-0.944978006832005f,-0.23980097360239372f,0f,0f,0f,1f],start_interpolation:0}
execute if entity @s[tag=aj.melissa.bone.torso] run data modify entity @s {} merge value {transformation:[-0.9901760901828657f,-0.13959195300118532f,-0.008086846572567523f,-0.254362248531287f,-0.1398260005513044f,0.9885186853570103f,0.05726690379158554f,0.7183912089174066f,-1.2039423620548034e-16f,0.05783507030654464f,-0.9983261514368122f,-0.24819265405292054f,0f,0f,0f,1f],start_interpolation:0}