execute if entity @s[tag=aj.melissa.bone.rightleg] run data modify entity @s {} merge value {transformation:[-0.9969540258701692f,0.07799147582436178f,1.2246467991473532e-16f,-0.375f,0.07799147582436178f,0.9969540258701692f,0f,0.65625f,-1.2209165566789702e-16f,9.551201122908284e-18f,-1f,-0.25000000000000006f,0f,0f,0f,1f],start_interpolation:0}
execute if entity @s[tag=aj.melissa.bone.leftleg] run data modify entity @s {} merge value {transformation:[-0.9931509087975082f,-0.11683865950396533f,1.2246467991473532e-16f,-0.12499999999999997f,-0.11683865950396533f,0.9931509087975082f,0f,0.65625f,-1.2162590815291534e-16f,-1.430860903781986e-17f,-1f,-0.25f,0f,0f,0f,1f],start_interpolation:0}
execute if entity @s[tag=aj.melissa.bone.head] run data modify entity @s {} merge value {transformation:[-0.9998764622935444f,-0.009696849272399586f,-0.012370580646621094f,-0.3456912861963177f,-0.008925868060457726f,0.9981024085747985f,-0.060925453437405644f,1.3649468810359018f,0.01293789127769642f,-0.06080750867594026f,-0.9980656580896429f,-0.1824340979426513f,0f,0f,0f,1f],start_interpolation:0}
execute if entity @s[tag=aj.melissa.bone.broom] run data modify entity @s {} merge value {transformation:[-0.9577003781557655f,-0.27265943061880366f,0.09201532793471812f,-0.708390284227464f,0.030368475937795916f,0.22220916602864185f,0.9745259576851051f,0.7535389178926754f,-0.28616034202789065f,0.9360982434699283f,-0.2045295509773472f,-0.4058815888329035f,0f,0f,0f,1f],start_interpolation:0}
execute if entity @s[tag=aj.melissa.bone.rightarm] run data modify entity @s {} merge value {transformation:[-0.9680630956799048f,0.24924227550014483f,0.027057917254465023f,-0.6353815569891725f,0.24786969959928942f,0.9353275514698436f,0.25243411711174313f,1.2579028855851075f,0.03760923826930853f,0.2510789906880644f,-0.9672356929062663f,-0.18890007799010547f,0f,0f,0f,1f],start_interpolation:0}
execute if entity @s[tag=aj.melissa.bone.leftarm] run data modify entity @s {} merge value {transformation:[-0.8752049904156698f,-0.4559464268108036f,-0.16164492144811735f,-0.049965689364564636f,-0.48247786140373944f,0.7984871794746153f,0.360046299064367f,1.3293204200636417f,-0.03509042614134914f,0.3931044137288897f,-0.918824021181469f,-0.21809554616483795f,0f,0f,0f,1f],start_interpolation:0}
execute if entity @s[tag=aj.melissa.bone.torso] run data modify entity @s {} merge value {transformation:[-0.990170666273471f,-0.13918732537646217f,-0.013745548592092106f,-0.2543496039180144f,-0.13986440451934407f,0.9853772815067662f,0.09731167164726268f,0.7182930400470865f,-1.2126093370614084e-16f,0.09827767571977998f,-0.9951590317407152f,-0.24692882263375693f,0f,0f,0f,1f],start_interpolation:0}