execute if entity @s[tag=aj.melissa.bone.rightleg] run data modify entity @s {} merge value {transformation:[-0.9958222242087051f,0.09131318509408931f,1.2246467991473532e-16f,-0.375f,0.09131318509408931f,0.9958222242087051f,0f,0.65625f,-1.2195304993969886e-16f,1.1182639984542628e-17f,-1f,-0.25000000000000006f,0f,0f,0f,1f],start_interpolation:0}
execute if entity @s[tag=aj.melissa.bone.leftleg] run data modify entity @s {} merge value {transformation:[-0.990608189935018f,-0.13673117433002402f,1.2246467991473532e-16f,-0.12499999999999997f,-0.13673117433002402f,0.990608189935018f,0f,0.65625f,-1.213145149013073e-16f,-1.6744739498692267e-17f,-1f,-0.25f,0f,0f,0f,1f],start_interpolation:0}
execute if entity @s[tag=aj.melissa.bone.head] run data modify entity @s {} merge value {transformation:[-0.9976976014048728f,0.04694124463404166f,-0.048949113405356806f,-0.3403373234682402f,0.04465586872649041f,0.9979064752510111f,0.04678162075415529f,1.3428540227122352f,0.0510426247291994f,0.04448804563374545f,-0.9977050988425608f,-0.06289969828061337f,0f,0f,0f,1f],start_interpolation:0}
execute if entity @s[tag=aj.melissa.bone.broom] run data modify entity @s {} merge value {transformation:[-0.9583891127443931f,-0.2781811675804735f,0.06407453922253005f,-0.6973379302897287f,0.10904311691231866f,-0.14931241191055789f,0.9827590764289578f,0.8365347421668068f,-0.26381794333794173f,0.9488524867717933f,0.17343313155196782f,-0.4230165914114191f,0f,0f,0f,1f],start_interpolation:0}
execute if entity @s[tag=aj.melissa.bone.rightarm] run data modify entity @s {} merge value {transformation:[-0.965509736210862f,0.25906645774662074f,0.025990762833166127f,-0.624194211173109f,0.23863071330149152f,0.8405569978744625f,0.48633251587107773f,1.2444679820319602f,0.10414572459420904f,0.47576097338357753f,-0.8733871788925333f,-0.0795020296686886f,0f,0f,0f,1f],start_interpolation:0}
execute if entity @s[tag=aj.melissa.bone.leftarm] run data modify entity @s {} merge value {transformation:[-0.8586057165690446f,-0.46417518132224095f,-0.2175721133772022f,-0.05573284128935571f,-0.5012842974511404f,0.671399100311874f,0.5458363319066647f,1.315919809413026f,-0.10728595716063638f,0.5777236788853914f,-0.8091508352904637f,-0.11546652389177453f,0f,0f,0f,1f],start_interpolation:0}
execute if entity @s[tag=aj.melissa.bone.torso] run data modify entity @s {} merge value {transformation:[-0.9906326520442325f,-0.1313997432265312f,-0.03716256427929011f,-0.2541062419758291f,-0.13655383079141611f,0.9532422148541604f,0.2695966081317121f,0.7172888192141925f,-1.178480636937287e-16f,0.272145893410017f,-0.9622560016440862f,-0.24149544083093702f,0f,0f,0f,1f],start_interpolation:0}