execute if entity @s[tag=aj.melissa.bone.rightleg] run data modify entity @s {} merge value {transformation:[-0.995527539835958f,0.09447178112095188f,1.2246467991473532e-16f,-0.375f,0.09447178112095188f,0.995527539835958f,0f,0.65625f,-1.2191696151231452e-16f,1.1569456435952306e-17f,-1f,-0.25000000000000006f,0f,0f,0f,1f],start_interpolation:0}
execute if entity @s[tag=aj.melissa.bone.leftleg] run data modify entity @s {} merge value {transformation:[-0.9899463458879872f,-0.14144338889824937f,1.2246467991473532e-16f,-0.12499999999999997f,-0.14144338889824937f,0.9899463458879872f,0f,0.65625f,-1.2123346238193421e-16f,-1.7321819347479536e-17f,-1f,-0.25f,0f,0f,0f,1f],start_interpolation:0}
execute if entity @s[tag=aj.melissa.bone.head] run data modify entity @s {} merge value {transformation:[-0.995193616447504f,0.07881133066810908f,-0.05812434894654757f,-0.33689368683790144f,0.07823096863961052f,0.9968606443690732f,0.012197182206755447f,1.343319498249504f,0.05890315210450404f,0.007591433751174909f,-0.9982348365017898f,-0.06289969828061343f,0f,0f,0f,1f],start_interpolation:0}
execute if entity @s[tag=aj.melissa.bone.broom] run data modify entity @s {} merge value {transformation:[-0.9563412153840968f,-0.2857512126247342f,0.061300279291064456f,-0.6928461914770209f,0.12083605139354708f,-0.19563461346501043f,0.97320385670116f,0.8527663749178344f,-0.2661017257390199f,0.9381222428329317f,0.22162249222681685f,-0.4321646994899145f,0f,0f,0f,1f],start_interpolation:0}
execute if entity @s[tag=aj.melissa.bone.rightarm] run data modify entity @s {} merge value {transformation:[-0.9642429563782542f,0.26288707825855534f,0.03355451027215688f,-0.6197177940002709f,0.24369897234841031f,0.8297790779391403f,0.5020731945551353f,1.2477333067530942f,0.10414572459420901f,0.4922977411070969f,-0.8641739420681446f,-0.07919287158665f,0f,0f,0f,1f],start_interpolation:0}
execute if entity @s[tag=aj.melissa.bone.leftarm] run data modify entity @s {} merge value {transformation:[-0.856363321940301f,-0.465475501501819f,-0.22354958809401168f,-0.054799324818585626f,-0.5045951428279096f,0.6624054846969034f,0.5537171802264601f,1.315440591620216f,-0.10966130890087769f,0.586985120207566f,-0.8021364385097186f,-0.11640506889599028f,0f,0f,0f,1f],start_interpolation:0}
execute if entity @s[tag=aj.melissa.bone.torso] run data modify entity @s {} merge value {transformation:[-0.9913362645192697f,-0.12639081721876577f,-0.03574593643692909f,-0.2539497130380864f,-0.1313484322288638f,0.9539192701810968f,0.26978809337734555f,0.7173099771931593f,-1.2140367832222175e-16f,0.27214589341001694f,-0.9622560016440862f,-0.24149544083093702f,0f,0f,0f,1f],start_interpolation:0}