execute if entity @s[tag=aj.melissa.bone.rightleg] run data modify entity @s {} merge value {transformation:[-0.9975830362926349f,0.06948442776023686f,1.2246467991473532e-16f,-0.375f,0.06948442776023686f,0.9975830362926349f,0f,0.65625f,-1.2216868722794733e-16f,8.509388204715956e-18f,-1f,-0.25000000000000006f,0f,0f,0f,1f],start_interpolation:0}
execute if entity @s[tag=aj.melissa.bone.leftleg] run data modify entity @s {} merge value {transformation:[-0.9945645707342554f,-0.10412163387205459f,1.2246467991473532e-16f,-0.12499999999999997f,-0.10412163387205459f,0.9945645707342554f,0f,0.65625f,-1.2179903180950673e-16f,-1.2751222564340429e-17f,-1f,-0.25f,0f,0f,0f,1f],start_interpolation:0}
execute if entity @s[tag=aj.melissa.bone.head] run data modify entity @s {} merge value {transformation:[-0.9959752522569494f,0.07990948388629598f,-0.04059274906595593f,-0.32003150212075887f,0.08072281921304823f,0.9965591535807254f,-0.01880637851276501f,1.3564373596479968f,0.03895026764995846f,-0.022007448727502654f,-0.9989987731976967f,-0.10761092886784979f,0f,0f,0f,1f],start_interpolation:0}
execute if entity @s[tag=aj.melissa.bone.broom] run data modify entity @s {} merge value {transformation:[-0.9632108325026697f,-0.22962420703427522f,0.13963386298958438f,-0.7169816652677228f,0.0784048035377408f,0.25686938813130755f,0.9632605069363407f,0.7549332050363242f,-0.2570555950212366f,0.9387709203980106f,-0.2294157363463763f,-0.3584314524281319f,0f,0f,0f,1f],start_interpolation:0}
execute if entity @s[tag=aj.melissa.bone.rightarm] run data modify entity @s {} merge value {transformation:[-0.957839516997169f,0.28711052141560855f,0.010536041528363578f,-0.6177494922090386f,0.276155055141009f,0.9099349176217767f,0.30944600694259533f,1.2575461016061051f,0.07925809232309544f,0.2993091949558313f,-0.9508586438667926f,-0.12187006170139611f,0f,0f,0f,1f],start_interpolation:0}
execute if entity @s[tag=aj.melissa.bone.leftarm] run data modify entity @s {} merge value {transformation:[-0.9038647924927197f,-0.40492928096900827f,-0.13806054579790208f,-0.019939497932957462f,-0.4222212974450586f,0.7922854307820405f,0.4404690365443725f,1.3130692078249875f,-0.06897545125553012f,0.45641655708841067f,-0.8870886728730434f,-0.14881123650588945f,0f,0f,0f,1f],start_interpolation:0}
execute if entity @s[tag=aj.melissa.bone.torso] run data modify entity @s {} merge value {transformation:[-0.9945645707342554f,-0.1018640030847402f,-0.021564774882623424f,-0.2531832500963981f,-0.10412163387205459f,0.9729997958516319f,0.20598563695679478f,0.7179062436203635f,-1.2353375528548353e-16f,0.2071113761922186f,-0.9783173707196277f,-0.2435277694939932f,0f,0f,0f,1f],start_interpolation:0}