execute if entity @s[tag=aj.melissa.bone.rightleg] run data modify entity @s {} merge value {transformation:[-0.9955708116817557f,0.09401467400002052f,1.2246467991473532e-16f,-0.375f,0.09401467400002052f,0.9955708116817557f,0f,0.65625f,-1.2192226078505944e-16f,1.1513476958700702e-17f,-1f,-0.25000000000000006f,0f,0f,0f,1f],start_interpolation:0}
execute if entity @s[tag=aj.melissa.bone.leftleg] run data modify entity @s {} merge value {transformation:[-0.9900435268420248f,-0.14076155355140477f,1.2246467991473532e-16f,-0.12499999999999997f,-0.14076155355140477f,0.9900435268420248f,0f,0.65625f,-1.2124536361636422e-16f,-1.723831859997366e-17f,-1f,-0.25f,0f,0f,0f,1f],start_interpolation:0}
execute if entity @s[tag=aj.melissa.bone.head] run data modify entity @s {} merge value {transformation:[-0.9992376346230162f,-0.006318592212468253f,-0.03852564010437806f,-0.34186372001723203f,-0.01091404675391594f,0.9926815449714215f,0.12026734326742658f,1.3409846102617484f,0.03748377164124315f,0.1205961262462614f,-0.9919937203419903f,-0.05719136146000489f,0f,0f,0f,1f],start_interpolation:0}
execute if entity @s[tag=aj.melissa.bone.broom] run data modify entity @s {} merge value {transformation:[-0.957793127490336f,-0.282146098098312f,0.05500821993283213f,-0.6948846980415904f,0.11452986538611834f,-0.19903772431929379f,0.9732763709411805f,0.8487622152770447f,-0.2636574195180533f,0.9384975032602348f,0.22295111909875392f,-0.42895483147253366f,0f,0f,0f,1f],start_interpolation:0}
execute if entity @s[tag=aj.melissa.bone.rightarm] run data modify entity @s {} merge value {transformation:[-0.9660182122631117f,0.2569717306247275f,0.02782702347924084f,-0.624163005675762f,0.23513943350471772f,0.82899812528772f,0.507416549868573f,1.2431092851183259f,0.10732315867072754f,0.49671685891378614f,-0.8612514741257398f,-0.07402774311127172f,0f,0f,0f,1f],start_interpolation:0}
execute if entity @s[tag=aj.melissa.bone.leftarm] run data modify entity @s {} merge value {transformation:[-0.8531856929075206f,-0.46933185009095757f,-0.22760006130955435f,-0.05927876510900329f,-0.5092969606752817f,0.6553229670838375f,0.5578247167877702f,1.3157259419637697f,-0.11265335887062818f,0.591844086987979f,-0.7981414645490679f,-0.11111884306551459f,0f,0f,0f,1f],start_interpolation:0}
execute if entity @s[tag=aj.melissa.bone.torso] run data modify entity @s {} merge value {transformation:[-0.9902633801540928f,-0.1336199563887012f,-0.03904030200283224f,-0.2541756236371469f,-0.13920645791697583f,0.9505230694716339f,0.27771830417967175f,0.7172038459209885f,-1.2127228788185483e-16f,0.2804489287854475f,-0.9598689485253156f,-0.24123597097545482f,0f,0f,0f,1f],start_interpolation:0}