execute if entity @s[tag=aj.melissa.bone.rightleg] run data modify entity @s {} merge value {transformation:[-0.9952336977986249f,0.09751864829905797f,1.2246467991473532e-16f,-0.375f,0.09751864829905797f,0.9952336977986249f,0f,0.65625f,-1.2188097624126703e-16f,1.1942590049661783e-17f,-1f,-0.25000000000000006f,0f,0f,0f,1f],start_interpolation:0}
execute if entity @s[tag=aj.melissa.bone.leftleg] run data modify entity @s {} merge value {transformation:[-0.9892864748674257f,-0.14598722767551386f,1.2246467991473532e-16f,-0.12499999999999997f,-0.14598722767551386f,0.9892864748674257f,0f,0.65625f,-1.2115265148861615e-16f,-1.7878279108921394e-17f,-1f,-0.25f,0f,0f,0f,1f],start_interpolation:0}
execute if entity @s[tag=aj.melissa.bone.head] run data modify entity @s {} merge value {transformation:[-0.9984976433014259f,-0.04281880281558871f,-0.03419073627370571f,-0.3389579719331406f,-0.04823121647538224f,0.9829268415076029f,0.17756287337501758f,1.3402027469252344f,0.026003962751918762f,0.17894517140545443f,-0.9835153377308711f,-0.053221308608386586f,0f,0f,0f,1f],start_interpolation:0}
execute if entity @s[tag=aj.melissa.bone.broom] run data modify entity @s {} merge value {transformation:[-0.9559036846836491f,-0.28936356111166983f,0.05016846727772429f,-0.6902276729683652f,0.12770297270010525f,-0.25572104425587106f,0.958279029452405f,0.8674532233647041f,-0.26446189966000644f,0.9224291176157982f,0.2813972754003863f,-0.4371850376855835f,0f,0f,0f,1f],start_interpolation:0}
execute if entity @s[tag=aj.melissa.bone.rightarm] run data modify entity @s {} merge value {transformation:[-0.964933240776373f,0.2601833526276461f,0.03476296679289942f,-0.6199695423511884f,0.23855054046023424f,0.8139270897285711f,0.5297323213209749f,1.2450683564906837f,0.10953301096444115f,0.5194490500726865f,-0.8474521838355525f,-0.07004355933061143f,0f,0f,0f,1f],start_interpolation:0}
execute if entity @s[tag=aj.melissa.bone.leftarm] run data modify entity @s {} merge value {transformation:[-0.8499091033987789f,-0.4711895366702353f,-0.23587059268245528f,-0.05915399082233663f,-0.5136079105819558f,0.6407731213158209f,0.5706283564517436f,1.3146949357560038f,-0.11773457498764546f,0.6061272370811837f,-0.7866055824368456f,-0.10856271185083127f,0f,0f,0f,1f],start_interpolation:0}
execute if entity @s[tag=aj.melissa.bone.torso] run data modify entity @s {} merge value {transformation:[-0.9908397067742458f,-0.1293934137209318f,-0.038652554445604f,-0.2540435441787791f,-0.13504323559337061f,0.949385813709432f,0.2836016594587434f,0.7171683066784198f,-1.2134286753691821e-16f,0.28622355111507414f,-0.9581628665248286f,-0.241055514027654f,0f,0f,0f,1f],start_interpolation:0}