execute if entity @s[tag=aj.melissa.bone.rightleg] run data modify entity @s {} merge value {transformation:[-0.9952065224432374f,0.09779559134458984f,1.2246467991473532e-16f,-0.375f,0.09779559134458984f,0.9952065224432374f,0f,0.65625f,-1.2187764822006792e-16f,1.1976505791087456e-17f,-1f,-0.25000000000000006f,0f,0f,0f,1f],start_interpolation:0}
execute if entity @s[tag=aj.melissa.bone.leftleg] run data modify entity @s {} merge value {transformation:[-0.9892254521965805f,-0.1464001527542601f,1.2246467991473532e-16f,-0.12499999999999997f,-0.1464001527542601f,0.9892254521965805f,0f,0.65625f,-1.2114517836676354e-16f,-1.792884784651882e-17f,-1f,-0.25f,0f,0f,0f,1f],start_interpolation:0}
execute if entity @s[tag=aj.melissa.bone.head] run data modify entity @s {} merge value {transformation:[-0.9964951885968011f,-0.07642289499857444f,-0.03401294199952167f,-0.3394816825445825f,-0.08205231148054742f,0.9721030391439694f,0.21973415635207386f,1.3397974302678888f,0.016271363929467687f,0.22175487008653333f,-0.9749666765119613f,-0.05211786095026369f,0f,0f,0f,1f],start_interpolation:0}
execute if entity @s[tag=aj.melissa.bone.broom] run data modify entity @s {} merge value {transformation:[-0.955946543951519f,-0.28948022007815877f,0.04865600981016851f,-0.6900978554560919f,0.12791013674535456f,-0.2615993286584536f,0.9566633619843664f,0.8686369087887584f,-0.2642067410664064f,0.9207426314822982f,0.2871024286663589f,-0.4375215651031809f,0f,0f,0f,1f],start_interpolation:0}
execute if entity @s[tag=aj.melissa.bone.rightarm] run data modify entity @s {} merge value {transformation:[-0.9651157039632958f,0.25953522693352277f,0.03454191575458241f,-0.6202789830027863f,0.2375274028666357f,0.8124021354594545f,0.5325255892333711f,1.244561103500954f,0.11014722352770763f,0.522153460470658f,-0.8457087872711588f,-0.0690057614999629f,0f,0f,0f,1f],start_interpolation:0}
execute if entity @s[tag=aj.melissa.bone.leftarm] run data modify entity @s {} merge value {transformation:[-0.8490486346240567f,-0.472001154954229f,-0.237342212353595f,-0.059876029795775054f,-0.5148273436207745f,0.6383214818107841f,0.5722748396699453f,1.3146739690667317f,-0.11861375258966386f,0.608079431966547f,-0.7849650833736743f,-0.10764593547441106f,0f,0f,0f,1f],start_interpolation:0}
execute if entity @s[tag=aj.melissa.bone.torso] run data modify entity @s {} merge value {transformation:[-0.9907216718129492f,-0.13015517461030185f,-0.039117764791930694f,-0.2540673492065719f,-0.1359064715168302f,0.9487962622078384f,0.2851579979945852f,0.717149883193995f,-1.213284124231643e-16f,0.28782856589052563f,-0.95768194963537f,-0.24100535731592113f,0f,0f,0f,1f],start_interpolation:0}