execute if entity @s[tag=aj.melissa.bone.rightleg] run data modify entity @s {} merge value {transformation:[-0.9999844036286483f,0.005585024570828314f,1.2246467991473532e-16f,-0.375f,0.005585024570828314f,0.9999844036286483f,0f,0.65625f,-1.224627699101099e-16f,6.839682463824216e-19f,-1f,-0.25000000000000006f,0f,0f,0f,1f],start_interpolation:0}
execute if entity @s[tag=aj.melissa.bone.leftleg] run data modify entity @s {} merge value {transformation:[-0.9999649082784806f,-0.008377482414770621f,1.2246467991473532e-16f,-0.12499999999999997f,-0.008377482414770621f,0.9999649082784806f,0f,0.65625f,-1.2246038241829179e-16f,-1.025945702416208e-18f,-1f,-0.25f,0f,0f,0f,1f],start_interpolation:0}
execute if entity @s[tag=aj.melissa.bone.head] run data modify entity @s {} merge value {transformation:[-0.9999580294274705f,-0.009160530414953507f,0.00015513235263377482f,-0.26210211164805425f,-0.00916179513895822f,0.9998645905162631f,-0.013669752798685183f,1.3748891649913966f,-0.0000298891599647424f,-0.01367060036216814f,-0.9999065525299732f,-0.25243408013191315f,0f,0f,0f,1f],start_interpolation:0}
execute if entity @s[tag=aj.melissa.bone.broom] run data modify entity @s {} merge value {transformation:[-0.9846420883776033f,0.003586007454762258f,0.17454826938679954f,-0.7695213209345374f,0.02036790067167024f,0.9953213480592589f,0.09444873064117135f,0.6797518316071912f,-0.17339292493530786f,0.09655337719641882f,-0.9801083302035265f,-0.053498691323611264f,0f,0f,0f,1f],start_interpolation:0}
execute if entity @s[tag=aj.melissa.bone.rightarm] run data modify entity @s {} merge value {transformation:[-0.9304727830339575f,0.35291632751545127f,-0.09833852656028845f,-0.6011842313047951f,0.3663585188374831f,0.895327539895841f,-0.25331804511180545f,1.2771556722231634f,-0.0013548831120469187f,-0.27173270336319105f,-0.9623718107959547f,-0.25210924107430877f,0f,0f,0f,1f],start_interpolation:0}
execute if entity @s[tag=aj.melissa.bone.leftarm] run data modify entity @s {} merge value {transformation:[-0.9863758060584467f,-0.16446798748031563f,-0.0036125222108983387f,0.0792280542936798f,-0.16450683242751005f,0.9862025367331888f,0.018494826998125796f,1.2881277188005558f,0.0005208715932145721f,0.01883713447417677f,-0.9998224297631981f,-0.2541056880590775f,0f,0f,0f,1f],start_interpolation:0}
execute if entity @s[tag=aj.melissa.bone.torso] run data modify entity @s {} merge value {transformation:[-0.9998450519905272f,-0.017603071488078943f,0.00006232371653491789f,-0.25055009598400246f,-0.017603181816366623f,0.9998387854420314f,-0.0035399316015152834f,0.7187449620450634f,-1.224457042563518e-16f,-0.003540480191873594f,-0.9999937324803646f,-0.2501106400059961f,0f,0f,0f,1f],start_interpolation:0}