execute if entity @s[tag=aj.melissa.bone.rightleg] run data modify entity @s {} merge value {transformation:[-0.9998428985718276f,0.017725071945861766f,1.2246467991473532e-16f,-0.375f,0.017725071945861766f,0.9998428985718276f,0f,0.65625f,-1.2244544053862003e-16f,2.170695262315616e-18f,-1f,-0.25000000000000006f,0f,0f,0f,1f],start_interpolation:0}
execute if entity @s[tag=aj.melissa.bone.leftleg] run data modify entity @s {} merge value {transformation:[-0.9996465333559768f,-0.026585867474618725f,1.2246467991473532e-16f,-0.12499999999999997f,-0.026585867474618725f,0.9996465333559768f,0f,0.65625f,-1.2242139273531447e-16f,-3.255829750534755e-18f,-1f,-0.25f,0f,0f,0f,1f],start_interpolation:0}
execute if entity @s[tag=aj.melissa.bone.head] run data modify entity @s {} merge value {transformation:[-0.999501348266259f,-0.03152154138875283f,0.0018566750947692898f,-0.28986523265097086f,-0.031573764873974536f,0.9984222977638871f,-0.04643288381699614f,1.373768285790713f,-0.00039010974528394266f,-0.0464683522018678f,-0.9989196864903754f,-0.260141653886842f,0f,0f,0f,1f],start_interpolation:0}
execute if entity @s[tag=aj.melissa.bone.broom] run data modify entity @s {} merge value {transformation:[-0.980087963861986f,-0.0632165113647343f,0.1882319202041423f,-0.7622861961349369f,-0.00897600821120969f,0.961103065732715f,0.27604406951747584f,0.6656028211942052f,-0.19836081863477595f,0.2688578987681952f,-0.9425329786805831f,-0.11959649004647666f,0f,0f,0f,1f],start_interpolation:0}
execute if entity @s[tag=aj.melissa.bone.rightarm] run data modify entity @s {} merge value {transformation:[-0.9445148841674008f,0.32214932426019377f,-0.064120561951232f,-0.6184631614536242f,0.3284201057031094f,0.9228519271791055f,-0.20120774008911677f,1.2671399161963208f,-0.005645153337128002f,-0.21110218705762301f,-0.9774476962289536f,-0.2588523385134438f,0f,0f,0f,1f],start_interpolation:0}
execute if entity @s[tag=aj.melissa.bone.leftarm] run data modify entity @s {} merge value {transformation:[-0.9708372489646863f,-0.23919622193020562f,-0.016130822576526375f,0.04588986503416148f,-0.23972431127519322f,0.9693335190465145f,0.0540812669649545f,1.302459466466142f,0.0027001122780033267f,0.056371058773241306f,-0.9984062365222234f,-0.26515248536508224f,0f,0f,0f,1f],start_interpolation:0}
execute if entity @s[tag=aj.melissa.bone.torso] run data modify entity @s {} merge value {transformation:[-0.9983170418193182f,-0.05798579294686676f,0.0008554703084185573f,-0.25181205602958956f,-0.05799210302382117f,0.9982084156955823f,-0.014726670410861724f,0.718694012990487f,-1.2225857697982825e-16f,-0.01475149656267919f,-0.9998911907548547f,-0.2504609842675838f,0f,0f,0f,1f],start_interpolation:0}