execute if entity @s[tag=aj.melissa.bone.rightleg] run data modify entity @s {} merge value {transformation:[-0.9956644944406897f,0.09301728070721946f,1.2246467991473532e-16f,-0.375f,0.09301728070721946f,0.9956644944406897f,0f,0.65625f,-1.2193373361414584e-16f,1.1391331508348716e-17f,-1f,-0.25000000000000006f,0f,0f,0f,1f],start_interpolation:0}
execute if entity @s[tag=aj.melissa.bone.leftleg] run data modify entity @s {} merge value {transformation:[-0.9902539278630668f,-0.1392736814756044f,1.2246467991473532e-16f,-0.12499999999999997f,-0.1392736814756044f,0.9902539278630668f,0f,0.65625f,-1.2127113031005987e-16f,-1.7056106822456695e-17f,-1f,-0.25f,0f,0f,0f,1f],start_interpolation:0}
execute if entity @s[tag=aj.melissa.bone.head] run data modify entity @s {} merge value {transformation:[-0.9955988180417106f,0.07536729075773478f,-0.05570246850713038f,-0.33665074992789057f,0.07485771834296448f,0.9971315321599974f,0.011181662521359409f,1.3445532214800144f,0.05638541937801109f,0.006962690291492102f,-0.9983847982744282f,-0.0671641127139716f,0f,0f,0f,1f],start_interpolation:0}
execute if entity @s[tag=aj.melissa.bone.broom] run data modify entity @s {} merge value {transformation:[-0.9567218511738865f,-0.28355040527060765f,0.06544056201841524f,-0.6943153244045508f,0.11660224927669705f,-0.16749278951071472f,0.9789535642335314f,0.8454770651984327f,-0.26662185759991025f,0.9442167829120568f,0.19330662667684095f,-0.4293827349036089f,0f,0f,0f,1f],start_interpolation:0}
execute if entity @s[tag=aj.melissa.bone.rightarm] run data modify entity @s {} merge value {transformation:[-0.9641813295883872f,0.2632721414285715f,0.03228224311884235f,-0.620231412254594f,0.24494248156659082f,0.8370664960129773f,0.48920635929692957f,1.2484335385718763f,0.10177202168164941f,0.4795909306900732f,-0.8715704187285497f,-0.08322506028611007f,0f,0f,0f,1f],start_interpolation:0}
execute if entity @s[tag=aj.melissa.bone.leftarm] run data modify entity @s {} merge value {transformation:[-0.8588268432085489f,-0.46335633967516254f,-0.21844302659337525f,-0.05344001496050632f,-0.5011591500790501f,0.6716697314213658f,0.545618253162772f,1.3159114075430756f,-0.10609410764261566f,0.5780663235089776f,-0.8090632644906893f,-0.11981700202054299f,0f,0f,0f,1f],start_interpolation:0}
execute if entity @s[tag=aj.melissa.bone.torso] run data modify entity @s {} merge value {transformation:[-0.991415927817756f,-0.1260374544405681f,-0.03477093825883626f,-0.2539386704512677f,-0.13074577648726587f,0.9557137766982028f,0.26366023393754257f,0.7173660555218189f,-1.2141343426257182e-16f,0.26594310877967775f,-0.9639887255007709f,-0.24168927785063513f,0f,0f,0f,1f],start_interpolation:0}