execute if entity @s[tag=aj.melissa.bone.rightleg] run data modify entity @s {} merge value {transformation:[-0.9959382943661703f,0.090038401890546f,1.2246467991473532e-16f,-0.375f,0.090038401890546f,0.9959382943661703f,0f,0.65625f,-1.2196726443438048e-16f,1.1026524067560015e-17f,-1f,-0.25000000000000006f,0f,0f,0f,1f],start_interpolation:0}
execute if entity @s[tag=aj.melissa.bone.leftleg] run data modify entity @s {} merge value {transformation:[-0.9908688991728971f,-0.1348288717296524f,1.2246467991473532e-16f,-0.12499999999999997f,-0.1348288717296524f,0.9908688991728971f,0f,0.65625f,-1.21346442574675e-16f,-1.651177461963679e-17f,-1f,-0.25f,0f,0f,0f,1f],start_interpolation:0}
execute if entity @s[tag=aj.melissa.bone.head] run data modify entity @s {} merge value {transformation:[-0.9976626176204559f,0.052350834506808545f,-0.04391687066652892f,-0.3378754519472706f,0.05199696923405575f,0.9986052101466023f,0.009162393711942829f,1.3498185785555479f,0.044335274817830415f,0.006857433521422512f,-0.9989931726555125f,-0.0879251548042645f,0f,0f,0f,1f],start_interpolation:0}
execute if entity @s[tag=aj.melissa.bone.broom] run data modify entity @s {} merge value {transformation:[-0.9570831708082919f,-0.2808651296957768f,0.07146036017625806f,-0.6971873403387618f,0.10121672794143753f,-0.09289170058626317f,0.9905182007146669f,0.8268018608619394f,-0.2715639485284729f,0.9552412841178748f,0.11733333275952929f,-0.4267588099587434f,0f,0f,0f,1f],start_interpolation:0}
execute if entity @s[tag=aj.melissa.bone.rightarm] run data modify entity @s {} merge value {transformation:[-0.9647676964964171f,0.261291939674244f,0.030819053494035794f,-0.622774183978571f,0.24715258928997003f,0.8598745643954785f,0.4466893004236273f,1.2517638976018968f,0.09021579354115575f,0.438568416289816f,-0.8941581822187739f,-0.10241491659066437f,0f,0f,0f,1f],start_interpolation:0}
execute if entity @s[tag=aj.melissa.bone.leftarm] run data modify entity @s {} merge value {transformation:[-0.8625878661657276f,-0.4615311458298045f,-0.20719839423288125f,-0.05220491976638844f,-0.4974526594083136f,0.6992118279907695f,0.5134624341131518f,1.3193185800301235f,-0.09210333756847844f,0.5459778576342031f,-0.8327215345971982f,-0.13759695108782172f,0f,0f,0f,1f],start_interpolation:0}
execute if entity @s[tag=aj.melissa.bone.torso] run data modify entity @s {} merge value {transformation:[-0.9913127330600001f,-0.12781883919603002f,-0.031006606065358065f,-0.2539943387248759f,-0.1315259110331986f,0.9633724778989785f,0.23369724763819794f,0.7176053899343431f,-1.2140079654959437e-16f,0.23574522937561534f,-0.9718148932932847f,-0.24263296158201209f,0f,0f,0f,1f],start_interpolation:0}