execute if entity @s[tag=aj.melissa.bone.rightleg] run data modify entity @s {} merge value {transformation:[-0.9951860903528308f,0.09800329366019946f,1.2246467991473532e-16f,-0.375f,0.09800329366019946f,0.9951860903528308f,0f,0.65625f,-1.2187514601065628e-16f,1.2001941988686136e-17f,-1f,-0.25000000000000006f,0f,0f,0f,1f],start_interpolation:0}
execute if entity @s[tag=aj.melissa.bone.leftleg] run data modify entity @s {} merge value {transformation:[-0.9891795720857958f,-0.14670982982800412f,1.2246467991473532e-16f,-0.12499999999999997f,-0.14670982982800412f,0.9891795720857958f,0f,0.65625f,-1.2113955967368183e-16f,-1.7966772350231812e-17f,-1f,-0.25f,0f,0f,0f,1f],start_interpolation:0}
execute if entity @s[tag=aj.melissa.bone.head] run data modify entity @s {} merge value {transformation:[-0.992540857162471f,-0.11601350115976067f,-0.03746350773541513f,-0.3402614512196962f,-0.12182267211807907f,0.9556108987614426f,0.2682667454724097f,1.339343818708429f,0.004677971910807687f,0.2708296101186166f,-0.9626159352835376f,-0.050980512423212804f,0f,0f,0f,1f],start_interpolation:0}
execute if entity @s[tag=aj.melissa.bone.broom] run data modify entity @s {} merge value {transformation:[-0.9560748075270821f,-0.2893375293205669f,0.046954835094193376f,-0.6901256391847244f,0.12760164089603593f,-0.2666082880533158f,0.955320805793488f,0.8693443253038391f,-0.2638916134565322f,0.9193496695316479f,0.291817411199808f,-0.43765580865005294f,0f,0f,0f,1f],start_interpolation:0}
execute if entity @s[tag=aj.melissa.bone.rightarm] run data modify entity @s {} merge value {transformation:[-0.9653898461076647f,0.2585867377993824f,0.033990352550286485f,-0.620840581682206f,0.23611473642686526f,0.8111663049224007f,0.5350318280257825f,1.24386684563855f,0.11078030634680174f,0.5245399172539799f,-0.8441478537157436f,-0.06794384290638913f,0f,0f,0f,1f],start_interpolation:0}
execute if entity @s[tag=aj.melissa.bone.leftarm] run data modify entity @s {} merge value {transformation:[-0.8480928866344057f,-0.4729573025341861f,-0.23885109507747118f,-0.06079328350496002f,-0.5162050139600337f,0.635903561135364f,0.5737238399246485f,1.3147063054142345f,-0.11946061778947166f,0.6098672404015064f,-0.7834482177415485f,-0.10667789051356377f,0f,0f,0f,1f],start_interpolation:0}
execute if entity @s[tag=aj.melissa.bone.torso] run data modify entity @s {} merge value {transformation:[-0.9905485963888825f,-0.13128938359228542f,-0.03970611977985792f,-0.2541027932372589f,-0.13716223311106704f,0.9481364635758969f,0.2867468713792309f,0.7171292644867467f,-1.2130721679675484e-16f,0.28948289102078145f,-0.9571831882175169f,-0.24095365965560064f,0f,0f,0f,1f],start_interpolation:0}