execute if entity @s[tag=aj.melissa.bone.rightleg] run data modify entity @s {} merge value {transformation:[-0.9999577198165417f,0.009195573897402862f,1.2246467991473532e-16f,-0.375f,0.009195573897402862f,0.9999577198165417f,0f,0.65625f,-1.2245950208560137e-16f,1.1261330139777366e-18f,-1f,-0.25000000000000006f,0f,0f,0f,1f],start_interpolation:0}
execute if entity @s[tag=aj.melissa.bone.leftleg] run data modify entity @s {} merge value {transformation:[-0.9999048704251671f,-0.013793117850211754f,1.2246467991473532e-16f,-0.12499999999999997f,-0.013793117850211754f,0.9999048704251671f,0f,0.65625f,-1.2245302990180298e-16f,-1.6891697625524046e-18f,-1f,-0.25f,0f,0f,0f,1f],start_interpolation:0}
execute if entity @s[tag=aj.melissa.bone.head] run data modify entity @s {} merge value {transformation:[-0.999871876273723f,-0.016000144379898947f,0.0004758326250754374f,-0.2704833385023463f,-0.01600692038490676f,0.9995927660861414f,-0.023623727225991188f,1.3746775492232781f,-0.0000976558034859776f,-0.02362831708097656f,-0.999720807573427f,-0.2548681297525362f,0f,0f,0f,1f],start_interpolation:0}
execute if entity @s[tag=aj.melissa.bone.broom] run data modify entity @s {} merge value {transformation:[-0.9834366568600168f,-0.015940933223827912f,0.18054979532513177f,-0.7676402153685965f,0.011276559458894615f,0.9888141847543879f,0.14872574503187122f,0.6749660220819621f,-0.18090102584220893f,0.14829832998543382f,-0.9722563572292895f,-0.07324002761973958f,0f,0f,0f,1f],start_interpolation:0}
execute if entity @s[tag=aj.melissa.bone.rightarm] run data modify entity @s {} merge value {transformation:[-0.9348710164141303f,0.34398135922091716f,-0.0877097895182804f,-0.6064483949103759f,0.3549772386053278f,0.9039733510488519f,-0.23837646835550946f,1.2741681875452682f,-0.0027097492405806917f,-0.25398623014257965f,-0.9672040385342763f,-0.25422761111231196f,0f,0f,0f,1f],start_interpolation:0}
execute if entity @s[tag=aj.melissa.bone.leftarm] run data modify entity @s {} merge value {transformation:[-0.9823266316998758f,-0.18705578681049712f,-0.006672426386434218f,0.06927585847640738f,-0.187171418112981f,0.9818976105346775f,0.02905069134919824f,1.292639625067209f,0.0011175395975951126f,0.029786155290614f,-0.9995556693142466f,-0.2575088386900246f,0f,0f,0f,1f],start_interpolation:0}
execute if entity @s[tag=aj.melissa.bone.torso] run data modify entity @s {} merge value {transformation:[-0.9995560395582943f,-0.029793946912503724f,0.0002109737246172008f,-0.25093106084101574f,-0.02979469386547828f,0.9995309806884045f,-0.007077772357092279f,0.7187353431465127f,-1.2241031044134704e-16f,-0.00708091600368896f,-0.9999749300000219f,-0.25022127862511534f,0f,0f,0f,1f],start_interpolation:0}