execute if entity @s[tag=aj.eamon.bone.rockingchair] run data modify entity @s {} merge value {transformation:[-1.2f,-8.576364689349611e-20f,1.469575908720867e-16f,-1.9761314045002693e-17f,0f,1.1999997956505035f,0.0007003133226103078f,0.5557652545990762f,-1.4695761589768238e-16f,0.0007003133226103078f,-1.1999997956505035f,0.16136337480130014f,0f,0f,0f,1f],start_interpolation:0}
execute if entity @s[tag=aj.eamon.bone.head] run data modify entity @s {} merge value {transformation:[-1f,-7.146970574458014e-20f,1.2246465906007225e-16f,-6.0974990282183425e-18f,0f,0.9999998297087529f,0.0005835944355085804f,1.3420937698640767f,-1.2246467991473532e-16f,0.0005835944355085804f,-0.9999998297087529f,0.04978985804285497f,0f,0f,0f,1f],start_interpolation:0}
execute if entity @s[tag=aj.eamon.bone.rightarm] run data modify entity @s {} merge value {transformation:[-0.9961946980917455f,0.08715574274765829f,5.661128089452911e-17f,-0.34375f,0.04028915306596348f,0.4605071267779201f,-0.8867412082067528f,1.1553168327061982f,-0.07728458862621547f,-0.8833668901950358f,-0.4622661891897654f,0.03333915149505101f,0f,0f,0f,1f],start_interpolation:0}
execute if entity @s[tag=aj.eamon.bone.leftarm] run data modify entity @s {} merge value {transformation:[-0.9961946980917455f,-0.08715574274765807f,5.661128089452911e-17f,0.34375f,-0.04028915306596348f,0.4605071267779201f,-0.8867412082067528f,1.1553168327061982f,0.07728458862621522f,-0.8833668901950358f,-0.4622661891897654f,0.033339151495051095f,0f,0f,0f,1f],start_interpolation:0}
execute if entity @s[tag=aj.eamon.bone.torso] run data modify entity @s {} merge value {transformation:[-1.0104166666666665f,-1.0856619979975585e-17f,1.2326316938755209e-16f,1.0019545065766034e-17f,0f,1.0065201613507888f,0.0886510297298322f,-0.15212172739895002f,-1.2374035366384712e-16f,0.0886510297298322f,-1.0065201613507888f,-0.08181579433957636f,0f,0f,0f,1f],start_interpolation:0}
execute if entity @s[tag=aj.eamon.bone.rightleg] run data modify entity @s {} merge value {transformation:[-0.9659258262890683f,-7.14697057445801e-20f,0.25881904510252085f,-0.125f,0.00015104535452547784f,0.9999998297087529f,0.000563708937336337f,0.6567629796768477f,-0.2588190010279029f,0.0005835944355085898f,-0.9659256618003548f,0.0003647890950046295f,0f,0f,0f,1f],start_interpolation:0}
execute if entity @s[tag=aj.eamon.bone.leftleg] run data modify entity @s {} merge value {transformation:[-0.9659258262890683f,-7.14697057445801e-20f,-0.25881904510252063f,0.125f,-0.00015104535452547784f,0.9999998297087529f,0.000563708937336337f,0.6567629796768477f,0.2588190010279027f,0.0005835944355085898f,-0.9659256618003548f,0.0003647890950046601f,0f,0f,0f,1f],start_interpolation:0}