execute if entity @s[tag=aj.eamon.bone.rockingchair] run data modify entity @s {} merge value {transformation:[-1.2f,-9.74652672814249e-19f,1.4695438381517623e-16f,-2.0149771252344756e-17f,0f,1.1999736080434913f,0.007958643042980556f,0.5572996080695115f,-1.4695761589768238e-16f,0.007958643042980556f,-1.1999736080434913f,0.16453536861708873f,0f,0f,0f,1f],start_interpolation:0}
execute if entity @s[tag=aj.eamon.bone.head] run data modify entity @s {} merge value {transformation:[-1f,-8.1221056067854265e-19f,1.2246198651264686e-16f,-7.068672972550373e-18f,0f,0.9999780067029094f,0.006632202535817144f,1.3442886047567335f,-1.2246467991473532e-16f,0.006632202535817144f,-0.9999780067029094f,0.05772009511209162f,0f,0f,0f,1f],start_interpolation:0}
execute if entity @s[tag=aj.eamon.bone.rightarm] run data modify entity @s {} merge value {transformation:[-0.9961946980917455f,0.08715574274765829f,5.726709201236574e-17f,-0.34375f,0.04075588114721123f,0.4658418531577493f,-0.8839289145618374f,1.1576145883915343f,-0.07703948108476835f,-0.880565298176494f,-0.46762129335770375f,0.04013994681677287f,0f,0f,0f,1f],start_interpolation:0}
execute if entity @s[tag=aj.eamon.bone.leftarm] run data modify entity @s {} merge value {transformation:[-0.9961946980917455f,-0.08715574274765807f,5.726709201236574e-17f,0.34375f,-0.04075588114721123f,0.4658418531577493f,-0.8839289145618374f,1.1576145883915343f,0.0770394810847681f,-0.880565298176494f,-0.46762129335770375f,0.04013994681677295f,0f,0f,0f,1f],start_interpolation:0}
execute if entity @s[tag=aj.eamon.bone.torso] run data modify entity @s {} merge value {transformation:[-1.0104166666666665f,-1.1601993426803286e-17f,1.2319524695936276e-16f,1.0154904898167909e-17f,0f,1.0059655326346837f,0.09473746581366191f,-0.1491035261648589f,-1.2374035366384712e-16f,0.09473746581366191f,-1.0059655326346837f,-0.08292109125045803f,0f,0f,0f,1f],start_interpolation:0}
execute if entity @s[tag=aj.eamon.bone.rightleg] run data modify entity @s {} merge value {transformation:[-0.9659258262890683f,-8.122105606785408e-19f,0.25881904510252085f,-0.125f,0.0017165403272467064f,0.9999780067029094f,0.006406215714525616f,0.6592693048232726f,-0.2588133528183692f,0.0066322025358171305f,-0.9659045823954032f,0.004150624909158353f,0f,0f,0f,1f],start_interpolation:0}
execute if entity @s[tag=aj.eamon.bone.leftleg] run data modify entity @s {} merge value {transformation:[-0.9659258262890683f,-8.122105606785408e-19f,-0.25881904510252063f,0.125f,-0.0017165403272467064f,0.9999780067029094f,0.006406215714525616f,0.6592693048232726f,0.258813352818369f,0.0066322025358171305f,-0.9659045823954032f,0.004150624909158383f,0f,0f,0f,1f],start_interpolation:0}