execute if entity @s[tag=aj.eamon.bone.rockingchair] run data modify entity @s {} merge value {transformation:[-1.2f,-4.257128835447539e-18f,1.4689594182416733e-16f,-2.1587714105957927e-17f,0f,1.1994963929717695f,0.03476209498454181f,0.5667028242318278f,-1.4695761589768238e-16f,0.03476209498454181f,-1.1994963929717695f,0.17627706307637547f,0f,0f,0f,1f],start_interpolation:0}
execute if entity @s[tag=aj.eamon.bone.head] run data modify entity @s {} merge value {transformation:[-1f,-3.5476073628729464e-18f,1.2241328485347279e-16f,-1.0662814017752414e-17f,0f,0.9995803274764746f,0.028968412487118164f,1.3558815194404514f,-1.2246467991473532e-16f,0.028968412487118164f,-0.9995803274764746f,0.08706848395126074f,0f,0f,0f,1f],start_interpolation:0}
execute if entity @s[tag=aj.eamon.bone.rightarm] run data modify entity @s {} merge value {transformation:[-0.9961946980917455f,0.08715574274765829f,5.967093068536738e-17f,-0.34375f,0.04246664661148118f,0.48539599189211263f,-0.8732624548099202f,1.1696467958700127f,-0.076109837862602f,-0.869939427524225f,-0.48725012572533244f,0.06532273179958044f,0f,0f,0f,1f],start_interpolation:0}
execute if entity @s[tag=aj.eamon.bone.leftarm] run data modify entity @s {} merge value {transformation:[-0.9961946980917455f,-0.08715574274765807f,5.967093068536738e-17f,0.34375f,-0.04246664661148118f,0.48539599189211263f,-0.8732624548099202f,1.1696467958700127f,0.07610983786260175f,-0.869939427524225f,-0.48725012572533244f,0.06532273179958052f,0f,0f,0f,1f],start_interpolation:0}
execute if entity @s[tag=aj.eamon.bone.torso] run data modify entity @s {} merge value {transformation:[-1.0104166666666665f,-1.4351077663654826e-17f,1.2290533631517274e-16f,1.0641878596333105e-17f,0f,1.0035982325740305f,0.11718544215072138f,-0.13399626912305773f,-1.2374035366384712e-16f,0.11718544215072138f,-1.0035982325740305f,-0.08689753326218133f,0f,0f,0f,1f],start_interpolation:0}
execute if entity @s[tag=aj.eamon.bone.rightleg] run data modify entity @s {} merge value {transformation:[-0.9659258262890683f,-3.547607362872949e-18f,0.25881904510252085f,-0.125f,0.007497576858051864f,0.9995803274764746f,0.027981337767902188f,0.6722298077945762f,-0.25871042586072623f,0.028968412487118175f,-0.9655204537600113f,0.018210175935330183f,0f,0f,0f,1f],start_interpolation:0}
execute if entity @s[tag=aj.eamon.bone.leftleg] run data modify entity @s {} merge value {transformation:[-0.9659258262890683f,-3.547607362872949e-18f,-0.25881904510252063f,0.125f,-0.007497576858051864f,0.9995803274764746f,0.027981337767902188f,0.6722298077945762f,0.258710425860726f,0.028968412487118175f,-0.9655204537600113f,0.01821017593533021f,0f,0f,0f,1f],start_interpolation:0}