execute if entity @s[tag=aj.eamon.bone.rockingchair] run data modify entity @s {} merge value {transformation:[-1.2f,-5.532451703074277e-18f,1.4685344002945218e-16f,-2.214785756290699e-17f,0f,1.1991493394805526f,0.045175896486449686f,0.5713231076541505f,-1.4695761589768238e-16f,0.045175896486449686f,-1.1991493394805526f,0.18085098151015616f,0f,0f,0f,1f],start_interpolation:0}
execute if entity @s[tag=aj.eamon.bone.head] run data modify entity @s {} merge value {transformation:[-1f,-4.6103764192285655e-18f,1.2237786669121014e-16f,-1.2062541727271543e-17f,0f,0.999291116233794f,0.03764658040537475f,1.3612466426195848f,-1.2246467991473532e-16f,0.03764658040537475f,-0.999291116233794f,0.09849812807798912f,0f,0f,0f,1f],start_interpolation:0}
execute if entity @s[tag=aj.eamon.bone.rightarm] run data modify entity @s {} merge value {transformation:[-0.9961946980917455f,0.08715574274765829f,6.05972640642133e-17f,-0.34375f,0.04312590015071775f,0.49293129432636723f,-0.8689987893029096f,1.1752077558386196f,-0.07573823492851094f,-0.8656919865517044f,-0.4948142117907259f,0.07513613746718689f,0f,0f,0f,1f],start_interpolation:0}
execute if entity @s[tag=aj.eamon.bone.leftarm] run data modify entity @s {} merge value {transformation:[-0.9961946980917455f,-0.08715574274765807f,6.05972640642133e-17f,0.34375f,-0.04312590015071775f,0.49293129432636723f,-0.8689987893029096f,1.1752077558386196f,0.07573823492851069f,-0.8656919865517044f,-0.4948142117907259f,0.07513613746718698f,0f,0f,0f,1f],start_interpolation:0}
execute if entity @s[tag=aj.eamon.bone.torso] run data modify entity @s {} merge value {transformation:[-1.0104166666666665f,-1.5417711895851404e-17f,1.227760941093603e-16f,1.0825607891311987e-17f,0f,1.0025428898752013f,0.1258951716248784f,-0.12706445162813695f,-1.2374035366384712e-16f,0.1258951716248784f,-1.0025428898752013f,-0.08839779680842834f,0f,0f,0f,1f],start_interpolation:0}
execute if entity @s[tag=aj.eamon.bone.rightleg] run data modify entity @s {} merge value {transformation:[-0.9659258262890683f,-4.610376419228564e-18f,0.25881904510252085f,-0.125f,0.009743651991894359f,0.9992911162337939f,0.036363804285019445f,0.6782185927474649f,-0.2586355724830627f,0.03764658040537474f,-0.9652410971514528f,0.023706333694910747f,0f,0f,0f,1f],start_interpolation:0}
execute if entity @s[tag=aj.eamon.bone.leftleg] run data modify entity @s {} merge value {transformation:[-0.9659258262890683f,-4.610376419228564e-18f,-0.25881904510252063f,0.125f,-0.009743651991894359f,0.9992911162337939f,0.036363804285019445f,0.6782185927474649f,0.25863557248306246f,0.03764658040537474f,-0.9652410971514528f,0.023706333694910774f,0f,0f,0f,1f],start_interpolation:0}