execute if entity @s[tag=aj.eamon.bone.rockingchair] run data modify entity @s {} merge value {transformation:[-1.2f,5.2825438988095055e-18f,1.4686264194916247e-16f,-1.7423759995858976e-17f,0f,1.1992244788572017f,-0.04313524440260994f,0.5619354131683203f,-1.4695761589768238e-16f,-0.04313524440260994f,-1.1992244788572017f,0.14227579746250163f,0f,0f,0f,1f],start_interpolation:0}
execute if entity @s[tag=aj.eamon.bone.head] run data modify entity @s {} merge value {transformation:[-1f,4.402119915674587e-18f,1.223855349576354e-16f,-2.5139024776827996e-19f,0f,0.9993537323810014f,-0.035946037002174955f,1.3436634237495317f,-1.2246467991473532e-16f,-0.035946037002174955f,-0.9993537323810014f,0.002052757153681417f,0f,0f,0f,1f],start_interpolation:0}
execute if entity @s[tag=aj.eamon.bone.rightarm] run data modify entity @s {} merge value {transformation:[-0.9961946980917455f,0.08715574274765829f,5.260662299256296e-17f,-0.34375f,0.03743911553563927f,0.4279310487414816f,-0.9030356195360871f,1.1564102125114237f,-0.07870474014825946f,-0.8995992963698447f,-0.42956567582742833f,-0.007564148846506289f,0f,0f,0f,1f],start_interpolation:0}
execute if entity @s[tag=aj.eamon.bone.leftarm] run data modify entity @s {} merge value {transformation:[-0.9961946980917455f,-0.08715574274765807f,5.260662299256296e-17f,0.34375f,-0.03743911553563927f,0.4279310487414816f,-0.9030356195360871f,1.1564102125114237f,0.0787047401482592f,-0.8995992963698447f,-0.42956567582742833f,-0.007564148846506204f,0f,0f,0f,1f],start_interpolation:0}
execute if entity @s[tag=aj.eamon.bone.torso] run data modify entity @s {} merge value {transformation:[-1.0104166666666665f,-6.346663197947707e-18f,1.2357748577757106e-16f,9.170460272896358e-18f,0f,1.009086749449805f,0.051824437889900175f,-0.15436226615533355f,-1.2374035366384712e-16f,0.051824437889900175f,-1.009086749449805f,-0.0748824908478199f,0f,0f,0f,1f],start_interpolation:0}
execute if entity @s[tag=aj.eamon.bone.rightleg] run data modify entity @s {} merge value {transformation:[-0.9659258262890683f,4.402119915674588e-18f,0.25881904510252085f,-0.125f,-0.009303518972122799f,0.9993537323810014f,-0.03472120549314327f,0.6569845734875822f,-0.25865177873449097f,-0.035946037002174955f,-0.9653015797051833f,-0.022304706221609735f,0f,0f,0f,1f],start_interpolation:0}
execute if entity @s[tag=aj.eamon.bone.leftleg] run data modify entity @s {} merge value {transformation:[-0.9659258262890683f,4.402119915674588e-18f,-0.25881904510252063f,0.125f,0.009303518972122799f,0.9993537323810014f,-0.03472120549314327f,0.6569845734875822f,0.25865177873449074f,-0.035946037002174955f,-0.9653015797051833f,-0.022304706221609707f,0f,0f,0f,1f],start_interpolation:0}