execute if entity @s[tag=aj.eamon.bone.rockingchair] run data modify entity @s {} merge value {transformation:[-1.2f,5.754311574977319e-18f,1.4684491400327364e-16f,-1.7219030910756017e-17f,0f,1.1990797191934262f,-0.04698751982190861f,0.5637116639988062f,-1.4695761589768238e-16f,-0.04698751982190861f,-1.1990797191934262f,0.1406040576168131f,0f,0f,0f,1f],start_interpolation:0}
execute if entity @s[tag=aj.eamon.bone.head] run data modify entity @s {} merge value {transformation:[-1f,4.795259645814432e-18f,1.223707616693947e-16f,2.607950793486707e-19f,0f,0.9992330993278551f,-0.039156266518257175f,1.3449851755412234f,-1.2246467991473532e-16f,-0.039156266518257175f,-0.9992330993278551f,-0.002129553431489295f,0f,0f,0f,1f],start_interpolation:0}
execute if entity @s[tag=aj.eamon.bone.rightarm] run data modify entity @s {} merge value {transformation:[-0.9961946980917455f,0.08715574274765829f,5.22510822476181e-17f,-0.34375f,0.03718608406791894f,0.42503888583119376f,-0.904410935738324f,1.157702036316258f,-0.0788246068533783f,-0.9009693790787128f,-0.4266624653246743f,-0.011144860527878442f,0f,0f,0f,1f],start_interpolation:0}
execute if entity @s[tag=aj.eamon.bone.leftarm] run data modify entity @s {} merge value {transformation:[-0.9961946980917455f,-0.08715574274765807f,5.22510822476181e-17f,0.34375f,-0.03718608406791894f,0.42503888583119376f,-0.904410935738324f,1.157702036316258f,0.07882460685337805f,-0.9009693790787128f,-0.4266624653246743f,-0.011144860527878359f,0f,0f,0f,1f],start_interpolation:0}
execute if entity @s[tag=aj.eamon.bone.torso] run data modify entity @s {} merge value {transformation:[-1.0104166666666665f,-5.949638871975356e-18f,1.2359723670918798e-16f,9.093248662487345e-18f,0f,1.009248028045647f,0.04858248824165241f,-0.15327993825850017f,-1.2374035366384712e-16f,0.04858248824165241f,-1.009248028045647f,-0.07425201020260216f,0f,0f,0f,1f],start_interpolation:0}
execute if entity @s[tag=aj.eamon.bone.rightleg] run data modify entity @s {} merge value {transformation:[-0.9659258262890683f,4.7952596458144325e-18f,0.25881904510252085f,-0.125f,-0.010134387510035127f,0.9992330993278551f,-0.037822049091042545f,0.6582316204503451f,-0.2586205566028678f,-0.039156266518257175f,-0.9651850571236451f,-0.024280941405874536f,0f,0f,0f,1f],start_interpolation:0}
execute if entity @s[tag=aj.eamon.bone.leftleg] run data modify entity @s {} merge value {transformation:[-0.9659258262890683f,4.7952596458144325e-18f,-0.25881904510252063f,0.125f,0.010134387510035127f,0.9992330993278551f,-0.037822049091042545f,0.6582316204503451f,0.2586205566028676f,-0.039156266518257175f,-0.9651850571236451f,-0.024280941405874508f,0f,0f,0f,1f],start_interpolation:0}