execute if entity @s[tag=aj.eamon.bone.rockingchair] run data modify entity @s {} merge value {transformation:[-1.2f,-6.410201174127268e-18f,1.4681774481048936e-16f,-2.2533857586432785e-17f,0f,1.1988578658982294f,0.0523432648384032f,0.5743520438609621f,-1.4695761589768238e-16f,0.0523432648384032f,-1.1988578658982294f,0.18400291089742557f,0f,0f,0f,1f],start_interpolation:0}
execute if entity @s[tag=aj.eamon.bone.head] run data modify entity @s {} merge value {transformation:[-1f,-5.341834311772723e-18f,1.223481206754078e-16f,-1.3026992740940207e-17f,0f,0.9990482215818577f,0.04361938736533601f,1.3647537475504956f,-1.2246467991473532e-16f,0.04361938736533601f,-0.9990482215818577f,0.10637346825231657f,0f,0f,0f,1f],start_interpolation:0}
execute if entity @s[tag=aj.eamon.bone.rightarm] run data modify entity @s {} merge value {transformation:[-0.9961946980917455f,0.08715574274765829f,6.123233995736767e-17f,-0.34375f,0.04357787137382909f,0.4980973490458728f,-0.8660254037844385f,1.1788578360429063f,-0.07547908730517344f,-0.8627299156628208f,-0.5f,0.08189980721105684f,0f,0f,0f,1f],start_interpolation:0}
execute if entity @s[tag=aj.eamon.bone.leftarm] run data modify entity @s {} merge value {transformation:[-0.9961946980917455f,-0.08715574274765807f,6.123233995736767e-17f,0.34375f,-0.04357787137382909f,0.4980973490458728f,-0.8660254037844385f,1.1788578360429063f,0.07547908730517319f,-0.8627299156628208f,-0.5f,0.08189980721105693f,0f,0f,0f,1f],start_interpolation:0}
execute if entity @s[tag=aj.eamon.bone.torso] run data modify entity @s {} merge value {transformation:[-1.0104166666666665f,-1.615135718770448e-17f,1.226817377845992e-16f,1.0950279785136547e-17f,0f,1.0017724120131208f,0.1318858400556771f,-0.12241354451021991f,-1.2374035366384712e-16f,0.1318858400556771f,-1.0017724120131208f,-0.08941582007776083f,0f,0f,0f,1f],start_interpolation:0}
execute if entity @s[tag=aj.eamon.bone.rightleg] run data modify entity @s {} merge value {transformation:[-0.9659258262890683f,-5.341834311772723e-18f,0.25881904510252085f,-0.125f,0.011289528185853222f,0.9990482215818578f,0.04213309278308512f,0.6821849853299952f,-0.2585727067211881f,0.043619387365336f,-0.9650064789340802f,0.02750006170787053f,0f,0f,0f,1f],start_interpolation:0}
execute if entity @s[tag=aj.eamon.bone.leftleg] run data modify entity @s {} merge value {transformation:[-0.9659258262890683f,-5.341834311772723e-18f,-0.25881904510252063f,0.125f,-0.011289528185853222f,0.9990482215818578f,0.04213309278308512f,0.6821849853299952f,0.2585727067211879f,0.043619387365336f,-0.9650064789340802f,0.027500061707870557f,0f,0f,0f,1f],start_interpolation:0}