execute if entity @s[tag=aj.alden.bone.rightarm] run data modify entity @s {} merge value {transformation:[-0.9964023623681346f,-0.020621398939079827f,-0.0822015217194659f,-0.31038698679435717f,0.021795285587041642f,0.8749686580556211f,-0.4836887562746578f,1.3940471824794143f,0.08189809395449811f,-0.48374022504453906f,-0.8713713886056158f,0.23797999063921313f,0f,0f,0f,1f],start_interpolation:0}
execute if entity @s[tag=aj.alden.bone.leftarm] run data modify entity @s {} merge value {transformation:[-0.9937645783134074f,-0.0850395288169234f,-0.07211269949302515f,0.31038698679435717f,-0.11083795852580497f,0.6831409775234409f,0.7218264000285314f,1.418863504434543f,-0.012120636922523034f,0.7253183324354301f,-0.6883069132252554f,0.1697977064335813f,0f,0f,0f,1f],start_interpolation:0}
execute if entity @s[tag=aj.alden.bone.torso] run data modify entity @s {} merge value {transformation:[-0.993238357741943f,-4.188538737676991e-17f,-0.11609291412523015f,-1.1879999018953237e-17f,-0.0397061151282058f,0.9396926207859084f,0.3397075254714511f,1.1128013994613823f,0.1090916547290109f,0.34202014332566866f,-0.9333387554516182f,0.09700755374712575f,0f,0f,0f,1f],start_interpolation:0}
execute if entity @s[tag=aj.alden.bone.head] run data modify entity @s {} merge value {transformation:[-1f,-6.162975822039155e-33f,1.2246467991473532e-16f,-2.7587019285241954e-17f,0f,1f,0f,1.4651861322560982f,-1.2246467991473532e-16f,0f,-1f,0.2252651074942515f,0f,0f,0f,1f],start_interpolation:0}
execute if entity @s[tag=aj.alden.bone.leftleg] run data modify entity @s {} merge value {transformation:[-1f,1.5984848350717867e-17f,1.2141697760125282e-16f,0.125f,0f,0.9914448613738104f,-0.13052619222005185f,0.7604166666666667f,-1.2246467991473532e-16f,-0.13052619222005185f,-0.9914448613738104f,0.020833333333333356f,0f,0f,0f,1f],start_interpolation:0}
execute if entity @s[tag=aj.alden.bone.rightleg] run data modify entity @s {} merge value {transformation:[-1f,-9.715776287805223e-17f,7.455177354798982e-17f,-0.125f,0f,0.6087614290087204f,0.7933533402912354f,0.7604166666666667f,-1.2246467991473532e-16f,0.7933533402912354f,-0.6087614290087204f,-0.02083333333333336f,0f,0f,0f,1f],start_interpolation:0}