execute if entity @s[tag=aj.owen.bone.torso] run data modify entity @s {} merge value {transformation:[-1f,0f,1.2246467991473532e-16f,3.827021247335479e-18f,0f,1f,0f,1.1f,-1.2246467991473532e-16f,0f,-1f,-0.03125f,0f,0f,0f,1f],start_interpolation:0}
execute if entity @s[tag=aj.owen.bone.right_arm] run data modify entity @s {} merge value {transformation:[-1f,1.915769668878472e-17f,1.2095693648649962e-16f,-0.3125f,0f,0.9876883405951378f,-0.1564344650402308f,1.4125f,-1.2246467991473532e-16f,-0.1564344650402308f,-0.9876883405951378f,-0.03125000000000004f,0f,0f,0f,1f],start_interpolation:0}
execute if entity @s[tag=aj.owen.bone.left_arm] run data modify entity @s {} merge value {transformation:[-1f,-1.915769668878472e-17f,1.2095693648649962e-16f,0.3125f,0f,0.9876883405951378f,0.1564344650402308f,1.4125f,-1.2246467991473532e-16f,0.1564344650402308f,-0.9876883405951378f,-0.031249999999999962f,0f,0f,0f,1f],start_interpolation:0}
execute if entity @s[tag=aj.owen.bone.head] run data modify entity @s {} merge value {transformation:[-1f,0f,1.2246467991473532e-16f,3.827021247335479e-18f,0f,1f,0f,1.475f,-1.2246467991473532e-16f,0f,-1f,-0.03125f,0f,0f,0f,1f],start_interpolation:0}
execute if entity @s[tag=aj.owen.bone.left_leg] run data modify entity @s {} merge value {transformation:[-0.9998476951563913f,0.01744177490283016f,-0.0006090802009085602f,0.125f,0.01745240643728351f,0.9992386149554826f,-0.03489418134011368f,0.7250000000000001f,-1.2244602795081332e-16f,-0.03489949670250097f,-0.9993908270190958f,0.012500000000000011f,0f,0f,0f,1f],start_interpolation:0}
execute if entity @s[tag=aj.owen.bone.right_leg] run data modify entity @s {} merge value {transformation:[-0.9998476951563913f,-0.017071029483660117f,-0.0036285593312142417f,-0.125f,-0.01745240643728351f,0.9779986241164496f,0.20788002486020488f,0.7250000000000001f,-1.2266286838531042e-16f,0.20791169081775931f,-0.9781476007338057f,-0.012500000000000011f,0f,0f,0f,1f],start_interpolation:0}