execute if entity @s[tag=aj.uncle_alphon.bone.head] run data modify entity @s {} merge value {transformation:[-1f,0f,1.2246467991473532e-16f,-0.18749999999999997f,0f,1f,0f,1.35625f,-1.2246467991473532e-16f,0f,-1f,-0.12500000000000003f,0f,0f,0f,1f],start_interpolation:0}
execute if entity @s[tag=aj.uncle_alphon.bone.basket] run data modify entity @s {} merge value {transformation:[-0.9876883405951378f,-0.15643446504023084f,1.2246467991473532e-16f,0.3877225315678353f,-0.15643446504023084f,0.9876883405951378f,0f,-2.400562129961634f,-1.2095693648649962e-16f,-1.9157696688784723e-17f,-1f,0.25000000000000006f,0f,0f,0f,1f],start_interpolation:0}
execute if entity @s[tag=aj.uncle_alphon.bone.leftarm] run data modify entity @s {} merge value {transformation:[-0.9876883405951378f,-0.15643446504023084f,1.2246467991473532e-16f,-0.18750000000000003f,-0.15643446504023084f,0.9876883405951378f,0f,1.23125f,-1.2095693648649962e-16f,-1.9157696688784723e-17f,-1f,0.24999999999999997f,0f,0f,0f,1f],start_interpolation:0}
execute if entity @s[tag=aj.uncle_alphon.bone.righarm] run data modify entity @s {} merge value {transformation:[-0.9876883405951378f,0.15643446504023084f,1.2246467991473532e-16f,-0.18749999999999992f,0.15643446504023084f,0.9876883405951378f,0f,1.23125f,-1.2095693648649962e-16f,1.9157696688784723e-17f,-1f,-0.5f,0f,0f,0f,1f],start_interpolation:0}
execute if entity @s[tag=aj.uncle_alphon.bone.torso] run data modify entity @s {} merge value {transformation:[-1f,0f,1.2246467991473532e-16f,-0.18749999999999997f,0f,1f,0f,0.6375f,-1.2246467991473532e-16f,0f,-1f,-0.12500000000000003f,0f,0f,0f,1f],start_interpolation:0}
execute if entity @s[tag=aj.uncle_alphon.bone.leftleg] run data modify entity @s {} merge value {transformation:[-0.9992290362407229f,0.03925981575906854f,1.2246467991473532e-16f,-0.25625f,0.03925981575906854f,0.9992290362407229f,0f,0.54375f,-1.223702640847296e-16f,4.80794077044581e-18f,-1f,-4.163336342344337e-17f,0f,0f,0f,1f],start_interpolation:0}
execute if entity @s[tag=aj.uncle_alphon.bone.rightleg] run data modify entity @s {} merge value {transformation:[-0.9081431738250814f,-0.418659737537428f,1.2246467991473532e-16f,-0.18124999999999997f,-0.418659737537428f,0.9081431738250814f,0f,0.54375f,-1.1121546309924043e-16f,-5.1271030750708225e-17f,-1f,-0.25f,0f,0f,0f,1f],start_interpolation:0}