execute if entity @s[tag=aj.uncle_alphon.bone.head] run data modify entity @s {} merge value {transformation:[-1f,0f,1.2246467991473532e-16f,-0.18749999999999997f,0f,1f,0f,1.3375f,-1.2246467991473532e-16f,0f,-1f,-0.12500000000000003f,0f,0f,0f,1f],start_interpolation:0}
execute if entity @s[tag=aj.uncle_alphon.bone.basket] run data modify entity @s {} merge value {transformation:[-0.9510565162951536f,-0.3090169943749474f,1.2246467991473532e-16f,0.9487811753543391f,-0.3090169943749474f,0.9510565162951536f,0f,-2.284613866990197f,-1.1647083184890926e-16f,-3.78436673043415e-17f,-1f,0.2500000000000001f,0f,0f,0f,1f],start_interpolation:0}
execute if entity @s[tag=aj.uncle_alphon.bone.leftarm] run data modify entity @s {} merge value {transformation:[-0.9510565162951536f,-0.3090169943749474f,1.2246467991473532e-16f,-0.18750000000000003f,-0.3090169943749474f,0.9510565162951536f,0f,1.2125f,-1.1647083184890926e-16f,-3.78436673043415e-17f,-1f,0.24999999999999997f,0f,0f,0f,1f],start_interpolation:0}
execute if entity @s[tag=aj.uncle_alphon.bone.righarm] run data modify entity @s {} merge value {transformation:[-0.9510565162951536f,0.3090169943749474f,1.2246467991473532e-16f,-0.18749999999999992f,0.3090169943749474f,0.9510565162951536f,0f,1.2125f,-1.1647083184890926e-16f,3.78436673043415e-17f,-1f,-0.5f,0f,0f,0f,1f],start_interpolation:0}
execute if entity @s[tag=aj.uncle_alphon.bone.torso] run data modify entity @s {} merge value {transformation:[-1f,0f,1.2246467991473532e-16f,-0.18749999999999997f,0f,1f,0f,0.61875f,-1.2246467991473532e-16f,0f,-1f,-0.12500000000000003f,0f,0f,0f,1f],start_interpolation:0}
execute if entity @s[tag=aj.uncle_alphon.bone.leftleg] run data modify entity @s {} merge value {transformation:[-0.9624552364536473f,0.2714404498650741f,1.2246467991473532e-16f,-0.29374999999999996f,0.2714404498650741f,0.9624552364536473f,0f,0.525f,-1.1786677246455682e-16f,3.324186780863806e-17f,-1f,-4.163336342344337e-17f,0f,0f,0f,1f],start_interpolation:0}
execute if entity @s[tag=aj.uncle_alphon.bone.rightleg] run data modify entity @s {} merge value {transformation:[-0.7853169308807451f,-0.6190939493098339f,1.2246467991473532e-16f,-0.14375f,-0.6190939493098339f,0.7853169308807451f,0f,0.525f,-9.617358657193277e-17f,-7.581714233937817e-17f,-1f,-0.25f,0f,0f,0f,1f],start_interpolation:0}