execute if entity @s[tag=aj.uncle_alphon.bone.head] run data modify entity @s {} merge value {transformation:[-1f,0f,1.2246467991473532e-16f,-0.18749999999999997f,0f,1f,0f,1.3375f,-1.2246467991473532e-16f,0f,-1f,-0.12500000000000003f,0f,0f,0f,1f],start_interpolation:0}
execute if entity @s[tag=aj.uncle_alphon.bone.basket] run data modify entity @s {} merge value {transformation:[-0.9510565162951535f,-0.30901699437494745f,1.2246467991473532e-16f,0.9487811753543394f,-0.30901699437494745f,0.9510565162951535f,0f,-2.2846138669901968f,-1.1647083184890923e-16f,-3.7843667304341506e-17f,-1f,0.2500000000000001f,0f,0f,0f,1f],start_interpolation:0}
execute if entity @s[tag=aj.uncle_alphon.bone.leftarm] run data modify entity @s {} merge value {transformation:[-0.9510565162951535f,-0.30901699437494745f,1.2246467991473532e-16f,-0.18750000000000003f,-0.30901699437494745f,0.9510565162951535f,0f,1.2125f,-1.1647083184890923e-16f,-3.7843667304341506e-17f,-1f,0.24999999999999997f,0f,0f,0f,1f],start_interpolation:0}
execute if entity @s[tag=aj.uncle_alphon.bone.righarm] run data modify entity @s {} merge value {transformation:[-0.9510565162951535f,0.30901699437494745f,1.2246467991473532e-16f,-0.18749999999999992f,0.30901699437494745f,0.9510565162951535f,0f,1.2125f,-1.1647083184890923e-16f,3.7843667304341506e-17f,-1f,-0.5f,0f,0f,0f,1f],start_interpolation:0}
execute if entity @s[tag=aj.uncle_alphon.bone.torso] run data modify entity @s {} merge value {transformation:[-1f,0f,1.2246467991473532e-16f,-0.18749999999999997f,0f,1f,0f,0.61875f,-1.2246467991473532e-16f,0f,-1f,-0.12500000000000003f,0f,0f,0f,1f],start_interpolation:0}
execute if entity @s[tag=aj.uncle_alphon.bone.leftleg] run data modify entity @s {} merge value {transformation:[-0.9624552364536473f,0.2714404498650742f,1.2246467991473532e-16f,-0.29375f,0.2714404498650742f,0.9624552364536473f,0f,0.525f,-1.1786677246455682e-16f,3.324186780863807e-17f,-1f,-4.163336342344337e-17f,0f,0f,0f,1f],start_interpolation:0}
execute if entity @s[tag=aj.uncle_alphon.bone.rightleg] run data modify entity @s {} merge value {transformation:[-0.785316930880745f,-0.619093949309834f,1.2246467991473532e-16f,-0.14374999999999993f,-0.619093949309834f,0.785316930880745f,0f,0.525f,-9.617358657193276e-17f,-7.58171423393782e-17f,-1f,-0.25f,0f,0f,0f,1f],start_interpolation:0}