execute if entity @s[tag=aj.uncle_alphon.bone.head] run data modify entity @s {} merge value {transformation:[-1f,0f,1.2246467991473532e-16f,-0.18749999999999997f,0f,1f,0f,1.346875f,-1.2246467991473532e-16f,0f,-1f,-0.12500000000000003f,0f,0f,0f,1f],start_interpolation:0}
execute if entity @s[tag=aj.uncle_alphon.bone.basket] run data modify entity @s {} merge value {transformation:[-0.9723699203976766f,0.23344536385590542f,1.2246467991473532e-16f,-1.0458980080440348f,0.23344536385590542f,0.9723699203976766f,0f,-2.35361002555189f,-1.1908097106021811e-16f,2.8588811762192377e-17f,-1f,0.24999999999999986f,0f,0f,0f,1f],start_interpolation:0}
execute if entity @s[tag=aj.uncle_alphon.bone.leftarm] run data modify entity @s {} merge value {transformation:[-0.9723699203976766f,0.23344536385590542f,1.2246467991473532e-16f,-0.18750000000000003f,0.23344536385590542f,0.9723699203976766f,0f,1.221875f,-1.1908097106021811e-16f,2.8588811762192377e-17f,-1f,0.24999999999999997f,0f,0f,0f,1f],start_interpolation:0}
execute if entity @s[tag=aj.uncle_alphon.bone.righarm] run data modify entity @s {} merge value {transformation:[-0.9723699203976766f,-0.23344536385590542f,1.2246467991473532e-16f,-0.18749999999999992f,-0.23344536385590542f,0.9723699203976766f,0f,1.221875f,-1.1908097106021811e-16f,-2.8588811762192377e-17f,-1f,-0.5f,0f,0f,0f,1f],start_interpolation:0}
execute if entity @s[tag=aj.uncle_alphon.bone.torso] run data modify entity @s {} merge value {transformation:[-1f,0f,1.2246467991473532e-16f,-0.18749999999999997f,0f,1f,0f,0.628125f,-1.2246467991473532e-16f,0f,-1f,-0.12500000000000003f,0f,0f,0f,1f],start_interpolation:0}
execute if entity @s[tag=aj.uncle_alphon.bone.leftleg] run data modify entity @s {} merge value {transformation:[-0.8526401643540922f,-0.5224985647159489f,1.2246467991473532e-16f,-0.16249999999999998f,-0.5224985647159489f,0.8526401643540922f,0f,0.534375f,-1.0441830481007121e-16f,-6.39876194838473e-17f,-1f,-2.7755575615628914e-17f,0f,0f,0f,1f],start_interpolation:0}
execute if entity @s[tag=aj.uncle_alphon.bone.rightleg] run data modify entity @s {} merge value {transformation:[-0.9876883405951378f,0.15643446504023087f,1.2246467991473532e-16f,-0.27499999999999997f,0.15643446504023087f,0.9876883405951378f,0f,0.534375f,-1.2095693648649962e-16f,1.9157696688784726e-17f,-1f,-0.25f,0f,0f,0f,1f],start_interpolation:0}