execute if entity @s[tag=aj.villager_link.bone.torso] run data modify entity @s {} merge value {transformation:[-1f,-4.154331520102713e-18f,1.2239419657908483e-16f,2.2691469272969615e-18f,0f,0.99942445988754f,0.03392269120366068f,0.4997841724578275f,-1.2246467991473532e-16f,0.03392269120366068f,-0.99942445988754f,-0.018528990798627243f,0f,0f,0f,1f],start_interpolation:0}
execute if entity @s[tag=aj.villager_link.bone.rightarm] run data modify entity @s {} merge value {transformation:[-0.9986598135780083f,0.05175493327147078f,0.00006021962649215142f,-0.3125f,0.05172518124555419f,0.9980448983307519f,0.03508399266152084f,0.8121043161726837f,0.0017556678080939063f,0.03504008844202145f,-0.9993843654132892f,-0.007928149797483318f,0f,0f,0f,1f],start_interpolation:0}
execute if entity @s[tag=aj.villager_link.bone.leftarm] run data modify entity @s {} merge value {transformation:[-0.9986598135780083f,-0.05175493327147079f,0.00006021962649215143f,0.3125f,-0.05172518124555419f,0.9981238399999581f,0.032761343819393864f,0.8121043161726837f,-0.0017556678080941509f,0.03271432264014606f,-0.9994632012859423f,-0.007928149797483242f,0f,0f,0f,1f],start_interpolation:0}
execute if entity @s[tag=aj.villager_link.bone.head] run data modify entity @s {} merge value {transformation:[-1f,-4.154331520102713e-18f,1.2239419657908483e-16f,7.112726072584442e-19f,0f,0.99942445988754f,0.03392269120366068f,0.874568344915655f,-1.2246467991473532e-16f,0.03392269120366068f,-0.99942445988754f,-0.005807981597254486f,0f,0f,0f,1f],start_interpolation:0}