execute if entity @s[tag=aj.villager_link.bone.torso] run data modify entity @s {} merge value {transformation:[-1f,-4.0144089335887e-18f,1.2239886579348887e-16f,2.321617897239716e-18f,0f,0.999462586916552f,0.03278013657802142f,0.499798470093707f,-1.2246467991473532e-16f,0.03278013657802142f,-0.999462586916552f,-0.01895744878324197f,0f,0f,0f,1f],start_interpolation:0}
execute if entity @s[tag=aj.villager_link.bone.rightarm] run data modify entity @s {} merge value {transformation:[-0.9989573319681225f,0.04564948795066755f,-0.0006108657561179747f,-0.3125f,0.04562904013700311f,0.9987697115417976f,0.01941787843432083f,0.8121305285051295f,0.0014965304226437677f,0.019369758815126252f,-0.9998112686103001f,-0.008713656102610313f,0f,0f,0f,1f],start_interpolation:0}
execute if entity @s[tag=aj.villager_link.bone.leftarm] run data modify entity @s {} merge value {transformation:[-0.9989573319681225f,-0.045653574965495755f,1.2239886579348887e-16f,0.3125f,-0.04562904013700311f,0.9984204792281165f,0.03278013657802142f,0.8121305285051295f,-0.0014965304226440123f,0.03274595777753093f,-0.999462586916552f,-0.008713656102610236f,0f,0f,0f,1f],start_interpolation:0}
execute if entity @s[tag=aj.villager_link.bone.head] run data modify entity @s {} merge value {transformation:[-1f,-4.0144089335887e-18f,1.2239886579348887e-16f,8.162145471439534e-19f,0f,0.999462586916552f,0.03278013657802142f,0.874596940187414f,-1.2246467991473532e-16f,0.03278013657802142f,-0.999462586916552f,-0.006664897566483939f,0f,0f,0f,1f],start_interpolation:0}