execute if entity @s[tag=aj.villager_link.bone.torso] run data modify entity @s {} merge value {transformation:[-1f,-4.242981963812272e-18f,1.2239115544300308e-16f,2.235903010905877e-18f,0f,0.9993996271269117f,0.03464657701115457f,0.4997748601725919f,-1.2246467991473532e-16f,0.03464657701115457f,-0.9993996271269117f,-0.018257533620817036f,0f,0f,0f,1f],start_interpolation:0}
execute if entity @s[tag=aj.villager_link.bone.rightarm] run data modify entity @s {} merge value {transformation:[-0.9989306027408966f,0.04623128651020693f,-0.00056484982084355f,-0.3125f,0.046206978942426195f,0.9986796433932453f,0.02244738222943269f,0.8120872436497517f,0.0016018753769038055f,0.02239727705662514f,-0.9997478662021367f,-0.007430478304831272f,0f,0f,0f,1f],start_interpolation:0}
execute if entity @s[tag=aj.villager_link.bone.leftarm] run data modify entity @s {} merge value {transformation:[-0.9989306027408966f,-0.046234737024329974f,1.2239115544300308e-16f,0.3125f,-0.04620697894242619f,0.9983308719049132f,0.03464657701115457f,0.8120872436497517f,-0.0016018753769040499f,0.03460952605666152f,-0.9993996271269117f,-0.007430478304831196f,0f,0f,0f,1f],start_interpolation:0}
execute if entity @s[tag=aj.villager_link.bone.head] run data modify entity @s {} merge value {transformation:[-1f,-4.242981963812272e-18f,1.2239115544300308e-16f,6.44784774476275e-19f,0f,0.9993996271269117f,0.03464657701115457f,0.8745497203451837f,-1.2246467991473532e-16f,0.03464657701115457f,-0.9993996271269117f,-0.005265067241634072f,0f,0f,0f,1f],start_interpolation:0}