execute if entity @s[tag=aj.uncle_alphon.bone.head] run data modify entity @s {} merge value {transformation:[-0.7071067811865475f,-0.7071067811865476f,1.2246467991473532e-16f,-0.882660146759629f,-0.7071067811865476f,0.7071067811865475f,0f,1.1736359120657514f,-8.659560562354932e-17f,-8.659560562354934e-17f,-1f,-0.1250000000000001f,0f,0f,0f,1f],start_interpolation:0}
execute if entity @s[tag=aj.uncle_alphon.bone.basket] run data modify entity @s {} merge value {transformation:[-0.7977760893407347f,-0.433168788018917f,0.4194259319145953f,30.50641916721763f,-0.41323498867222136f,0.8993545794163003f,0.14282221332831568f,2.529145273105569f,-0.43907875764294635f,-0.05938132340351185f,-0.8964840785075743f,-47.974371666313885f,0f,0f,0f,1f],start_interpolation:0}
execute if entity @s[tag=aj.uncle_alphon.bone.leftarm] run data modify entity @s {} merge value {transformation:[-0.9257319024020975f,0.19103354487952212f,0.32638417487028537f,-0.9066830207936358f,0.2878541065718848f,0.9156739985992407f,0.28050158933414177f,0.9728363427351077f,-0.24527628952814695f,0.3536202949775948f,-0.9026584230899657f,0.21463573793076335f,0f,0f,0f,1f],start_interpolation:0}
execute if entity @s[tag=aj.uncle_alphon.bone.righarm] run data modify entity @s {} merge value {transformation:[-0.27498045819438977f,-0.9232594560082936f,0.2682866461501078f,-0.6818605774289852f,-0.8739227239246463f,0.35634550876567395f,0.3305706444780896f,1.1976587860997583f,-0.4008052148105485f,-0.14356132931191007f,-0.904845469959853f,-0.46463573793076357f,0f,0f,0f,1f],start_interpolation:0}
execute if entity @s[tag=aj.uncle_alphon.bone.torso] run data modify entity @s {} merge value {transformation:[-0.6404232891310399f,-0.7071067811865476f,0.29976325781953417f,-0.3744271477817979f,-0.64042328913104f,0.7071067811865475f,0.29976325781953406f,0.6654029130879204f,-0.42392926470952785f,-8.659560562354934e-17f,-0.9056953011487026f,-0.12500000000000006f,0f,0f,0f,1f],start_interpolation:0}
execute if entity @s[tag=aj.uncle_alphon.bone.leftleg] run data modify entity @s {} merge value {transformation:[-1f,5.3418343117727225e-18f,1.223481206754078e-16f,-0.46619897959183676f,0f,0.9990482215818578f,-0.04361938736533599f,0.5625f,-1.2246467991473532e-16f,-0.04361938736533599f,-0.9990482215818578f,-6.938893903907228e-17f,0f,0f,0f,1f],start_interpolation:0}
execute if entity @s[tag=aj.uncle_alphon.bone.rightleg] run data modify entity @s {} merge value {transformation:[-0.9705699615606544f,-0.24081932974590944f,-0.000011699599558784079f,-0.3268494897959183f,-0.24058923151166153f,0.9696404751005896f,0.04375123686629942f,0.5625f,-0.010524799132422082f,0.042466451081222156f,-0.9990424561227558f,-0.25000000000000006f,0f,0f,0f,1f],start_interpolation:0}