execute if entity @s[tag=aj.uncle_alphon.bone.head] run data modify entity @s {} merge value {transformation:[-0.5991138043690905f,-0.5505982881568104f,-0.5812952558667455f,-0.2769353004621824f,-0.5088614912177295f,0.8223728846450705f,-0.2544854049964636f,1.369157961907025f,0.6181606847495753f,0.14333305159430365f,-0.772873213503095f,-0.12500000000000003f,0f,0f,0f,1f],start_interpolation:0}
execute if entity @s[tag=aj.uncle_alphon.bone.basket] run data modify entity @s {} merge value {transformation:[-0.8239975915228122f,-0.2913992918283792f,-0.48591606465162646f,0.10629264813698724f,-0.471695543779492f,0.8279262109658014f,0.30338342600475166f,0.6448380377139614f,0.31389693076418235f,0.4791916546828945f,-0.8196609512103743f,-0.09230560294591392f,0f,0f,0f,1f],start_interpolation:0}
execute if entity @s[tag=aj.uncle_alphon.bone.leftarm] run data modify entity @s {} merge value {transformation:[-0.8159059127903348f,-0.34012544100543146f,-0.46755986339144995f,-0.1452583884138129f,-0.4926448364041658f,0.8322593704937334f,0.2542546074109322f,1.2603630237542496f,0.30265261710099794f,0.4377887899503998f,-0.8466063836020146f,0.2314755984155714f,0f,0f,0f,1f],start_interpolation:0}
execute if entity @s[tag=aj.uncle_alphon.bone.righarm] run data modify entity @s {} merge value {transformation:[-0.937214637172506f,0.15353455308151306f,-0.3131387310437149f,-0.3279055545822157f,0.1608470177365104f,0.9869761517878427f,0.002512506185461387f,1.2363992397193098f,0.30944621625555335f,-0.048012673453175905f,-0.9497040709784285f,-0.4973449007190429f,0f,0f,0f,1f],start_interpolation:0}
execute if entity @s[tag=aj.uncle_alphon.bone.torso] run data modify entity @s {} merge value {transformation:[-0.942523849253025f,-0.13008770976317446f,-0.3077758622079273f,-0.18343475906990078f,-0.12366158449157011f,0.9915024900465819f,-0.040380994941459615f,0.6565155471860443f,0.31041360490528636f,-1.593114973698815e-17f,-0.950601595774857f,-0.12500000000000003f,0f,0f,0f,1f],start_interpolation:0}