execute if entity @s[tag=aj.uncle_alphon.bone.head] run data modify entity @s {} merge value {transformation:[-0.7237460104717751f,-0.6900664550071893f,1.2246467991473532e-16f,-0.8723798714909121f,-0.6900664550071893f,0.7237460104717751f,0f,1.1850753821993454f,-8.863332351199262e-17f,-8.450876753235155e-17f,-1f,-0.1250000000000001f,0f,0f,0f,1f],start_interpolation:0}
execute if entity @s[tag=aj.uncle_alphon.bone.basket] run data modify entity @s {} merge value {transformation:[-0.7405826039040783f,-0.5165957768761915f,0.42972806530216223f,31.164757542962235f,-0.49697420839537254f,0.8515113352966088f,0.16716782600482447f,2.5686474503509196f,-0.4522765116435386f,-0.08976218120718021f,-0.8873492592212391f,-47.541507996969116f,0f,0f,0f,1f],start_interpolation:0}
execute if entity @s[tag=aj.uncle_alphon.bone.leftarm] run data modify entity @s {} merge value {transformation:[-0.9275172229702356f,0.16813692423114068f,0.3338289619006626f,-0.9019162068148738f,0.2666807651771632f,0.9234698536682908f,0.2758347310444941f,0.9842009979438212f,-0.26190297932269707f,0.3448672267350977f,-0.9013730777796383f,0.214156433885006f,0f,0f,0f,1f],start_interpolation:0}
execute if entity @s[tag=aj.uncle_alphon.bone.righarm] run data modify entity @s {} merge value {transformation:[-0.2920898836518044f,-0.9150880289372018f,0.278024098171548f,-0.6703269224151529f,-0.8674234250185855f,0.3759160108845098f,0.3259812180014417f,1.2050132638369258f,-0.40281522016589916f,-0.1459487994349531f,-0.9035700561363208f,-0.4641564338850062f,0f,0f,0f,1f],start_interpolation:0}
execute if entity @s[tag=aj.uncle_alphon.bone.torso] run data modify entity @s {} merge value {transformation:[-0.6545683092002867f,-0.6900664550071893f,0.30878571253296144f,-0.3763946069544947f,-0.6241079413970836f,0.7237460104717751f,0.29441635452413945f,0.664882937172757f,-0.426649277599028f,-8.450876753235155e-17f,-0.9044171570266829f,-0.12500000000000006f,0f,0f,0f,1f],start_interpolation:0}
execute if entity @s[tag=aj.uncle_alphon.bone.leftleg] run data modify entity @s {} merge value {transformation:[-1f,5.341834311772723e-18f,1.223481206754078e-16f,-0.4681122448979592f,0f,0.9990482215818578f,-0.043619387365336f,0.5625f,-1.2246467991473532e-16f,-0.043619387365336f,-0.9990482215818578f,-6.938893903907228e-17f,0f,0f,0f,1f],start_interpolation:0}
execute if entity @s[tag=aj.uncle_alphon.bone.rightleg] run data modify entity @s {} merge value {transformation:[-0.9701665441196832f,-0.24243942853595618f,-0.000012729095013516489f,-0.32780612244897955f,-0.2422077191627814f,0.9692370182549147f,0.04376097830585363f,0.5625f,-0.010597049062549546f,0.04245852017535668f,-0.999042029454059f,-0.25000000000000006f,0f,0f,0f,1f],start_interpolation:0}