execute if entity @s[tag=aj.uncle_alphon.bone.head] run data modify entity @s {} merge value {transformation:[-0.9650110235335154f,-0.2622093142106071f,1.2246467991473532e-16f,-0.5068939035197925f,-0.2622093142106071f,0.9650110235335154f,0f,1.3509450786792918f,-1.1817976611122307e-16f,-3.211137973546426e-17f,-1f,-0.12500000000000008f,0f,0f,0f,1f],start_interpolation:0}
execute if entity @s[tag=aj.uncle_alphon.bone.basket] run data modify entity @s {} merge value {transformation:[-0.5996435830044161f,-0.7522398230138023f,0.2730619380905905f,30.501322353912506f,-0.761697467852402f,0.6411430505714371f,0.093555096981355f,-7.076450111228358f,-0.2454476335776437f,-0.1518908732482468f,-0.9574364844703903f,-47.48291651900902f,0f,0f,0f,1f],start_interpolation:0}
execute if entity @s[tag=aj.uncle_alphon.bone.leftarm] run data modify entity @s {} merge value {transformation:[-0.9577256855971371f,0.044262654151309797f,0.28425750402579575f,-0.5780772669162757f,0.05867869943676355f,0.9973762231214538f,0.04239669544190682f,1.2020711928936683f,-0.2816350854916761f,0.05728426485052752f,-0.9578101020664957f,0.23419283805033375f,0f,0f,0f,1f],start_interpolation:0}
execute if entity @s[tag=aj.uncle_alphon.bone.righarm] run data modify entity @s {} merge value {transformation:[-0.8066769830929456f,-0.5278789941581662f,0.26573673527502045f,-0.3701582115706574f,-0.5166096074158367f,0.8482248980198743f,0.1167434619361131f,1.2585662085815366f,-0.28703093644016614f,-0.043107886815944574f,-0.9569508616541108f,-0.48419283805033386f,0f,0f,0f,1f],start_interpolation:0}
execute if entity @s[tag=aj.uncle_alphon.bone.torso] run data modify entity @s {} merge value {transformation:[-0.9243334621142956f,-0.2622093142106071f,0.27722540712749105f,-0.3184309589309186f,-0.2511565539587725f,0.9650110235335154f,0.07532668758382441f,0.6573434055145776f,-0.2872769329747069f,-3.211137973546426e-17f,-0.9578475681342234f,-0.12500000000000006f,0f,0f,0f,1f],start_interpolation:0}
execute if entity @s[tag=aj.uncle_alphon.bone.leftleg] run data modify entity @s {} merge value {transformation:[-1f,5.341834311772723e-18f,1.223481206754078e-16f,-0.3730000000000001f,0f,0.9990482215818578f,-0.043619387365336f,0.5625f,-1.2246467991473532e-16f,-0.043619387365336f,-0.9990482215818578f,-5.551115123125783e-17f,0f,0f,0f,1f],start_interpolation:0}
execute if entity @s[tag=aj.uncle_alphon.bone.rightleg] run data modify entity @s {} merge value {transformation:[-0.9869259523349436f,-0.1611743297142952f,0.000006993735630346462f,-0.28025f,-0.16102201825173154f,0.9859951809265525f,0.04342134069503346f,0.5625f,-0.007005301271446264f,0.04285252187167962f,-0.9990568487945686f,-0.25000000000000006f,0f,0f,0f,1f],start_interpolation:0}