execute if entity @s[tag=aj.uncle_alphon.bone.head] run data modify entity @s {} merge value {transformation:[-0.7986917271931067f,-0.5903039925531225f,-0.1167592449835772f,-0.6870839948802717f,-0.584095642323386f,0.8071810183446109f,-0.0853878459910318f,1.24243695011192f,0.14465063267100894f,-7.229138950040844e-17f,-0.9894827913955233f,-0.12500000000000008f,0f,0f,0f,1f],start_interpolation:0}
execute if entity @s[tag=aj.uncle_alphon.bone.basket] run data modify entity @s {} merge value {transformation:[-0.9807144899786536f,0.18913374201182673f,0.04926983639624575f,-0.8060610395694787f,0.1751111601041109f,0.962263516518007f,-0.20829067762478398f,0.3852961021754724f,-0.08680536131427276f,-0.19564598746461187f,-0.9768252028055457f,0.3177847410507836f,0f,0f,0f,1f],start_interpolation:0}
execute if entity @s[tag=aj.uncle_alphon.bone.leftarm] run data modify entity @s {} merge value {transformation:[-0.9353570424114905f,0.34726032137383167f,0.06721214481455062f,-0.628783974843194f,0.339291131594475f,0.9345855859112392f,-0.10691730743096024f,1.1302127236404393f,-0.09994364028075783f,-0.07720137179020245f,-0.9919935569151351f,0.2495087858202449f,0f,0f,0f,1f],start_interpolation:0}
execute if entity @s[tag=aj.uncle_alphon.bone.righarm] run data modify entity @s {} merge value {transformation:[-0.6589792169404783f,-0.7519961626155744f,0.01575319180243824f,-0.5978080167790687f,-0.7498261464788446f,0.6584384027080825f,0.06495860140054774f,1.152865921997248f,-0.059221125430038074f,0.030994213180517226f,-0.9977636078010264f,-0.49950878582024505f,0f,0f,0f,1f],start_interpolation:0}
execute if entity @s[tag=aj.uncle_alphon.bone.torso] run data modify entity @s {} merge value {transformation:[-0.8061236883130376f,-0.5903039925531225f,0.041301277418833604f,-0.2628030002327149f,-0.5895307507091011f,0.8071810183446109f,0.03020426447574466f,0.6622755931767309f,-0.05116730507802991f,-7.229138950040844e-17f,-0.9986900955206534f,-0.12500000000000003f,0f,0f,0f,1f],start_interpolation:0}
execute if entity @s[tag=aj.uncle_alphon.bone.leftleg] run data modify entity @s {} merge value {transformation:[-1f,5.341834311772723e-18f,1.223481206754078e-16f,-0.3125f,0f,0.9990482215818578f,-0.043619387365336f,0.5625f,-1.2246467991473532e-16f,-0.043619387365336f,-0.9990482215818578f,-2.7755575615628914e-17f,0f,0f,0f,1f],start_interpolation:0}
execute if entity @s[tag=aj.uncle_alphon.bone.rightleg] run data modify entity @s {} merge value {transformation:[-0.9940562018194553f,-0.10886812033041705f,-1.1304826582174956e-8f,-0.25f,-0.10876572898073002f,0.9931212794009908f,0.043360588098290555f,0.5625f,-0.004720574495618506f,0.04310286274322229f,-0.9990594874179266f,-0.25f,0f,0f,0f,1f],start_interpolation:0}