execute if entity @s[tag=aj.uncle_alphon.bone.head] run data modify entity @s {} merge value {transformation:[-0.8426352327713911f,-0.5384847857575027f,1.2246467991473532e-16f,-0.7609927289837932f,-0.5384847857575027f,0.8426352327713911f,0f,1.2668117225303313f,-1.031930540662269e-16f,-6.594536692674739e-17f,-1f,-0.1250000000000001f,0f,0f,0f,1f],start_interpolation:0}
execute if entity @s[tag=aj.uncle_alphon.bone.basket] run data modify entity @s {} merge value {transformation:[-0.45006790705247174f,-0.7957428595469705f,0.40525569770383013f,33.700200926813395f,-0.7992293229695961f,0.5613752891272452f,0.2146864552384775f,-0.1201235367473441f,-0.3983357482664198f,-0.22726875332370775f,-0.8886380283420912f,-45.80538927096373f,0f,0f,0f,1f],start_interpolation:0}
execute if entity @s[tag=aj.uncle_alphon.bone.leftarm] run data modify entity @s {} merge value {transformation:[-0.9273918441776401f,0.0845957457859194f,0.3644007781930767f,-0.8241887918804276f,0.16701846758982786f,0.9652533943203954f,0.20097441687165246f,1.0780822317558136f,-0.3347375073647131f,0.24724369465747603f,-0.9092971772833014f,0.2165222349223485f,0f,0f,0f,1f],start_interpolation:0}
execute if entity @s[tag=aj.uncle_alphon.bone.righarm] run data modify entity @s {} merge value {transformation:[-0.47041795319562385f,-0.820812847984356f,0.3239957065997179f,-0.5631754696477832f,-0.7902876398562877f,0.5552254097981716f,0.2591721254395056f,1.244882405112001f,-0.3926224593698359f,-0.13413058151764962f,-0.909866249236732f,-0.46652223492234873f,0f,0f,0f,1f],start_interpolation:0}
execute if entity @s[tag=aj.uncle_alphon.bone.torso] run data modify entity @s {} merge value {transformation:[-0.7674097811210638f,-0.5384847857575027f,0.34801776297685927f,-0.3739567892205882f,-0.4904120733428918f,0.8426352327713911f,0.22240023114158344f,0.661167648975894f,-0.41301116953327927f,-6.594536692674739e-17f,-0.9107259597929297f,-0.12500000000000006f,0f,0f,0f,1f],start_interpolation:0}
execute if entity @s[tag=aj.uncle_alphon.bone.leftleg] run data modify entity @s {} merge value {transformation:[-1f,5.341834311772723e-18f,1.223481206754078e-16f,-0.4585459183673469f,0f,0.9990482215818578f,-0.043619387365336f,0.5625f,-1.2246467991473532e-16f,-0.043619387365336f,-0.9990482215818578f,-6.938893903907228e-17f,0f,0f,0f,1f],start_interpolation:0}
execute if entity @s[tag=aj.uncle_alphon.bone.rightleg] run data modify entity @s {} merge value {transformation:[-0.9721565688742253f,-0.2343322545708704f,-0.000007901042870611787f,-0.3230229591836734f,-0.2341085944946574f,0.9712272132694245f,0.04371345546446731f,0.5625f,-0.010235798866222811f,0.04249817258001427f,-0.9990441100116298f,-0.25000000000000006f,0f,0f,0f,1f],start_interpolation:0}