execute if entity @s[tag=aj.uncle_alphon.bone.head] run data modify entity @s {} merge value {transformation:[-0.9334517889521017f,-0.3587028822049259f,1.2246467991473532e-16f,-0.6096082315158866f,-0.3587028822049259f,0.9334517889521017f,0f,1.32924810490457f,-1.143148745498562e-16f,-4.392843365371926e-17f,-1f,-0.12500000000000008f,0f,0f,0f,1f],start_interpolation:0}
execute if entity @s[tag=aj.uncle_alphon.bone.basket] run data modify entity @s {} merge value {transformation:[-0.4315945485138323f,-0.8358940524434157f,0.3391272309662929f,33.26884690649692f,-0.8530885487509846f,0.5004121795495624f,0.14774159383327212f,-4.489019500355015f,-0.2931997163761936f,-0.22554109081978962f,-0.9290668128120492f,-45.885623674346974f,0f,0f,0f,1f],start_interpolation:0}
execute if entity @s[tag=aj.uncle_alphon.bone.leftarm] run data modify entity @s {} merge value {transformation:[-0.9369955697168353f,0.0527244216003664f,0.34533959763967126f,-0.6905572222727958f,0.09267166109282127f,0.9906425126303573f,0.10019668357640252f,1.1642297953151632f,-0.3368252745286798f,0.1258870427658037f,-0.933113705237663f,0.2249517372377119f,0f,0f,0f,1f],start_interpolation:0}
execute if entity @s[tag=aj.uncle_alphon.bone.righarm] run data modify entity @s {} merge value {transformation:[-0.6788973769135378f,-0.6610443993962979f,0.319560093952148f,-0.4389835202077458f,-0.6454860101115777f,0.7447685709561159f,0.1693150509146219f,1.2609034672559511f,-0.3499230806479533f,-0.09132402609813399f,-0.9323163411026717f,-0.474951737237712f,0f,0f,0f,1f],start_interpolation:0}
execute if entity @s[tag=aj.uncle_alphon.bone.torso] run data modify entity @s {} merge value {transformation:[-0.8711015337905014f,-0.3587028822049259f,0.3354316027534002f,-0.3517905349310961f,-0.3347431914127685f,0.9334517889521017f,0.12889822925438346f,0.6583296315952468f,-0.3593453960058908f,-4.392843365371926e-17f,-0.9332046326338985f,-0.12500000000000006f,0f,0f,0f,1f],start_interpolation:0}
execute if entity @s[tag=aj.uncle_alphon.bone.leftleg] run data modify entity @s {} merge value {transformation:[-1f,5.341834311772723e-18f,1.223481206754078e-16f,-0.42150000000000004f,0f,0.9990482215818578f,-0.043619387365336f,0.5625f,-1.2246467991473532e-16f,-0.043619387365336f,-0.9990482215818578f,-6.938893903907228e-17f,0f,0f,0f,1f],start_interpolation:0}
execute if entity @s[tag=aj.uncle_alphon.bone.rightleg] run data modify entity @s {} merge value {transformation:[-0.9792227208209374f,-0.2027877289484778f,0.000003994885521291113f,-0.30449999999999994f,-0.2025950971913002f,0.9782933973990573f,0.043557493034582645f,0.5625f,-0.008836833261300997f,0.04265167749724259f,-0.9990509220177834f,-0.25000000000000006f,0f,0f,0f,1f],start_interpolation:0}