execute if entity @s[tag=aj.uncle_alphon.bone.head] run data modify entity @s {} merge value {transformation:[-0.9997163816662473f,-0.023815042056357153f,1.2246467991473532e-16f,-0.2158728414137456f,-0.023815042056357153f,0.9997163816662473f,0f,1.374805012395545f,-1.2242994668627436e-16f,-2.9165015025877387e-18f,-1f,-0.12500000000000003f,0f,0f,0f,1f],start_interpolation:0}
execute if entity @s[tag=aj.uncle_alphon.bone.basket] run data modify entity @s {} merge value {transformation:[-0.9969035975851324f,-0.07442918104503858f,0.02536758031001323f,17.93203201110322f,-0.07443336999854071f,0.9972256837951128f,0.0007803909468877962f,-10.718713882206178f,-0.02535528647995221f,-0.001110219948707608f,-0.9996778865510554f,-53.02829603867347f,0f,0f,0f,1f],start_interpolation:0}
execute if entity @s[tag=aj.uncle_alphon.bone.leftarm] run data modify entity @s {} merge value {transformation:[-0.9996522163575438f,0.005356999213288308f,0.02582148119064851f,-0.22231707418952887f,0.0042620418484844574f,0.9990969239795241f,-0.042274951140538156f,1.2496160368323155f,-0.026024629310173734f,-0.04215019637062145f,-0.998772286166965f,0.24988157098123745f,0f,0f,0f,1f],start_interpolation:0}
execute if entity @s[tag=aj.uncle_alphon.bone.righarm] run data modify entity @s {} merge value {transformation:[-0.9984602078325883f,-0.04999178358301684f,0.02404235739468032f,-0.20347484812387304f,-0.04890079294513889f,0.9978337714025315f,0.044005421233493755f,1.250064892542213f,-0.026190185647325722f,0.04276197168968447f,-0.9987419526348982f,-0.49988157098123753f,0f,0f,0f,1f],start_interpolation:0}
execute if entity @s[tag=aj.uncle_alphon.bone.torso] run data modify entity @s {} merge value {transformation:[-0.9994006605192565f,-0.023815042056357153f,0.02512296808754112f,-0.1987557799357389f,-0.023807521010857095f,0.9997163816662473f,0.0005984742798633562f,0.6562588630729298f,-0.025130095443337806f,-2.9165015025877387e-18f,-0.9996841892832999f,-0.12500000000000003f,0f,0f,0f,1f],start_interpolation:0}
execute if entity @s[tag=aj.uncle_alphon.bone.leftleg] run data modify entity @s {} merge value {transformation:[-1f,5.341834311772723e-18f,1.223481206754078e-16f,-0.20350000000000013f,0f,0.9990482215818578f,-0.043619387365336f,0.5625f,-1.2246467991473532e-16f,-0.043619387365336f,-0.9990482215818578f,-2.7755575615628914e-17f,0f,0f,0f,1f],start_interpolation:0}
execute if entity @s[tag=aj.uncle_alphon.bone.rightleg] run data modify entity @s {} merge value {transformation:[-0.9999025210586755f,-0.01396239109239501f,-0.000003935468858197328f,-0.1955f,-0.013949311082344895f,0.9989535321505244f,0.04355751742603391f,0.5625f,-0.0006042357427995317f,0.043553326382427864f,-0.9990509209545791f,-0.25f,0f,0f,0f,1f],start_interpolation:0}