execute if entity @s[tag=aj.uncle_alphon.bone.head] run data modify entity @s {} merge value {transformation:[-0.6839338583168932f,-0.45102082829764906f,-0.573423656548516f,-0.3068831221460146f,-0.4291099154525475f,0.8843591005304782f,-0.18377611860421644f,1.364555330195893f,0.5899992863623441f,0.1203710669165396f,-0.7983806412616093f,-0.12500000000000006f,0f,0f,0f,1f],start_interpolation:0}
execute if entity @s[tag=aj.uncle_alphon.bone.basket] run data modify entity @s {} merge value {transformation:[-0.9304173617778851f,0.0720800079983196f,-0.35934385391883644f,-0.15815313747354298f,0.060661516897056f,0.9972331667569733f,0.042967330468705336f,0.5272437558331885f,0.36144669492198717f,0.018179206990980627f,-0.932215534714559f,0.2430228445612618f,0f,0f,0f,1f],start_interpolation:0}
execute if entity @s[tag=aj.uncle_alphon.bone.leftarm] run data modify entity @s {} merge value {transformation:[-0.9317078789287954f,0.019338112554039645f,-0.3626933494632239f,-0.1438509957592246f,0.02859414021795763f,0.9993876083655233f,-0.02016887182355842f,1.2663739663144384f,0.3620812111767203f,-0.029162401277786493f,-0.9316902655198843f,0.22145482469173247f,0f,0f,0f,1f],start_interpolation:0}
execute if entity @s[tag=aj.uncle_alphon.bone.righarm] run data modify entity @s {} merge value {transformation:[-0.9232535745819019f,0.012567288960869973f,-0.383985546954458f,-0.39639828538058736f,0.023620890390411556f,0.9994308435545269f,-0.024084071272338324f,1.2218430652493972f,0.38346432762240673f,-0.03130578540878515f,-0.9230249494141718f,-0.4841170581035191f,0f,0f,0f,1f],start_interpolation:0}
execute if entity @s[tag=aj.uncle_alphon.bone.torso] run data modify entity @s {} merge value {transformation:[-0.9098437264664095f,-0.17364817766693036f,-0.3768696111424632f,-0.1820734944479084f,-0.16042999720436046f,0.984807753012208f,-0.06645228065352382f,0.6567247577183685f,0.3826834323650896f,-2.1265768495757716e-17f,-0.9238795325112867f,-0.12500000000000003f,0f,0f,0f,1f],start_interpolation:0}
execute if entity @s[tag=aj.uncle_alphon.bone.leftleg] run data modify entity @s {} merge value {transformation:[-1f,5.341834311772723e-18f,1.223481206754078e-16f,-0.1875f,0f,0.9990482215818578f,-0.043619387365336f,0.5625f,-1.2246467991473532e-16f,-0.043619387365336f,-0.9990482215818578f,-2.7755575615628914e-17f,0f,0f,0f,1f],start_interpolation:0}
execute if entity @s[tag=aj.uncle_alphon.bone.rightleg] run data modify entity @s {} merge value {transformation:[-1f,-5.341834311772723e-18f,1.223481206754078e-16f,-0.18749999999999994f,0f,0.9990482215818578f,0.043619387365336f,0.5625f,-1.2246467991473532e-16f,0.043619387365336f,-0.9990482215818578f,-0.25f,0f,0f,0f,1f],start_interpolation:0}