execute if entity @s[tag=aj.uncle_alphon.bone.head] run data modify entity @s {} merge value {transformation:[-0.8689072374269223f,-0.36108913679504145f,-0.33854814729329985f,-0.23994962572007336f,-0.3499381637950107f,0.931864584608852f,-0.09576887527557089f,1.3729963798313047f,0.3500621291526552f,0.035256648172840396f,-0.9360627513648464f,-0.12500000000000003f,0f,0f,0f,1f],start_interpolation:0}
execute if entity @s[tag=aj.uncle_alphon.bone.basket] run data modify entity @s {} merge value {transformation:[-0.9574165582446876f,-0.23915407673585978f,-0.16173701363483647f,0.7682129978691417f,-0.2574546988573941f,0.9607402885689839f,0.10341748380537234f,-2.2834750395184247f,0.13065455229399892f,0.14065356554671632f,-0.9814000012552732f,-0.0900054613156521f,0f,0f,0f,1f],start_interpolation:0}
execute if entity @s[tag=aj.uncle_alphon.bone.leftarm] run data modify entity @s {} merge value {transformation:[-0.9542366873870358f,-0.2592648861439497f,-0.14904382998762894f,-0.1851255398758222f,-0.2696561419513725f,0.9614416412078346f,0.05399570037963114f,1.2518257950392089f,0.12929775540401955f,0.09171526243952242f,-0.9873552557631582f,0.24723918250566215f,0f,0f,0f,1f],start_interpolation:0}
execute if entity @s[tag=aj.uncle_alphon.bone.righarm] run data modify entity @s {} merge value {transformation:[-0.9592189915359339f,0.25402122960076196f,-0.12398443930148209f,-0.2171398930009105f,0.2517229379498026f,0.9671974393180837f,0.03412734807250389f,1.2493762695734514f,0.1285865031280725f,0.0015258730808749357f,-0.9916971225755549f,-0.5044056360376274f,0f,0f,0f,1f],start_interpolation:0}
execute if entity @s[tag=aj.uncle_alphon.bone.torso] run data modify entity @s {} merge value {transformation:[-0.9897449194239833f,-0.07629036468374312f,-0.12076744069008871f,-0.185115926103633f,-0.07572870128782769f,0.9970856433909885f,-0.009240321684740512f,0.6563410736440316f,0.1211204288122841f,-9.342875091573029e-18f,-0.9926378200150991f,-0.12500000000000003f,0f,0f,0f,1f],start_interpolation:0}
execute if entity @s[tag=aj.uncle_alphon.bone.leftleg] run data modify entity @s {} merge value {transformation:[-1f,5.341834311772723e-18f,1.223481206754078e-16f,-0.1875f,0f,0.9990482215818578f,-0.043619387365336f,0.5625f,-1.2246467991473532e-16f,-0.043619387365336f,-0.9990482215818578f,-2.7755575615628914e-17f,0f,0f,0f,1f],start_interpolation:0}
execute if entity @s[tag=aj.uncle_alphon.bone.rightleg] run data modify entity @s {} merge value {transformation:[-1f,-5.341834311772723e-18f,1.223481206754078e-16f,-0.18749999999999994f,0f,0.9990482215818578f,0.043619387365336f,0.5625f,-1.2246467991473532e-16f,0.043619387365336f,-0.9990482215818578f,-0.25f,0f,0f,0f,1f],start_interpolation:0}