execute if entity @s[tag=aj.uncle_alphon.bone.head] run data modify entity @s {} merge value {transformation:[-0.9516452867138321f,-0.22633448556467067f,-0.2077112151991902f,-0.2177920855891751f,-0.22361355153875773f,0.9739826864491501f,-0.03680633186722009f,1.374332322732891f,0.21063766957401459f,0.011420470282456987f,-0.9774974910530234f,-0.12500000000000003f,0f,0f,0f,1f],start_interpolation:0}
execute if entity @s[tag=aj.uncle_alphon.bone.basket] run data modify entity @s {} merge value {transformation:[-0.9914729979728459f,-0.10822321493173512f,-0.07258808470111829f,0.2418591188092418f,-0.11104416624202879f,0.9931628012746815f,0.036011710704155014f,-2.401259389799713f,0.06819448243333127f,0.04376512211872084f,-0.9967116567250448f,0.2596987896981406f,0f,0f,0f,1f],start_interpolation:0}
execute if entity @s[tag=aj.uncle_alphon.bone.leftarm] run data modify entity @s {} merge value {transformation:[-0.990827929908616f,-0.11716744233106058f,-0.06731867326830351f,-0.18897530618571176f,-0.11670395103254133f,0.9931081270488588f,-0.01079054228950988f,1.2504817454720016f,0.068119021766326f,-0.002835215530626706f,-0.9976731731516557f,0.24927346651473523f,0f,0f,0f,1f],start_interpolation:0}
execute if entity @s[tag=aj.uncle_alphon.bone.righarm] run data modify entity @s {} merge value {transformation:[-0.9855220568378981f,0.15700237617733526f,-0.06400413549661843f,-0.19999087031947907f,0.15465177794361284f,0.9871512346620254f,0.040190390444958486f,1.2499959145049537f,0.06949174817831581f,0.029710162906137753f,-0.9971400118113867f,-0.5014950557123404f,0f,0f,0f,1f],start_interpolation:0}
execute if entity @s[tag=aj.uncle_alphon.bone.torso] run data modify entity @s {} merge value {transformation:[-0.9970932919994434f,-0.04406121540243656f,-0.062157673275090065f,-0.18612308701867383f,-0.04397585020672633f,0.9990288330660232f,-0.0027414049929698338f,0.6562803489666867f,0.06221809743401293f,-5.395942640913599e-18f,-0.9980625773726273f,-0.12500000000000003f,0f,0f,0f,1f],start_interpolation:0}