execute if entity @s[tag=aj.uncle_alphon.bone.head] run data modify entity @s {} merge value {transformation:[-0.9961054720891813f,-0.08816965733169858f,1.2246467991473532e-16f,-0.2964916394155429f,-0.08816965733169858f,0.9961054720891813f,0f,1.372322512061312f,-1.2198773780071792e-16f,-1.0797668863318364e-17f,-1f,-0.12500000000000003f,0f,0f,0f,1f],start_interpolation:0}
execute if entity @s[tag=aj.uncle_alphon.bone.basket] run data modify entity @s {} merge value {transformation:[-0.9465152676558144f,-0.306599005008237f,0.10052809668147937f,21.804399874874782f,-0.30677527251824455f,0.95167774780042f,0.014085329704227045f,-10.333791881513473f,-0.09998890071302216f,-0.017507554640184407f,-0.994834511496622f,-51.594921937947625f,0f,0f,0f,1f],start_interpolation:0}
execute if entity @s[tag=aj.uncle_alphon.bone.leftarm] run data modify entity @s {} merge value {transformation:[-0.9944890234445753f,0.018821248063661516f,0.1031374949743343f,-0.3232513866845594f,0.015647699227702202f,0.9993814690809816f,-0.03149331304290389f,1.244465170328338f,-0.10366644470190962f,-0.029705889632614772f,-0.9941684104637408f,0.24807695733062343f,0f,0f,0f,1f],start_interpolation:0}
execute if entity @s[tag=aj.uncle_alphon.bone.righarm] run data modify entity @s {} merge value {transformation:[-0.9765709711828731f,-0.19218175690349043f,0.09682618734840057f,-0.24768947781360173f,-0.18789148374966164f,0.9808271856227156f,0.051718684029791316f,1.251153485771991f,-0.10490914439309132f,0.03231414948455977f,-0.9939566726803534f,-0.4980769573306235f,0f,0f,0f,1f],start_interpolation:0}
execute if entity @s[tag=aj.uncle_alphon.bone.torso] run data modify entity @s {} merge value {transformation:[-0.9909973298864427f,-0.08816965733169858f,0.10074921182794354f,-0.23311969820838452f,-0.08771751329651681f,0.9961054720891813f,0.008917753924870707f,0.6563717039972131f,-0.1011431165182109f,-1.0797668863318364e-17f,-0.9948718862149959f,-0.12500000000000003f,0f,0f,0f,1f],start_interpolation:0}
execute if entity @s[tag=aj.uncle_alphon.bone.leftleg] run data modify entity @s {} merge value {transformation:[-1f,5.341834311772723e-18f,1.223481206754078e-16f,-0.25200000000000017f,0f,0.9990482215818578f,-0.043619387365336f,0.5625f,-1.2246467991473532e-16f,-0.043619387365336f,-0.9990482215818578f,-2.7755575615628914e-17f,0f,0f,0f,1f],start_interpolation:0}
execute if entity @s[tag=aj.uncle_alphon.bone.rightleg] run data modify entity @s {} merge value {transformation:[-0.998416267418881f,-0.05625794970023892f,-0.000006991049940498763f,-0.21975000000000006f,-0.05620519299214041f,0.9974745922115034f,0.043421356188069776f,0.5625f,-0.002435823077656058f,0.04335298130486948f,-0.9990568481212238f,-0.25f,0f,0f,0f,1f],start_interpolation:0}