execute if entity @s[tag=aj.uncle_alphon.bone.head] run data modify entity @s {} merge value {transformation:[-0.7843381061361632f,-0.44464359153179034f,-0.4325572930519692f,-0.2548823991032671f,-0.42344571217641913f,0.8933360391899093f,-0.1504807294104129f,1.3716899314452735f,0.45332931087912465f,0.06513676069774346f,-0.8889599194022544f,-0.12500000000000003f,0f,0f,0f,1f],start_interpolation:0}
execute if entity @s[tag=aj.uncle_alphon.bone.basket] run data modify entity @s {} merge value {transformation:[-0.9116024475539858f,-0.3105821327428446f,-0.269294850367564f,1.0786159013730268f,-0.3644885253727956f,0.9136136913608459f,0.1801614215906776f,-2.112183599876195f,0.19007654375316138f,0.26239047577782826f,-0.9460561007339562f,-0.5422999151327395f,0f,0f,0f,1f],start_interpolation:0}
execute if entity @s[tag=aj.uncle_alphon.bone.leftarm] run data modify entity @s {} merge value {transformation:[-0.9057394766951858f,-0.34100025159406644f,-0.2517038513187954f,-0.17527036938426943f,-0.38083382243330705f,0.9154292301770365f,0.13021107567451656f,1.2539257745395267f,0.18601505328001597f,0.21379465136027553f,-0.9590048211573136f,0.243840789599388f,0f,0f,0f,1f],start_interpolation:0}
execute if entity @s[tag=aj.uncle_alphon.bone.righarm] run data modify entity @s {} merge value {transformation:[-0.9531475016973585f,0.24031578145644963f,-0.18373395220007527f,-0.2506194798902865f,0.2397437686867359f,0.9704970371581042f,0.025659817677101064f,1.246505022489774f,0.18447971537262436f,-0.019591479023216028f,-0.982641037493203f,-0.5047890007330494f,0f,0f,0f,1f],start_interpolation:0}
execute if entity @s[tag=aj.uncle_alphon.bone.torso] run data modify entity @s {} merge value {transformation:[-0.9788398721948155f,-0.0980107623320249f,-0.17962849180665216f,-0.1844371636771242f,-0.09640097858075207f,0.9951853548294887f,-0.017690699861171433f,0.6564004576615785f,0.1804975233356695f,-1.2002856637190626e-17f,-0.9835754389317015f,-0.12500000000000003f,0f,0f,0f,1f],start_interpolation:0}