execute if entity @s[tag=aj.uncle_alphon.bone.head] run data modify entity @s {} merge value {transformation:[-0.9854806576884932f,-0.16978773018641494f,1.2246467991473532e-16f,-0.3979790645031603f,-0.16978773018641494f,0.9854806576884932f,0f,1.365017952160839f,-1.2068657330598416e-16f,-2.079300003072875e-17f,-1f,-0.12500000000000006f,0f,0f,0f,1f],start_interpolation:0}
execute if entity @s[tag=aj.uncle_alphon.bone.basket] run data modify entity @s {} merge value {transformation:[-0.8037216756067298f,-0.564040595666189f,0.1894457035681768f,26.370104874916798f,-0.5665696977527481f,0.8227355255318187f,0.04588063443590851f,-9.141304282638462f,-0.18174225086168164f,-0.07045893462445042f,-0.9808186849684895f,-49.60274008707842f,0f,0f,0f,1f],start_interpolation:0}
execute if entity @s[tag=aj.uncle_alphon.bone.leftarm] run data modify entity @s {} merge value {transformation:[-0.9798964916902905f,0.03300624839030067f,0.19675734583557114f,-0.4488522502982762f,0.032892700950491696f,0.9994514893480081f,-0.003845863261969097f,1.2294113913411067f,-0.19677635985362235f,0.0027033326184578294f,-0.9804446726845486f,0.24279448015121138f,0f,0f,0f,1f],start_interpolation:0}
execute if entity @s[tag=aj.uncle_alphon.bone.righarm] run data modify entity @s {} merge value {transformation:[-0.9132722725251207f,-0.36300999774564074f,0.1848174715050279f,-0.30465894616144057f,-0.35513729882188716f,0.9317801115535618f,0.07525505098480498f,1.254254348558448f,-0.19952758010434424f,0.003092773826499938f,-0.9798873300169579f,-0.4927944801512114f,0f,0f,0f,1f],start_interpolation:0}
execute if entity @s[tag=aj.uncle_alphon.bone.torso] run data modify entity @s {} merge value {transformation:[-0.9665449231829688f,-0.16978773018641494f,0.19225773884911415f,-0.2759441334316745f,-0.16652530655991102f,0.9854806576884932f,0.033123942956455196f,0.6567037294472345f,-0.1950903220161284f,-2.079300003072875e-17f,-0.9807852804032304f,-0.12500000000000003f,0f,0f,0f,1f],start_interpolation:0}
execute if entity @s[tag=aj.uncle_alphon.bone.leftleg] run data modify entity @s {} merge value {transformation:[-1f,5.341834311772723e-18f,1.223481206754078e-16f,-0.3125f,0f,0.9990482215818578f,-0.043619387365336f,0.5625f,-1.2246467991473532e-16f,-0.043619387365336f,-0.9990482215818578f,-2.7755575615628914e-17f,0f,0f,0f,1f],start_interpolation:0}
execute if entity @s[tag=aj.uncle_alphon.bone.rightleg] run data modify entity @s {} merge value {transformation:[-0.9940562018194553f,-0.10886812033041705f,-1.1304826582174956e-8f,-0.25f,-0.10876572898073002f,0.9931212794009908f,0.043360588098290555f,0.5625f,-0.004720574495618506f,0.04310286274322229f,-0.9990594874179266f,-0.25f,0f,0f,0f,1f],start_interpolation:0}