execute if entity @s[tag=aj.uncle_alphon.bone.head] run data modify entity @s {} merge value {transformation:[-0.8362720948764992f,-0.514974858840831f,-0.18828138010100084f,-0.5796311529530713f,-0.5023990323761748f,0.8572052815760447f,-0.11311196888754615f,1.2768286310835308f,0.2196456136560773f,-6.306623125207839e-17f,-0.975579727342489f,-0.12500000000000008f,0f,0f,0f,1f],start_interpolation:0}
execute if entity @s[tag=aj.uncle_alphon.bone.basket] run data modify entity @s {} merge value {transformation:[-0.9912151805743422f,0.11115764695047226f,-0.07166898438940009f,-0.5608216478642777f,0.12645915918212366f,0.9552483435572192f,-0.2674110752944589f,0.475608835581796f,0.03873689272417503f,-0.2741251167908965f,-0.9609135619224307f,0.44130358814601733f,0f,0f,0f,1f],start_interpolation:0}
execute if entity @s[tag=aj.uncle_alphon.bone.leftarm] run data modify entity @s {} merge value {transformation:[-0.980717784134247f,0.18225155736980228f,-0.07054783993216251f,-0.46986685722196797f,0.1943047720362067f,0.9479958661359129f,-0.2520902484293628f,1.1969479434911536f,0.02093522024651641f,-0.26093717179716225f,-0.9651287525132219f,0.2462423401666677f,0f,0f,0f,1f],start_interpolation:0}
execute if entity @s[tag=aj.uncle_alphon.bone.righarm] run data modify entity @s {} merge value {transformation:[-0.7909667001043729f,-0.5948357936883334f,-0.14332500784290683f,-0.5606517339739671f,-0.5965422848924187f,0.8017951171287514f,-0.03552312604240292f,1.1424079982818969f,0.13604771832460616f,0.05740181787768028f,-0.9890379414577614f,-0.4962423401666679f,0f,0f,0f,1f],start_interpolation:0}
execute if entity @s[tag=aj.uncle_alphon.bone.torso] run data modify entity @s {} merge value {transformation:[-0.8486157192947152f,-0.514974858840831f,-0.12104650233599874f,-0.20949297316122403f,-0.5098145912615188f,0.8572052815760447f,-0.07271992694567567f,0.6607123349507487f,0.14121063523249006f,-6.306623125207839e-17f,-0.9899795737777808f,-0.12500000000000003f,0f,0f,0f,1f],start_interpolation:0}
execute if entity @s[tag=aj.uncle_alphon.bone.leftleg] run data modify entity @s {} merge value {transformation:[-1f,5.341834311772723e-18f,1.223481206754078e-16f,-0.23828125000000003f,0f,0.9990482215818578f,-0.043619387365336f,0.5625f,-1.2246467991473532e-16f,-0.043619387365336f,-0.9990482215818578f,-2.7755575615628914e-17f,0f,0f,0f,1f],start_interpolation:0}
execute if entity @s[tag=aj.uncle_alphon.bone.rightleg] run data modify entity @s {} merge value {transformation:[-0.9990182224127596f,-0.044301142589272584f,-0.000007248102745459072f,-0.21289062499999997f,-0.04425961548737008f,0.9980746513515977f,0.04345200531962579f,0.5625f,-0.0019177393358339378f,0.04340966591292286f,-0.9990555155651603f,-0.25f,0f,0f,0f,1f],start_interpolation:0}