execute if entity @s[tag=aj.uncle_alphon.bone.head] run data modify entity @s {} merge value {transformation:[-0.9136913303170077f,-0.4064088494404826f,1.2246467991473532e-16f,-0.6544060839903318f,-0.4064088494404826f,0.9136913303170077f,0f,1.3156627895929427f,-1.1189491630814105e-16f,-4.977072966124456e-17f,-1f,-0.12500000000000008f,0f,0f,0f,1f],start_interpolation:0}
execute if entity @s[tag=aj.uncle_alphon.bone.basket] run data modify entity @s {} merge value {transformation:[-0.39495853820304505f,-0.8438237315957056f,0.3632757397575739f,33.92476430547003f,-0.8617950153823609f,0.47730248678736326f,0.17173144024527204f,-3.217104323261932f,-0.31830347871587933f,-0.24524242312964065f,-0.9157177782127375f,-45.50702269907954f,0f,0f,0f,1f],start_interpolation:0}
execute if entity @s[tag=aj.uncle_alphon.bone.leftarm] run data modify entity @s {} merge value {transformation:[-0.9307355474548928f,0.05778259525765704f,0.36109903404624427f,-0.734725428213248f,0.11117526363950393f,0.9854097083676915f,0.12887112713632987f,1.1431291482605304f,-0.34838398565164796f,0.16009021937642245f,-0.9235798396465145f,0.2214548246917324f,0f,0f,0f,1f],start_interpolation:0}
execute if entity @s[tag=aj.uncle_alphon.bone.righarm] run data modify entity @s {} merge value {transformation:[-0.6186698068266905f,-0.7122448801513378f,0.33159448249214296f,-0.47248452740729485f,-0.693617323240129f,0.6933824840411557f,0.19523252732604518f,1.2597735983461034f,-0.3689751739917254f,-0.1092152073803051f,-0.92300019472081f,-0.4714548246917326f,0f,0f,0f,1f],start_interpolation:0}
execute if entity @s[tag=aj.uncle_alphon.bone.torso] run data modify entity @s {} merge value {transformation:[-0.8441407191128927f,-0.4064088494404826f,0.3496545344079376f,-0.3622997234549849f,-0.37547281782952296f,0.9136913303170077f,0.15552593344743085f,0.6589471459275935f,-0.38268343236508984f,-4.977072966124456e-17f,-0.9238795325112867f,-0.12500000000000006f,0f,0f,0f,1f],start_interpolation:0}
execute if entity @s[tag=aj.uncle_alphon.bone.leftleg] run data modify entity @s {} merge value {transformation:[-1f,5.341834311772723e-18f,1.223481206754078e-16f,-0.4375f,0f,0.9990482215818578f,-0.043619387365336f,0.5625f,-1.2246467991473532e-16f,-0.043619387365336f,-0.9990482215818578f,-6.938893903907228e-17f,0f,0f,0f,1f],start_interpolation:0}
execute if entity @s[tag=aj.uncle_alphon.bone.rightleg] run data modify entity @s {} merge value {transformation:[-0.9762959919977361f,-0.21643968214989853f,8.52165405940285e-8f,-0.3125f,-0.21623367614956926f,0.9753667764612867f,0.0436193612328477f,0.5625f,-0.00944104379820166f,0.042585389118444804f,-0.9990482227228229f,-0.25000000000000006f,0f,0f,0f,1f],start_interpolation:0}