execute if entity @s[tag=aj.uncle_alphon.bone.head] run data modify entity @s {} merge value {transformation:[-0.7296615009765322f,-0.4829698471154191f,-0.4840807998361254f,-0.26231065936383424f,-0.4555463234403415f,0.8712777384731075f,-0.18262707806120898f,1.370917599455522f,0.5099721964898302f,0.08726528071630671f,-0.8557529606076991f,-0.12500000000000003f,0f,0f,0f,1f],start_interpolation:0}
execute if entity @s[tag=aj.uncle_alphon.bone.basket] run data modify entity @s {} merge value {transformation:[-0.8828573801394074f,-0.31933880984762164f,-0.3443625572829984f,1.1428941378927555f,-0.4098249338629353f,0.8819502904674448f,0.23282441609210766f,-1.9988336944040663f,0.22936078548353145f,0.34667911628694154f,-0.9095093294809474f,-0.8615171368545768f,0f,0f,0f,1f],start_interpolation:0}
execute if entity @s[tag=aj.uncle_alphon.bone.leftarm] run data modify entity @s {} merge value {transformation:[-0.8758924578063503f,-0.35605909957160903f,-0.32562911413171575f,-0.1663647686447029f,-0.42788729478234633f,0.885078542159364f,0.18316232465466475f,1.2556736772697323f,0.22299072922836144f,0.2997630594674907f,-0.9275867845419603f,0.24073655061170482f,0f,0f,0f,1f],start_interpolation:0}
execute if entity @s[tag=aj.uncle_alphon.bone.righarm] run data modify entity @s {} merge value {transformation:[-0.950938208846171f,0.21327553736276586f,-0.22412065527090475f,-0.2750584924821611f,0.2145006691976633f,0.9765358807537065f,0.019160806724604757f,1.2437754628317825f,0.22294839284056495f,-0.029853287309884576f,-0.9743730268057518f,-0.503494454723756f,0f,0f,0f,1f],start_interpolation:0}
execute if entity @s[tag=aj.uncle_alphon.bone.torso] run data modify entity @s {} merge value {transformation:[-0.96950611569336f,-0.10881550452921353f,-0.21958387374127916f,-0.18409951548346204f,-0.1061274860788984f,0.9940619628443957f,-0.024036861786025973f,0.6564355636611127f,0.22089555978277733f,-1.1591332455953758e-17f,-0.9752974682978796f,-0.12500000000000003f,0f,0f,0f,1f],start_interpolation:0}