execute if entity @s[tag=aj.uncle_alphon.bone.head] run data modify entity @s {} merge value {transformation:[-0.8249314924641706f,-0.5407617985831508f,-0.16451355547173585f,-0.6148292920814717f,-0.5303189334706706f,0.8411757706883359f,-0.10575987712461873f,1.265808342348231f,0.19557571818445751f,-5.928532666969491e-17f,-0.980688604224926f,-0.12500000000000006f,0f,0f,0f,1f],start_interpolation:0}
execute if entity @s[tag=aj.uncle_alphon.bone.basket] run data modify entity @s {} merge value {transformation:[-0.9891681553233307f,0.14297806798216992f,-0.0332209658246865f,-0.6452806912394361f,0.14670683208263002f,0.9555082118917566f,-0.25589287295213387f,0.44729726560276095f,-0.00484416293263969f,-0.25799482375331473f,-0.9661341547642224f,0.4118799245328687f,0f,0f,0f,1f],start_interpolation:0}
execute if entity @s[tag=aj.uncle_alphon.bone.leftarm] run data modify entity @s {} merge value {transformation:[-0.9694673964495363f,0.24364212651962933f,-0.027775554114193753f,-0.5218718899776301f,0.24386345386217806f,0.9460002507831683f,-0.21357467403367797f,1.1769658071126334f,-0.025760106594633278f,-0.21382712574221127f,-0.9765318106467693f,0.2487859351647895f,0f,0f,0f,1f],start_interpolation:0}
execute if entity @s[tag=aj.uncle_alphon.bone.righarm] run data modify entity @s {} merge value {transformation:[-0.7538198353012011f,-0.6507453566717689f,-0.09102821912243707f,-0.5725962445395256f,-0.6529507932251466f,0.7573670972018914f,-0.0070951886960436555f,1.1443569349117446f,0.07355893917887826f,0.05408845390758516f,-0.9958230373016911f,-0.49878593516478964f,0f,0f,0f,1f],start_interpolation:0}
execute if entity @s[tag=aj.uncle_alphon.bone.torso] run data modify entity @s {} merge value {transformation:[-0.8384524588925394f,-0.5407617985831508f,-0.06763247274919397f,-0.2261567493498321f,-0.5390110788927909f,0.8411757706883359f,-0.043478496267851725f,0.6612132571659896f,0.08040230722985538f,-5.928532666969491e-17f,-0.9967624937727723f,-0.12500000000000003f,0f,0f,0f,1f],start_interpolation:0}
execute if entity @s[tag=aj.uncle_alphon.bone.leftleg] run data modify entity @s {} merge value {transformation:[-1f,5.3418343117727256e-18f,1.223481206754078e-16f,-0.26157407407407407f,0f,0.9990482215818578f,-0.04361938736533602f,0.5625f,-1.2246467991473532e-16f,-0.04361938736533602f,-0.9990482215818578f,-2.7755575615628914e-17f,0f,0f,0f,1f],start_interpolation:0}
execute if entity @s[tag=aj.uncle_alphon.bone.rightleg] run data modify entity @s {} merge value {transformation:[-0.9979113866847731f,-0.06459771113406446f,-0.00000641196114570833f,-0.224537037037037f,-0.06453711309316026f,0.996970954330265f,0.043403654862250785f,0.5625f,-0.002797384219931743f,0.04331341522023758f,-0.9990576173091748f,-0.25f,0f,0f,0f,1f],start_interpolation:0}