execute if entity @s[tag=aj.uncle_alphon.bone.head] run data modify entity @s {} merge value {transformation:[-0.8464361501724169f,-0.48861320182044304f,-0.21166715070617967f,-0.545991020695999f,-0.47401677476223464f,0.8725005094593212f,-0.11853673792218994f,1.2873441002532835f,0.2425983118764566f,-5.983785936305453e-17f,-0.9701268262833955f,-0.12500000000000006f,0f,0f,0f,1f],start_interpolation:0}
execute if entity @s[tag=aj.uncle_alphon.bone.basket] run data modify entity @s {} merge value {transformation:[-0.990994683422703f,0.07834487398573095f,-0.10858921745779619f,-0.47996536631730724f,0.10523241758084029f,0.9571499781813194f,-0.269796326063924f,0.5002695703825796f,0.08279900795316487f,-0.2787938306126222f,-0.9567749601104285f,0.4577229810841492f,0f,0f,0f,1f],start_interpolation:0}
execute if entity @s[tag=aj.uncle_alphon.bone.leftarm] run data modify entity @s {} merge value {transformation:[-0.9866103064620878f,0.12064660912455163f,-0.10974743226851677f,-0.4206261905634725f,0.1470225044485582f,0.9491891866441721f,-0.2782521718575592f,1.2142838690417597f,0.07060089495508329f,-0.2906618028990438f,-0.9542176009522244f,0.24268989921013792f,0f,0f,0f,1f],start_interpolation:0}
execute if entity @s[tag=aj.uncle_alphon.bone.righarm] run data modify entity @s {} merge value {transformation:[-0.8211250464736215f,-0.5372836801631824f,-0.19256143197431852f,-0.5492025503734148f,-0.5370459997493059f,0.8415553977336451f,-0.05801815835266643f,1.1422792040999767f,0.19322332210931872f,0.05577418377415869f,-0.9795682662363887f,-0.49268989921013806f,0f,0f,0f,1f],start_interpolation:0}
execute if entity @s[tag=aj.uncle_alphon.bone.torso] run data modify entity @s {} merge value {transformation:[-0.8554923316903783f,-0.48861320182044304f,-0.17143514641325638f,-0.19480028188755558f,-0.47908837048027075f,0.8725005094593212f,-0.09600621992237716f,0.6602343590793962f,0.19648715909574982f,-5.983785936305453e-17f,-0.9805063978937013f,-0.12500000000000003f,0f,0f,0f,1f],start_interpolation:0}
execute if entity @s[tag=aj.uncle_alphon.bone.leftleg] run data modify entity @s {} merge value {transformation:[-1f,5.341834311772723e-18f,1.223481206754078e-16f,-0.2175925925925926f,0f,0.9990482215818578f,-0.043619387365336f,0.5625f,-1.2246467991473532e-16f,-0.043619387365336f,-0.9990482215818578f,-2.7755575615628914e-17f,0f,0f,0f,1f],start_interpolation:0}
execute if entity @s[tag=aj.uncle_alphon.bone.rightleg] run data modify entity @s {} merge value {transformation:[-0.9996551962247628f,-0.026258115395404555f,-0.0000060590847017701685f,-0.20254629629629625f,-0.026233512311389158f,0.9987085086577466f,0.043509970885164465f,0.5625f,-0.0011364385769070053f,0.04349512743401593f,-0.9990529927870991f,-0.25f,0f,0f,0f,1f],start_interpolation:0}