execute if entity @s[tag=aj.villager_link.bone.torso] run data modify entity @s {} merge value {transformation:[-0.9419403007087906f,0.00008497686279160407f,-0.3357803786399167f,0.00003186632354685535f,0f,0.9999999679770939f,0.00025307273883780216f,0.4999999879914102f,0.3357803893925806f,0.00023837941172207661f,-0.9419402705451249f,-0.031160607720604222f,0f,0f,0f,1f],start_interpolation:0}
execute if entity @s[tag=aj.villager_link.bone.rightarm] run data modify entity @s {} merge value {transformation:[-0.842449085579204f,0.420613165943533f,-0.33669586104037735f,-0.29429792237832786f,0.4508360946129513f,0.8925108846847467f,-0.013081915509312527f,0.8124999779842521f,0.295002294907862f,-0.16281549482223343f,-0.9415225757489227f,0.07384525753074037f,0f,0f,0f,1f],start_interpolation:0}
execute if entity @s[tag=aj.villager_link.bone.leftarm] run data modify entity @s {} merge value {transformation:[-0.8408651277877542f,-0.4244690013557849f,-0.33581528219916734f,0.2944147655646663f,-0.4508761648352362f,0.8925862008234051f,0.0007470496027630906f,0.8124999779842521f,0.29942698751774627f,0.1520392744907143f,-0.9419275652396975f,-0.1360174858396225f,0f,0f,0f,1f],start_interpolation:0}
execute if entity @s[tag=aj.villager_link.bone.head] run data modify entity @s {} merge value {transformation:[-0.9419403007087906f,0.00008497686279160407f,-0.3357803786399167f,0.00006373264709370687f,0f,0.9999999679770939f,0.00025307273883780216f,0.8749999759828204f,0.3357803893925806f,0.00023837941172207661f,-0.9419402705451249f,-0.031071215441208444f,0f,0f,0f,1f],start_interpolation:0}