execute if entity @s[tag=aj.villager_link.bone.torso] run data modify entity @s {} merge value {transformation:[-0.9238795325112867f,-0.006678746798450244f,0.3826251478247718f,-0.0025045300494188375f,0f,0.9998476951563913f,0.01745240643728351f,0.49994288568364675f,-0.38268343236508984f,0.01612392110047446f,-0.9237388211835743f,-0.025203529587322075f,0f,0f,0f,1f],start_interpolation:0}
execute if entity @s[tag=aj.villager_link.bone.rightarm] run data modify entity @s {} merge value {transformation:[-0.83099372230446f,0.40413342034404076f,0.38226379903360563f,-0.2933039923337117f,0.44133191573763697f,0.8972790953907618f,0.010787266849559173f,0.812395290420019f,-0.3386378207494334f,0.17766936577745485f,-0.923990272038787f,-0.13975337685751438f,0f,0f,0f,1f],start_interpolation:0}
execute if entity @s[tag=aj.villager_link.bone.leftarm] run data modify entity @s {} merge value {transformation:[-0.8259453787857907f,-0.41407241331483524f,0.38256799107351486f,0.28412071548584256f,-0.4412990955112448f,0.8971732081277114f,0.01831237064902878f,0.812395290420019f,-0.3508123993865581f,-0.1537018905201182f,-0.9237458466955009f,0.09942376837066677f,0f,0f,0f,1f],start_interpolation:0}
execute if entity @s[tag=aj.villager_link.bone.head] run data modify entity @s {} merge value {transformation:[-0.9238795325112867f,-0.006678746798450244f,0.3826251478247718f,-0.0050090600988376794f,0f,0.9998476951563913f,0.01745240643728351f,0.8748857713672935f,-0.38268343236508984f,0.01612392110047446f,-0.9237388211835743f,-0.019157059174644154f,0f,0f,0f,1f],start_interpolation:0}