execute if entity @s[tag=aj.villager_link.bone.torso] run data modify entity @s {} merge value {transformation:[-0.8982546083292837f,-0.008816410717586999f,0.4393869928858431f,-0.0033061540190951204f,0f,0.9997987535984866f,0.020061213894299202f,0.4999245325994325f,-0.43947543573583847f,0.018020077829233715f,-0.8980738378217146f,-0.024492470814037357f,0f,0f,0f,1f],start_interpolation:0}
execute if entity @s[tag=aj.villager_link.bone.rightarm] run data modify entity @s {} merge value {transformation:[-0.8079438156813957f,0.3926423764411893f,0.4393845183035038f,-0.28676584747124223f,0.44839328723331795f,0.8934552131840671f,0.02610061298729646f,0.8123616430989595f,-0.3823221817607317f,0.21810489737011565f,-0.8979198199599369f,-0.15619727015985133f,0f,0f,0f,1f],start_interpolation:0}
execute if entity @s[tag=aj.villager_link.bone.leftarm] run data modify entity @s {} merge value {transformation:[-0.7998374998578435f,-0.4088791936272203f,0.4394061661377867f,0.27464328273456007f,-0.44848775213682346f,0.8936596226359564f,0.015205757245836244f,0.8123616430989595f,-0.39889686637577565f,-0.1849061488672406f,-0.8981597887384363f,0.11847487717504769f,0f,0f,0f,1f],start_interpolation:0}
execute if entity @s[tag=aj.villager_link.bone.head] run data modify entity @s {} merge value {transformation:[-0.8982546083292837f,-0.008816410717586999f,0.4393869928858431f,-0.006612308038190245f,0f,0.9997987535984866f,0.020061213894299202f,0.874849065198865f,-0.43947543573583847f,0.018020077829233715f,-0.8980738378217146f,-0.017734941628074714f,0f,0f,0f,1f],start_interpolation:0}