execute if entity @s[tag=aj.villager_link.bone.torso] run data modify entity @s {} merge value {transformation:[-0.9068479570923856f,0.0015300089576529934f,-0.42145514801691053f,0.0005737533591198763f,0f,0.999993410523212f,0.0036302768702521377f,0.49999752894620453f,0.4214579252041258f,0.003292109163467891f,-0.9068419814388221f,-0.03001545906369954f,0f,0f,0f,1f],start_interpolation:0}
execute if entity @s[tag=aj.villager_link.bone.rightarm] run data modify entity @s {} merge value {transformation:[-0.8135638293172326f,0.3995716950847383f,-0.42244094985428393f,-0.28233810543298404f,0.4459984807194469f,0.8949473461787341f,-0.012433935965175898f,0.8124954697347082f,0.3730941581191347f,-0.19852382238600447f,-0.9063051589407533f,0.10271892667617348f,0f,0f,0f,1f],start_interpolation:0}
execute if entity @s[tag=aj.villager_link.bone.leftarm] run data modify entity @s {} merge value {transformation:[-0.8123570150172857f,-0.4030409198466427f,-0.42146660256938184f,0.28444186774975694f,-0.44602833953351195f,0.8950107030267163f,0.0038159927412454954f,0.8124954697347082f,0.3756791190433444f,0.19108599738545784f,-0.9068358953625629f,-0.1606922765764051f,0f,0f,0f,1f],start_interpolation:0}
execute if entity @s[tag=aj.villager_link.bone.head] run data modify entity @s {} merge value {transformation:[-0.9068479570923856f,0.0015300089576529934f,-0.42145514801691053f,0.0011475067182397489f,0f,0.999993410523212f,0.0036302768702521377f,0.8749950578924091f,0.4214579252041258f,0.003292109163467891f,-0.9068419814388221f,-0.02878091812739908f,0f,0f,0f,1f],start_interpolation:0}