execute if entity @s[tag=aj.villager_link.bone.torso] run data modify entity @s {} merge value {transformation:[-0.9996603640348347f,0.0008294950494381695f,-0.026047428197514332f,0.0003110606435393174f,0f,0.9994933153715949f,0.03182942863919281f,0.4998099932643481f,0.026060632719519822f,0.031818618220476276f,-0.9991538514947524f,-0.019318018167321396f,0f,0f,0f,1f],start_interpolation:0}
execute if entity @s[tag=aj.villager_link.bone.rightarm] run data modify entity @s {} merge value {transformation:[-0.999421858849667f,0.02245242613434792f,-0.025531091127444838f,-0.31182358591439713f,0.02137514937173031f,0.9989009917525699f,0.0417122483818434f,0.8121516543179715f,0.0264395734234208f,0.04114240192810854f,-0.9988034099465086f,-0.0012307522485726172f,0f,0f,0f,1f],start_interpolation:0}
execute if entity @s[tag=aj.villager_link.bone.leftarm] run data modify entity @s {} merge value {transformation:[-0.9994573223744809f,-0.020793896268306404f,-0.025547497529421183f,0.31296414160737457f,-0.02135633650637954f,0.9995310851783555f,0.02194348771743322f,0.8121516543179715f,0.02507922732181255f,0.022477180431757338f,-0.9994327434684032f,-0.017518647698272508f,0f,0f,0f,1f],start_interpolation:0}
execute if entity @s[tag=aj.villager_link.bone.head] run data modify entity @s {} merge value {transformation:[-0.9996603640348347f,0.0008294950494381695f,-0.026047428197514332f,0.0006221212870786309f,0f,0.9994933153715949f,0.03182942863919281f,0.8746199865286962f,0.026060632719519822f,0.031818618220476276f,-0.9991538514947524f,-0.007386036334642791f,0f,0f,0f,1f],start_interpolation:0}