execute if entity @s[tag=aj.villager_link.bone.torso] run data modify entity @s {} merge value {transformation:[-0.9952614022063083f,-0.0007331314057651391f,0.09723273006901949f,-0.0002749242771619233f,0f,0.999971575673983f,0.007539750930357078f,0.4999893408777436f,-0.09723549392239916f,0.007504023083233504f,-0.9952331125717399f,-0.028435991343787437f,0f,0f,0f,1f],start_interpolation:0}
execute if entity @s[tag=aj.villager_link.bone.rightarm] run data modify entity @s {} merge value {transformation:[-0.8901152483141087f,0.4453921008205622f,0.096543882485421f,-0.31152321603093486f,0.44728860361125083f,0.89438692430315f,-0.0022214218529487822f,0.8124804582758633f,-0.087336989862314f,0.04120565691986477f,-0.9953262500505009f,-0.056477075981026706f,0f,0f,0f,1f],start_interpolation:0}
execute if entity @s[tag=aj.villager_link.bone.leftarm] run data modify entity @s {} merge value {transformation:[-0.8897885912777249f,-0.4459066964977731f,0.09717757380406464f,0.3105151603480078f,-0.4472861673075451f,0.8943522951857492f,0.008310031968008023f,0.8124804582758633f,-0.09061648507489307f,-0.03607201289677944f,-0.9952323660925856f,0.004295107720472771f,0f,0f,0f,1f],start_interpolation:0}
execute if entity @s[tag=aj.villager_link.bone.head] run data modify entity @s {} merge value {transformation:[-0.9952614022063083f,-0.0007331314057651391f,0.09723273006901949f,-0.0005498485543238505f,0f,0.999971575673983f,0.007539750930357078f,0.8749786817554872f,-0.09723549392239916f,0.007504023083233504f,-0.9952331125717399f,-0.025621982687574874f,0f,0f,0f,1f],start_interpolation:0}