execute if entity @s[tag=aj.villager_link.bone.torso] run data modify entity @s {} merge value {transformation:[-0.9995830616446914f,0.0010015784126291335f,-0.02885653675873959f,0.0003755919047359289f,0f,0.9993981901133085f,0.03468800366471411f,0.4997743212924907f,0.028873913365270284f,0.034673540905517206f,-0.9989815026756242f,-0.01824742216043105f,0f,0f,0f,1f],start_interpolation:0}
execute if entity @s[tag=aj.villager_link.bone.rightarm] run data modify entity @s {} merge value {transformation:[-0.9994223770033898f,0.018809446533460544f,-0.028304011482459163f,-0.3116811216052835f,0.01747266879601985f,0.9987534464608139f,0.04675744890165737f,0.8120862557028996f,0.029148210751929273f,0.04623589410567719f,-0.9985051947317098f,0.001611157299190041f,0f,0f,0f,1f],start_interpolation:0}
execute if entity @s[tag=aj.villager_link.bone.leftarm] run data modify entity @s {} merge value {transformation:[-0.9994573758096316f,-0.01680674164429265f,-0.028328208115353623f,0.31305829192264856f,-0.017449952511718554f,0.9995919814438796f,0.022613486914615732f,0.8120862557028996f,0.027936590648530376f,0.02309554217594229f,-0.9993428554978195f,-0.016435038554103887f,0f,0f,0f,1f],start_interpolation:0}
execute if entity @s[tag=aj.villager_link.bone.head] run data modify entity @s {} merge value {transformation:[-0.9995830616446914f,0.0010015784126291335f,-0.02885653675873959f,0.0007511838094718539f,0f,0.9993981901133085f,0.03468800366471411f,0.8745486425849814f,0.028873913365270284f,0.034673540905517206f,-0.9989815026756242f,-0.005244844320862096f,0f,0f,0f,1f],start_interpolation:0}