execute if entity @s[tag=aj.villager_link.bone.torso] run data modify entity @s {} merge value {transformation:[-0.9995834814930123f,0.0009998785589823804f,-0.02884204863001226f,0.0003749544596183965f,0f,0.9993996271269117f,0.03464657701115457f,0.4997748601725919f,0.028859375015906092f,0.03463214607062565f,-0.9989833586863367f,-0.018262945223515382f,0f,0f,0f,1f],start_interpolation:0}
execute if entity @s[tag=aj.villager_link.bone.rightarm] run data modify entity @s {} merge value {transformation:[-0.9994348470566667f,0.018182926567118916f,-0.028273090921793382f,-0.311682421457266f,0.01680972891705024f,0.998702482407922f,0.048070621443758135f,0.8120872436497517f,0.029110470668687563f,0.047568191196518866f,-0.998443712826987f,0.0015781551160257857f,0f,0f,0f,1f],start_interpolation:0}
execute if entity @s[tag=aj.villager_link.bone.leftarm] run data modify entity @s {} merge value {transformation:[-0.9994684599370076f,-0.016183632477329818f,-0.02829995814458086f,0.31305725447586674f,-0.01678705118942826f,0.9996339654561124f,0.02121626778797936f,0.8120872436497517f,0.027946243101888105f,0.02168006333769462f,-0.9993742954219723f,-0.01645895426891552f,0f,0f,0f,1f],start_interpolation:0}
execute if entity @s[tag=aj.villager_link.bone.head] run data modify entity @s {} merge value {transformation:[-0.9995834814930123f,0.0009998785589823804f,-0.02884204863001226f,0.0007499089192367891f,0f,0.9993996271269117f,0.03464657701115457f,0.8745497203451837f,0.028859375015906092f,0.03463214607062565f,-0.9989833586863367f,-0.005275890447030765f,0f,0f,0f,1f],start_interpolation:0}