execute if entity @s[tag=aj.villager_link.bone.torso] run data modify entity @s {} merge value {transformation:[-0.9419403007087905f,-0.004984149547912837f,0.33574339629234307f,-0.00186905608046731f,0f,0.9998898294796048f,0.014843480159544307f,0.49995868605485183f,-0.3357803893925809f,0.013981672165046132f,-0.9418365266556803f,-0.0260068729381077f,0f,0f,0f,1f],start_interpolation:0}
execute if entity @s[tag=aj.villager_link.bone.rightarm] run data modify entity @s {} merge value {transformation:[-0.845739449596028f,0.4150836136066965f,0.33530639288897296f,-0.29778294678568706f,0.44294124129478357f,0.8965200837891966f,0.007402440330612997f,0.8124242577672283f,-0.29753628376593655f,0.15478156569119816f,-0.9420800532677346f,-0.12656897207171233f,0f,0f,0f,1f],start_interpolation:0}
execute if entity @s[tag=aj.villager_link.bone.leftarm] run data modify entity @s {} merge value {transformation:[-0.8421670377204279f,-0.4219831697699904f,0.33568569377927154f,0.29092974115730696f,-0.4429140873101068f,0.8964266343823976f,0.01569714726000137f,0.8124242577672283f,-0.3075415286419942f,-0.1354603026746893f,-0.9418432537104181f,0.08329377129865076f,0f,0f,0f,1f],start_interpolation:0}
execute if entity @s[tag=aj.villager_link.bone.head] run data modify entity @s {} merge value {transformation:[-0.9419403007087905f,-0.004984149547912837f,0.33574339629234307f,-0.0037381121609346237f,0f,0.9998898294796048f,0.014843480159544307f,0.8749173721097037f,-0.3357803893925809f,0.013981672165046132f,-0.9418365266556803f,-0.0207637458762154f,0f,0f,0f,1f],start_interpolation:0}