execute if entity @s[tag=aj.villager_link.bone.torso] run data modify entity @s {} merge value {transformation:[-0.8952488885988696f,0.014605727838465173f,-0.4453269587357106f,0.0054771479394244435f,0f,0.999462586916552f,0.03278013657802142f,0.499798470093707f,0.4455664119550402f,0.029346380839592828f,-0.8947677701331943f,-0.02024510718515269f,0f,0f,0f,1f],start_interpolation:0}
execute if entity @s[tag=aj.villager_link.bone.rightarm] run data modify entity @s {} merge value {transformation:[-0.8338679769099604f,0.3264074010850873f,-0.4451094310402428f,-0.26972383979820197f,0.35639331612045405f,0.9341743440702748f,0.017380998404525012f,0.8121305285051295f,0.4214830972989971f,-0.14414056818866416f,-0.8953074864500424f,0.12816514056317013f,0f,0f,0f,1f],start_interpolation:0}
execute if entity @s[tag=aj.villager_link.bone.leftarm] run data modify entity @s {} merge value {transformation:[-0.841652680614374f,-0.3054581232146908f,-0.4453269587357106f,0.28980671557609156f,-0.35625067116387676f,0.9338152504329824f,0.03278013657802142f,0.8121305285051295f,0.4058401464985023f,0.18623751775876196f,-0.8947677701331943f,-0.15031386690873f,0f,0f,0f,1f],start_interpolation:0}
execute if entity @s[tag=aj.villager_link.bone.head] run data modify entity @s {} merge value {transformation:[-0.8952488885988696f,0.014605727838465173f,-0.4453269587357106f,0.010954295878848884f,0f,0.999462586916552f,0.03278013657802142f,0.874596940187414f,0.4455664119550402f,0.029346380839592828f,-0.8947677701331943f,-0.00924021437030538f,0f,0f,0f,1f],start_interpolation:0}