execute if entity @s[tag=aj.villager_link.bone.torso] run data modify entity @s {} merge value {transformation:[-0.9997817482624733f,0.000552753941517202f,-0.020884211843221177f,0.00020728272806895458f,0f,0.9996499182943617f,0.02645828516884698f,0.4998687193603856f,0.020891525584131057f,0.0264525106021369f,-0.9994317429627756f,-0.021330308524198663f,0f,0f,0f,1f],start_interpolation:0}
execute if entity @s[tag=aj.villager_link.bone.rightarm] run data modify entity @s {} merge value {transformation:[-0.9993885372567205f,0.028374419447368928f,-0.020431444415347555f,-0.31205177799722983f,0.027667696999978415f,0.999036084769411f,0.03407931735413053f,0.8122593188273737f,0.021378731079978768f,0.03349318810789634f,-0.9992102662642027f,-0.006535297215989925f,0f,0f,0f,1f],start_interpolation:0}
execute if entity @s[tag=aj.villager_link.bone.leftarm] run data modify entity @s {} merge value {transformation:[-0.9994191278938153f,-0.027269367029714633f,-0.020439873330447045f,0.31281181466681596f,-0.027655161102705505f,0.9994400472813322f,0.018835709561145195f,0.8122593188273737f,0.019914790090518466f,0.019390036412733333f,-0.9996136391744379f,-0.019592500706071835f,0f,0f,0f,1f],start_interpolation:0}
execute if entity @s[tag=aj.villager_link.bone.head] run data modify entity @s {} merge value {transformation:[-0.9997817482624733f,0.000552753941517202f,-0.020884211843221177f,0.0004145654561379054f,0f,0.9996499182943617f,0.02645828516884698f,0.8747374387207713f,0.020891525584131057f,0.0264525106021369f,-0.9994317429627756f,-0.011410617048397326f,0f,0f,0f,1f],start_interpolation:0}