execute if entity @s[tag=aj.villager_link.bone.torso] run data modify entity @s {} merge value {transformation:[-0.9450630751798048f,-0.00031949520369087774f,0.32688787352011917f,-0.00011981070138407534f,0f,0.9999995223599238f,0.0009773842255041624f,0.4999998208849714f,-0.32688802965494257f,0.0009236897417871956f,-0.9450626237798057f,-0.030903616346829803f,0f,0f,0f,1f],start_interpolation:0}
execute if entity @s[tag=aj.villager_link.bone.rightarm] run data modify entity @s {} merge value {transformation:[-0.8795835467487149f,0.34484944469877493f,0.32773715807014936f,-0.29555186394622646f,0.3695896159885957f,0.9290848642038149f,0.014311913246706647f,0.8124996716224476f,-0.2995601776644451f,0.13371677381063832f,-0.9446605339270404f,-0.13276747256969085f,0f,0f,0f,1f],start_interpolation:0}
execute if entity @s[tag=aj.villager_link.bone.leftarm] run data modify entity @s {} merge value {transformation:[-0.879347379880476f,-0.34544312925206216f,0.32774567876615096f,0.29511255804115155f,-0.3695975539839362f,0.9291097592562328f,-0.012357319447050933f,0.8124996716224476f,-0.3002429575967325f,-0.13200037767888456f,-0.9446851680354672f,0.07153754596464826f,0f,0f,0f,1f],start_interpolation:0}
execute if entity @s[tag=aj.villager_link.bone.head] run data modify entity @s {} merge value {transformation:[-0.9450630751798048f,-0.00031949520369087774f,0.32688787352011917f,-0.0002396214027681545f,0f,0.9999995223599238f,0.0009773842255041624f,0.8749996417699428f,-0.32688802965494257f,0.0009236897417871956f,-0.9450626237798057f,-0.030557232693659602f,0f,0f,0f,1f],start_interpolation:0}