execute if entity @s[tag=aj.villager_link.bone.torso] run data modify entity @s {} merge value {transformation:[-0.9998735290829454f,0.00039868885737449287f,-0.015898644168968426f,0.00014950832151543864f,0f,0.9996857225282805f,0.025069028164447248f,0.4998821459481052f,0.015903642325469605f,0.025065857661465622f,-0.9995592913581859f,-0.021850303376950393f,0f,0f,0f,1f],start_interpolation:0}
execute if entity @s[tag=aj.villager_link.bone.rightarm] run data modify entity @s {} merge value {transformation:[-0.999468435707365f,0.028818919625067815f,-0.015241912488821554f,-0.3121863792489754f,0.02816252249746935f,0.9987350376040195f,0.041655695753128386f,0.8122839342381928f,0.01642310419051606f,0.04120430236931026f,-0.9990157591925194f,-0.009047334631033133f,0f,0f,0f,1f],start_interpolation:0}
execute if entity @s[tag=aj.villager_link.bone.leftarm] run data modify entity @s {} merge value {transformation:[-0.9994908953289711f,-0.028021968133711654f,-0.015255145243667775f,0.3127345764278654f,-0.028153480916234482f,0.9995676807185666f,0.008475445428107482f,0.8122839342381928f,0.01501105148853243f,0.008900615979742968f,-0.999847712088391f,-0.018987111084451634f,0f,0f,0f,1f],start_interpolation:0}
execute if entity @s[tag=aj.villager_link.bone.head] run data modify entity @s {} merge value {transformation:[-0.9998735290829454f,0.00039868885737449287f,-0.015898644168968426f,0.0002990166430308735f,0f,0.9996857225282805f,0.025069028164447248f,0.8747642918962104f,0.015903642325469605f,0.025065857661465622f,-0.9995592913581859f,-0.012450606753900785f,0f,0f,0f,1f],start_interpolation:0}