execute if entity @s[tag=aj.villager_link.bone.torso] run data modify entity @s {} merge value {transformation:[-0.8963832987621068f,0.0054464941406144f,-0.44324633941177655f,0.002042435302730404f,0f,0.999924514316138f,0.012286808765317576f,0.49997169286855175f,0.44327980069067385f,0.011013690172314537f,-0.8963156346557972f,-0.02711986618538205f,0f,0f,0f,1f],start_interpolation:0}
execute if entity @s[tag=aj.villager_link.bone.rightarm] run data modify entity @s {} merge value {transformation:[-0.8085636721852573f,0.38597267081261544f,-0.44412823081635777f,-0.27637531614148597f,0.4330108977361948f,0.9013749407415618f,-0.004977815267823378f,0.8124481035923449f,0.3984047570800155f,-0.1963372445281901f,-0.8959494047919734f,0.11484684970930181f,0f,0f,0f,1f],start_interpolation:0}
execute if entity @s[tag=aj.villager_link.bone.leftarm] run data modify entity @s {} merge value {transformation:[-0.8103484404870389f,-0.38323249743090915f,-0.4432474003455545f,0.28386424558483075f,-0.4329870532205044f,0.9013160674292824f,0.012310903185287752f,0.8124481035923449f,0.3947880656043799f,0.20189650692045563f,-0.8963147793881734f,-0.16220302572236933f,0f,0f,0f,1f],start_interpolation:0}
execute if entity @s[tag=aj.villager_link.bone.head] run data modify entity @s {} merge value {transformation:[-0.8963832987621068f,0.0054464941406144f,-0.44324633941177655f,0.004084870605460804f,0f,0.999924514316138f,0.012286808765317576f,0.8749433857371035f,0.44327980069067385f,0.011013690172314537f,-0.8963156346557972f,-0.0229897323707641f,0f,0f,0f,1f],start_interpolation:0}