execute if entity @s[tag=aj.villager_link.bone.torso] run data modify entity @s {} merge value {transformation:[-0.9982190652782118f,0.0001426405716473782f,-0.059654650856076984f,0.00005349021436777066f,0f,0.999997141319186f,0.002391098796766859f,0.49999892799469475f,0.05965482139017035f,0.002386840405896471f,-0.9982162116885218f,-0.030354934847788822f,0f,0f,0f,1f],start_interpolation:0}
execute if entity @s[tag=aj.villager_link.bone.rightarm] run data modify entity @s {} merge value {transformation:[-0.995947131211285f,0.06751524080536288f,-0.05942225249016783f,-0.3118453925064336f,0.06753368489579882f,0.9977155461145533f,0.001700131093098313f,0.8124980346569404f,0.05940128985473588f,-0.0023197629906152196f,-0.9982314889159033f,-0.010966915536517942f,0f,0f,0f,1f],start_interpolation:0}
execute if entity @s[tag=aj.villager_link.bone.leftarm] run data modify entity @s {} merge value {transformation:[-0.9959496390710147f,-0.06727287020452748f,-0.059654650856076984f,0.3120415232924487f,-0.06753526829559056f,0.9977140222442435f,0.002391098796766859f,0.8124980346569404f,0.05935742557219147f,0.00641020683426803f,-0.9982162116885218f,-0.04825117890537441f,0f,0f,0f,1f],start_interpolation:0}
execute if entity @s[tag=aj.villager_link.bone.head] run data modify entity @s {} merge value {transformation:[-0.9982190652782118f,0.0001426405716473782f,-0.059654650856076984f,0.00010698042873553748f,0f,0.999997141319186f,0.002391098796766859f,0.8749978559893895f,0.05965482139017035f,0.002386840405896471f,-0.9982162116885218f,-0.029459869695577647f,0f,0f,0f,1f],start_interpolation:0}