execute if entity @s[tag=aj.villager_link.bone.torso] run data modify entity @s {} merge value {transformation:[-0.9891188127719618f,0.000862745414586265f,-0.14711638212970837f,0.00032352953046985324f,0f,0.9999828050051661f,0.005864272674423661f,0.4999935518769373f,0.1471189118386374f,0.005800462425496989f,-0.989101804879086f,-0.02907482659043863f,0f,0f,0f,1f],start_interpolation:0}
execute if entity @s[tag=aj.villager_link.bone.rightarm] run data modify entity @s {} merge value {transformation:[-0.9853809709111656f,0.08678260923726634f,-0.14660532357366968f,-0.30850649151871f,0.08710642448435324f,0.996190065183552f,0.004221947790101382f,0.8124881784410517f,0.14641315849239822f,-0.008610038534327676f,-0.9891860564407069f,0.018712477867103366f,0f,0f,0f,1f],start_interpolation:0}
execute if entity @s[tag=aj.villager_link.bone.leftarm] run data modify entity @s {} merge value {transformation:[-0.9854340814890165f,-0.0853020582926587f,-0.14711638212970837f,0.3096927664637661f,-0.08710787980138573f,0.996181623792824f,0.005864272674423661f,0.8124881784410517f,0.14605440190698074f,0.018593850287891185f,-0.989101804879086f,-0.073236842032045f,0f,0f,0f,1f],start_interpolation:0}
execute if entity @s[tag=aj.villager_link.bone.head] run data modify entity @s {} merge value {transformation:[-0.9891188127719618f,0.000862745414586265f,-0.14711638212970837f,0.0006470590609397026f,0f,0.9999828050051661f,0.005864272674423661f,0.8749871037538746f,0.1471189118386374f,0.005800462425496989f,-0.989101804879086f,-0.02689965318087726f,0f,0f,0f,1f],start_interpolation:0}