execute if entity @s[tag=aj.villager_link.bone.torso] run data modify entity @s {} merge value {transformation:[-0.9238795325112867f,0f,-0.3826834323650896f,3.827021247335479e-18f,0f,1f,0f,0.5f,0.3826834323650896f,0f,-0.9238795325112867f,-0.03125f,0f,0f,0f,1f],start_interpolation:0}
execute if entity @s[tag=aj.villager_link.bone.rightarm] run data modify entity @s {} merge value {transformation:[-0.8267698261745019f,0.41145122803491485f,-0.3836137920825373f,-0.2887123539097771f,0.45068054316420153f,0.8925760459739435f,-0.013966036185728769f,0.8125f,0.3366581389787035f,-0.18443396949065877f,-0.9233880053137545f,0.0883385726140905f,0f,0f,0f,1f],start_interpolation:0}
execute if entity @s[tag=aj.villager_link.bone.leftarm] run data modify entity @s {} merge value {transformation:[-0.8247762925384414f,-0.4162627624793114f,-0.3827131822130452f,0.2887123539097771f,-0.4507244541405789f,0.8926630281160869f,0.0004297374727959139f,0.8125f,0.3414550244266737f,0.17285262742495613f,-0.9238671092132618f,-0.1508385726140905f,0f,0f,0f,1f],start_interpolation:0}
execute if entity @s[tag=aj.villager_link.bone.head] run data modify entity @s {} merge value {transformation:[-0.9238795325112867f,0f,-0.3826834323650896f,3.827021247335479e-18f,0f,1f,0f,0.875f,0.3826834323650896f,0f,-0.9238795325112867f,-0.03125f,0f,0f,0f,1f],start_interpolation:0}