execute if entity @s[tag=aj.villager_link.bone.torso] run data modify entity @s {} merge value {transformation:[-0.9891188127719618f,-0.00110923995240849f,0.14711473008272405f,-0.00041596498215317986f,0f,0.999971575673983f,0.007539750930357094f,0.4999893408777436f,-0.14711891183863743f,0.007457709488831103f,-0.9890906977363579f,-0.028453358941688336f,0f,0f,0f,1f],start_interpolation:0}
execute if entity @s[tag=aj.villager_link.bone.rightarm] run data modify entity @s {} merge value {transformation:[-0.9715314118198306f,0.18468388688452453f,0.1483865821851519f,-0.3098622314585189f,0.1902765018183261f,0.9814298331346737f,0.02429682055387214f,0.8124804582758633f,-0.14114378733457328f,0.05183960415040473f,-0.9886309153260291f,-0.07209748467600281f,0f,0f,0f,1f],start_interpolation:0}
execute if entity @s[tag=aj.villager_link.bone.leftarm] run data modify entity @s {} merge value {transformation:[-0.9711092436452258f,-0.18686151055930217f,0.14842376082788544f,0.3083370265239572f,-0.19030497096616042f,0.9816817303861213f,-0.009219449640824419f,0.8124804582758633f,-0.1439821340735245f,-0.037198872262565325f,-0.9888808770372836f,0.019851835223145584f,0f,0f,0f,1f],start_interpolation:0}
execute if entity @s[tag=aj.villager_link.bone.head] run data modify entity @s {} merge value {transformation:[-0.9891188127719618f,-0.00110923995240849f,0.14711473008272405f,-0.0008319299643063636f,0f,0.999971575673983f,0.007539750930357094f,0.8749786817554872f,-0.14711891183863743f,0.007457709488831103f,-0.9890906977363579f,-0.025656717883376673f,0f,0f,0f,1f],start_interpolation:0}