execute if entity @s[tag=aj.villager_link.bone.torso] run data modify entity @s {} merge value {transformation:[-0.9996003076502565f,0.0009634518692763687f,-0.028254144935001287f,0.00036129445097864214f,0f,0.9994191189937831f,0.034079680011560684f,0.49978216962266864f,0.028270566770273124f,0.03406605862417836f,-0.9990196588177339f,-0.018475228015933116f,0f,0f,0f,1f],start_interpolation:0}
execute if entity @s[tag=aj.villager_link.bone.rightarm] run data modify entity @s {} merge value {transformation:[-0.9994217527853261f,0.01970371562146778f,-0.02771143536908079f,-0.3117127229805777f,0.018431568925721068f,0.9987971870283886f,0.04543629002366595f,0.8121006443082259f,0.028573367432677736f,0.044899251384478776f,-0.9985828057295352f,0.0010049674198329746f,0f,0f,0f,1f],start_interpolation:0}
execute if entity @s[tag=aj.villager_link.bone.leftarm] run data modify entity @s {} merge value {transformation:[-0.9994572682218378f,-0.017777263686298974f,-0.027733335435342774f,0.3130374693008327f,-0.018409717495544393f,0.9995723810086289f,0.022718658113424387f,0.8121006443082259f,0.027317600558535333f,0.02321689084628286f,-0.9993571557151908f,-0.01666413681158773f,0f,0f,0f,1f],start_interpolation:0}
execute if entity @s[tag=aj.villager_link.bone.head] run data modify entity @s {} merge value {transformation:[-0.9996003076502565f,0.0009634518692763687f,-0.028254144935001287f,0.0007225889019572804f,0f,0.9994191189937831f,0.034079680011560684f,0.8745643392453373f,0.028270566770273124f,0.03406605862417836f,-0.9990196588177339f,-0.0057004560318662315f,0f,0f,0f,1f],start_interpolation:0}