execute if entity @s[tag=aj.villager_link.bone.torso] run data modify entity @s {} merge value {transformation:[-0.9999349885777679f,0.00025789807913199024f,-0.011399653791232024f,0.00009671177967450016f,0f,0.9997441907610622f,0.02261753831672976f,0.49990407153539834f,0.011402570674158114f,0.0226160679183964f,-0.9996791959693525f,-0.022768974530601352f,0f,0f,0f,1f],start_interpolation:0}
execute if entity @s[tag=aj.villager_link.bone.rightarm] run data modify entity @s {} merge value {transformation:[-0.9994002549836772f,0.03292942815369606f,-0.010713687508582873f,-0.3123023790011492f,0.03248201701043863f,0.9986894607991499f,0.03955097292907853f,0.8123241311482303f,0.012002037722594087f,0.039179250250275285f,-0.9991601160176139f,-0.012138149970428063f,0f,0f,0f,1f],start_interpolation:0}
execute if entity @s[tag=aj.villager_link.bone.leftarm] run data modify entity @s {} merge value {transformation:[-0.9994170118614937f,-0.0324139783216927f,-0.010722425621275603f,0.31265698885995574f,-0.03247616844300664f,0.9994563839025079f,0.00567760158729054f,0.8123241311482303f,0.010532563083334072f,0.0060225149135041435f,-0.9999263945056216f,-0.019264756641776883f,0f,0f,0f,1f],start_interpolation:0}
execute if entity @s[tag=aj.villager_link.bone.head] run data modify entity @s {} merge value {transformation:[-0.9999349885777679f,0.00025789807913199024f,-0.011399653791232024f,0.0001934235593489965f,0f,0.9997441907610622f,0.02261753831672976f,0.8748081430707967f,0.011402570674158114f,0.0226160679183964f,-0.9996791959693525f,-0.0142879490612027f,0f,0f,0f,1f],start_interpolation:0}