execute if entity @s[tag=aj.villager_link.bone.torso] run data modify entity @s {} merge value {transformation:[-0.9213579320647687f,-0.00009837323797121983f,0.38871525741092183f,-0.000036889964239203604f,0f,0.9999999679770939f,0.0002530727388378011f,0.4999999879914102f,-0.3887152698587144f,0.0002331705753175637f,-0.9213579025602101f,-0.031162561034255912f,0f,0f,0f,1f],start_interpolation:0}
execute if entity @s[tag=aj.villager_link.bone.rightarm] run data modify entity @s {} merge value {transformation:[-0.8320639329566186f,0.39528541837747905f,0.3891260072147646f,-0.28799198537134546f,0.4334470909770695f,0.9011060743269108f,0.011465693815018153f,0.8124999779842521f,-0.34611158720314417f,0.1782057261405622f,-0.9211131789169208f,-0.15256321706031742f,0f,0f,0f,1f],start_interpolation:0}
execute if entity @s[tag=aj.villager_link.bone.leftarm] run data modify entity @s {} merge value {transformation:[-0.8319756253728178f,-0.3954700383583192f,0.3891272382478236f,0.287856722169135f,-0.4334492905345692f,0.9011115653829355f,-0.010938887886529561f,0.8124999779842521f,-0.3463210523785516f,-0.17776781343647396f,-0.9211190656942388f,0.09038382660137909f,0f,0f,0f,1f],start_interpolation:0}
execute if entity @s[tag=aj.villager_link.bone.head] run data modify entity @s {} merge value {transformation:[-0.9213579320647687f,-0.00009837323797121983f,0.38871525741092183f,-0.00007377992847841104f,0f,0.9999999679770939f,0.0002530727388378011f,0.8749999759828204f,-0.3887152698587144f,0.0002331705753175637f,-0.9213579025602101f,-0.03107512206851183f,0f,0f,0f,1f],start_interpolation:0}