execute if entity @s[tag=aj.villager_link.bone.torso] run data modify entity @s {} merge value {transformation:[-0.9948718862149959f,-0.0009947194687907521f,0.10113822498044309f,-0.0003730198007965282f,0f,0.9999516374624805f,0.009834771787081089f,0.4999818640484302f,-0.10114311651821054f,0.009784337958307389f,-0.9948237716860717f,-0.02758087326563473f,0f,0f,0f,1f],start_interpolation:0}
execute if entity @s[tag=aj.villager_link.bone.rightarm] run data modify entity @s {} merge value {transformation:[-0.9847236543870562f,0.14088409479396652f,0.10232788634915711f,-0.3115813340769799f,0.1443425416024777f,0.9891543931948631f,0.02718119031681686f,0.8124667507554554f,-0.09738868093540616f,0.04153622825181279f,-0.9943792971337823f,-0.05613049156560446f,0f,0f,0f,1f],start_interpolation:0}
execute if entity @s[tag=aj.villager_link.bone.leftarm] run data modify entity @s {} merge value {transformation:[-0.984436454603563f,-0.14285239160490681f,0.10236240061822263f,0.3102135948073926f,-0.14436789666022312f,0.9894955486873357f,-0.007514621870164372f,0.8124667507554554f,-0.10021365805852157f,-0.02217551218589494f,-0.9947187891046508f,0.007083956258277121f,0f,0f,0f,1f],start_interpolation:0}
execute if entity @s[tag=aj.villager_link.bone.head] run data modify entity @s {} merge value {transformation:[-0.9948718862149959f,-0.0009947194687907521f,0.10113822498044309f,-0.0007460396015930603f,0f,0.9999516374624805f,0.009834771787081089f,0.8749637280968604f,-0.10114311651821054f,0.009784337958307389f,-0.9948237716860717f,-0.023911746531269457f,0f,0f,0f,1f],start_interpolation:0}