execute if entity @s[tag=aj.villager_link.bone.torso] run data modify entity @s {} merge value {transformation:[-0.9137346625207118f,0.011564628807639074f,-0.4061468033466501f,0.004336735802864656f,0f,0.9995948616691152f,0.02846247573038295f,0.49984807312591817f,0.4063114156754163f,0.026007150656005413f,-0.9133644735846665f,-0.02149731850399797f,0f,0f,0f,1f],start_interpolation:0}
execute if entity @s[tag=aj.villager_link.bone.rightarm] run data modify entity @s {} merge value {transformation:[-0.8889069535505115f,0.21427861661374112f,-0.4048815905813081f,-0.27759139973247055f,0.22586636158074866f,0.973961633053609f,0.019573554756904685f,0.8122214673975167f,0.3985333293914364f,-0.0740500628065121f,-0.9141595996118668f,0.11360223347457132f,0f,0f,0f,1f],start_interpolation:0}
execute if entity @s[tag=aj.villager_link.bone.leftarm] run data modify entity @s {} merge value {transformation:[-0.8927298951089458f,-0.1951361281517806f,-0.4061468033466501f,0.2934927643429743f,-0.22579665185107467f,0.9737585735120087f,0.02846247573038295f,0.8122214673975167f,0.3899348745516553f,0.11711589132901612f,-0.9133644735846665f,-0.14034240132256387f,0f,0f,0f,1f],start_interpolation:0}
execute if entity @s[tag=aj.villager_link.bone.head] run data modify entity @s {} merge value {transformation:[-0.9137346625207118f,0.011564628807639074f,-0.4061468033466501f,0.008673471605729309f,0f,0.9995948616691152f,0.02846247573038295f,0.8746961462518363f,0.4063114156754163f,0.026007150656005413f,-0.9133644735846665f,-0.01174463700799594f,0f,0f,0f,1f],start_interpolation:0}