execute if entity @s[tag=aj.villager_link.bone.torso] run data modify entity @s {} merge value {transformation:[-0.9332046326338985f,0.006187569714232648f,-0.35929212016360984f,0.002320338642837247f,0f,0.9998517419650483f,0.017219003730136056f,0.49994440323689315f,0.3593453960058906f,0.016068854050303345f,-0.9330662775488564f,-0.025224179731136245f,0f,0f,0f,1f],start_interpolation:0}
execute if entity @s[tag=aj.villager_link.bone.rightarm] run data modify entity @s {} merge value {transformation:[-0.9223283569249869f,0.14494941449301113f,-0.3581899904382967f,-0.28737249351955835f,0.15057025349863737f,0.9885226235484765f,0.012313468000244776f,0.8123980726009707f,0.35586373905388263f,-0.04257569695225465f,-0.9335675172453354f,0.09209277341142436f,0f,0f,0f,1f],start_interpolation:0}
execute if entity @s[tag=aj.villager_link.bone.leftarm] run data modify entity @s {} merge value {transformation:[-0.9234964762616132f,-0.13440026309766542f,-0.35929212016360984f,0.2958804018766283f,-0.15055267414669932f,0.9884520212017472f,0.017219003730136056f,0.8123980726009707f,0.3528287837459712f,0.06999407875998491f,-0.9330662775488564f,-0.13249809909225727f,0f,0f,0f,1f],start_interpolation:0}
execute if entity @s[tag=aj.villager_link.bone.head] run data modify entity @s {} merge value {transformation:[-0.9332046326338985f,0.006187569714232648f,-0.35929212016360984f,0.0046406772856744894f,0f,0.9998517419650483f,0.017219003730136056f,0.8748888064737863f,0.3593453960058906f,0.016068854050303345f,-0.9330662775488564f,-0.01919835946227249f,0f,0f,0f,1f],start_interpolation:0}