execute if entity @s[tag=aj.villager_link.bone.torso] run data modify entity @s {} merge value {transformation:[-0.8948077767698381f,-0.015468020186976836f,0.44618357543024256f,-0.00580050757011631f,0f,0.9993996271269117f,0.03464657701115457f,0.4997748601725919f,-0.4464516128677549f,0.0310020265480362f,-0.894270558454037f,-0.019624240044486423f,0f,0f,0f,1f],start_interpolation:0}
execute if entity @s[tag=aj.villager_link.bone.rightarm] run data modify entity @s {} merge value {transformation:[-0.8141617194065346f,0.3715848546634668f,0.44616744663604235f,-0.29026169411912095f,0.43038251076676337f,0.9020008394453392f,0.03413766345255725f,0.8120872436497517f,-0.389758372686325f,0.21981624467867145f,-0.8942981770619206f,-0.14945223576939853f,0f,0f,0f,1f],start_interpolation:0}
execute if entity @s[tag=aj.villager_link.bone.leftarm] run data modify entity @s {} merge value {transformation:[-0.8008953305616514f,-0.39937073504332743f,0.44617225986775083f,0.26899316636202786f,-0.4303742708122486f,0.9019784016844631f,0.034827430533512f,0.8120872436497517f,-0.416346798363298f,-0.16412793450748633f,-0.8942691790545717f,0.1295800222729483f,0f,0f,0f,1f],start_interpolation:0}
execute if entity @s[tag=aj.villager_link.bone.head] run data modify entity @s {} merge value {transformation:[-0.8948077767698381f,-0.015468020186976836f,0.44618357543024256f,-0.011601015140232623f,0f,0.9993996271269117f,0.03464657701115457f,0.8745497203451837f,-0.4464516128677549f,0.0310020265480362f,-0.894270558454037f,-0.007998480088972849f,0f,0f,0f,1f],start_interpolation:0}