execute if entity @s[tag=aj.villager_link.bone.torso] run data modify entity @s {} merge value {transformation:[-0.8932243011955153f,0.01324023232991593f,-0.4494163370435404f,0.004965087123718477f,0f,0.9995663085020212f,0.02944817324796316f,0.499837365688258f,0.44961132965460654f,0.026303823970896364f,-0.8928369174102988f,-0.021386066010913862f,0f,0f,0f,1f],start_interpolation:0}
execute if entity @s[tag=aj.villager_link.bone.rightarm] run data modify entity @s {} merge value {transformation:[-0.8240708251409811f,0.3447205252728527f,-0.4495275682392248f,-0.2700299343967813f,0.3797916527859669f,0.9249794378590207f,0.013089691062572305f,0.8122018370951396f,0.4203160425508001f,-0.15993998559965722f,-0.8931705466375475f,0.1273374194970558f,0f,0f,0f,1f],start_interpolation:0}
execute if entity @s[tag=aj.villager_link.bone.leftarm] run data modify entity @s {} merge value {transformation:[-0.8313131589648846f,-0.3270219988474649f,-0.4494163370435404f,0.28823525385041576f,-0.3796614591009434f,0.9246566830806451f,0.02944817324796316f,0.8122018370951396f,0.405925619054978f,0.1951067161942614f,-0.8928369174102988f,-0.1536696615370733f,0f,0f,0f,1f],start_interpolation:0}
execute if entity @s[tag=aj.villager_link.bone.head] run data modify entity @s {} merge value {transformation:[-0.8932243011955153f,0.01324023232991593f,-0.4494163370435404f,0.009930174247436951f,0f,0.9995663085020212f,0.02944817324796316f,0.874674731376516f,0.44961132965460654f,0.026303823970896364f,-0.8928369174102988f,-0.011522132021827728f,0f,0f,0f,1f],start_interpolation:0}