execute if entity @s[tag=aj.villager_link.bone.torso] run data modify entity @s {} merge value {transformation:[-0.9948718862149959f,0.00040579274305398405f,-0.10114230248153351f,0.00015217227864524783f,0f,0.9999919516354137f,0.004012064854467103f,0.4999969818632801f,0.10114311651821065f,0.00399149052938058f,-0.994863879123339f,-0.029753191051482282f,0f,0f,0f,1f],start_interpolation:0}
execute if entity @s[tag=aj.villager_link.bone.rightarm] run data modify entity @s {} merge value {transformation:[-0.9919473676259892f,0.07671481763952058f,-0.10077329316046717f,-0.3106184819313366f,0.0768166143092649f,0.9970410916764929f,0.002875634644518508f,0.8124944667493469f,0.10069571801189957f,-0.004888584977497855f,-0.9949052588618607f,0.003101373650889975f,0f,0f,0f,1f],start_interpolation:0}
execute if entity @s[tag=aj.villager_link.bone.leftarm] run data modify entity @s {} merge value {transformation:[-0.9919632601320347f,-0.07602055772591554f,-0.10114230248153351f,0.31117644695303587f,-0.07681847012900454f,0.9970370233760845f,0.004012064854467103f,0.8124944667493469f,0.10053762079572261f,0.011749417874854768f,-0.994863879123339f,-0.06011307417299168f,0f,0f,0f,1f],start_interpolation:0}
execute if entity @s[tag=aj.villager_link.bone.head] run data modify entity @s {} merge value {transformation:[-0.9948718862149959f,0.00040579274305398405f,-0.10114230248153351f,0.00030434455729049187f,0f,0.9999919516354137f,0.004012064854467103f,0.8749939637265602f,0.10114311651821065f,0.00399149052938058f,-0.994863879123339f,-0.028256382102964564f,0f,0f,0f,1f],start_interpolation:0}