execute if entity @s[tag=aj.villager_link.bone.torso] run data modify entity @s {} merge value {transformation:[-0.9999802608561371f,0.0000634929565387725f,-0.0062828231501776575f,0.000023809858702043515f,0f,0.9999489403103079f,0.010105284374639563f,0.4999808526163655f,0.00628314396555883f,0.010105084904977517f,-0.9999292021743196f,-0.027460593160633432f,0f,0f,0f,1f],start_interpolation:0}
execute if entity @s[tag=aj.villager_link.bone.rightarm] run data modify entity @s {} merge value {transformation:[-0.99897882714379f,0.04476871522794408f,-0.006088107690998438f,-0.3124501801099224f,0.0446876311927778f,0.9989182417019091f,0.012859316216060328f,0.8124648964633366f,0.0066572168956869175f,0.012574121520233813f,-0.9998987813429908f,-0.022339271638590827f,0f,0f,0f,1f],start_interpolation:0}
execute if entity @s[tag=aj.villager_link.bone.leftarm] run data modify entity @s {} merge value {transformation:[-0.9989845020417778f,-0.04464185666366598f,-0.006088457436995755f,0.31253748292516326f,-0.044686191332365385f,0.998974025950147f,0.007351175495270906f,0.8124648964633366f,0.005754040714892425f,0.007615780365513481f,-0.9999544444147821f,-0.026266236617065092f,0f,0f,0f,1f],start_interpolation:0}
execute if entity @s[tag=aj.villager_link.bone.head] run data modify entity @s {} merge value {transformation:[-0.9999802608561371f,0.0000634929565387725f,-0.0062828231501776575f,0.0000476197174040832f,0f,0.9999489403103079f,0.010105284374639563f,0.874961705232731f,0.00628314396555883f,0.010105084904977517f,-0.9999292021743196f,-0.023671186321266864f,0f,0f,0f,1f],start_interpolation:0}