execute if entity @s[tag=aj.background_picture_with_camera.camera_origin.camera] at @s on origin run tp @s ^0.09375 ^-0.3075 ^3.3125 ~178 ~0
execute if entity @s[tag=aj.background_picture_with_camera.bone.rightleg2] run data modify entity @s {} merge value {transformation:[-1f,0f,1.2246467991473532e-16f,-0.12499999999999982f,0f,1f,0f,0.65625f,-1.2246467991473532e-16f,0f,-1f,-1.5f,0f,0f,0f,1f],start_interpolation:0}
execute if entity @s[tag=aj.background_picture_with_camera.bone.leftleg2] run data modify entity @s {} merge value {transformation:[-1f,0f,1.2246467991473532e-16f,0.12500000000000017f,0f,1f,0f,0.65625f,-1.2246467991473532e-16f,0f,-1f,-1.5f,0f,0f,0f,1f],start_interpolation:0}
execute if entity @s[tag=aj.background_picture_with_camera.bone.head4] run data modify entity @s {} merge value {transformation:[-0.9404612512121437f,0.33915157552271524f,0.022557566113149956f,0.06351725472347894f,0.3332346573523056f,0.9069047407641334f,0.2578341604962995f,1.4135055436171775f,0.06698729810778055f,0.25f,-0.9659258262890683f,-1.313543363064284f,0f,0f,0f,1f],start_interpolation:0}
execute if entity @s[tag=aj.background_picture_with_camera.bone.rightarm] run data modify entity @s {} merge value {transformation:[-0.9468246494683528f,-0.31734528267144047f,0.053057089303076066f,-0.22455494000507784f,-0.2219264534967312f,0.7635268315726879f,0.6064449082208009f,1.3478071412431696f,-0.2329629421120327f,0.5624222159861361f,-0.7933533377806825f,-1.3378076485426456f,0f,0f,0f,1f],start_interpolation:0}
execute if entity @s[tag=aj.background_picture_with_camera.bone.leftarm2] run data modify entity @s {} merge value {transformation:[-0.8939031313137078f,0.4451091376590878f,0.053057020270000685f,0.335804577671529f,0.38296926695239375f,0.6968207133385368f,0.6064449142604124f,1.2987820359476119f,0.23296294211203247f,0.5624222159861362f,-0.7933533377806825f,-1.3378076485426456f,0f,0f,0f,1f],start_interpolation:0}
execute if entity @s[tag=aj.background_picture_with_camera.bone.torso3] run data modify entity @s {} merge value {transformation:[-0.9961946980917455f,0.08418598282936916f,0.022557566113149956f,0.008270203491705428f,0.08715574274765818f,0.9622501868990583f,0.2578341604962995f,0.7820288584646704f,-1.202639413585852e-16f,0.25881904510252074f,-0.9659258262890683f,-1.4833933614128134f,0f,0f,0f,1f],start_interpolation:0}
execute if entity @s[tag=aj.background_picture_with_camera.bone.head3] run data modify entity @s {} merge value {transformation:[0.5617387575977073f,0.18183102665905657f,-0.8070855258005174f,-0.6208398509610535f,-0.16042999720436046f,0.9809718264757359f,0.10934574366598711f,1.302055330195893f,0.8116106111982475f,0.06805698645232781f,0.5802210461414121f,1.0203121120639147f,0f,0f,0f,1f],start_interpolation:0}
execute if entity @s[tag=aj.background_picture_with_camera.bone.leftarm] run data modify entity @s {} merge value {transformation:[0.7942610475606858f,0.2528903019961124f,-0.5524453669677364f,-0.4376591712841551f,-0.508612107898199f,0.7741337174761932f,-0.3768696209113174f,1.178954361069367f,0.33235991338781f,0.580313262490876f,0.7434873269599441f,0.6923776826527601f,0f,0f,0f,1f],start_interpolation:0}
execute if entity @s[tag=aj.background_picture_with_camera.bone.righarm] run data modify entity @s {} merge value {transformation:[0.8643455461823228f,-0.13837518949497057f,0.4834863842209137f,-0.8925450297105674f,-0.4755729913382282f,-0.5375009244566487f,0.6963641907205294f,1.1898073721735503f,0.1635148516324782f,-0.8318323527853911f,-0.5303940329181028f,1.2918502157630258f,0f,0f,0f,1f],start_interpolation:0}
execute if entity @s[tag=aj.background_picture_with_camera.bone.torso2] run data modify entity @s {} merge value {transformation:[0.830578434660705f,0.14645338762528518f,-0.5372996083468243f,-0.7261032233167273f,-0.17364817766693033f,0.984807753012208f,0f,0.5942247577183685f,0.5291368199903754f,0.09330109785058144f,0.8433914458128854f,0.9532519479838094f,0f,0f,0f,1f],start_interpolation:0}
execute if entity @s[tag=aj.background_picture_with_camera.bone.leftleg] run data modify entity @s {} merge value {transformation:[0.8433914458128854f,0f,-0.5372996083468243f,-0.654364103910084f,0f,1f,0f,0.5f,0.5372996083468243f,0f,0.8433914458128854f,0.8507436765650295f,0f,0f,0f,1f],start_interpolation:0}
execute if entity @s[tag=aj.background_picture_with_camera.bone.rightleg] run data modify entity @s {} merge value {transformation:[0.8433914458128854f,0f,-0.5372996083468243f,-0.7886890059967901f,0f,1f,0f,0.5f,0.5372996083468243f,0f,0.8433914458128854f,1.0615915380182508f,0f,0f,0f,1f],start_interpolation:0}
execute if entity @s[tag=aj.background_picture_with_camera.bone.torso] run data modify entity @s {} merge value {transformation:[-1.2451298697744249f,-0.4425405549868738f,0.9635336725815787f,-0.602960335367065f,-0.054546065797332406f,1.5109279386049879f,0.6234654478477744f,0.6770402941564344f,-1.0588975435388772f,0.442540727104187f,-1.1651100251703872f,-1.3226097716125107f,0f,0f,0f,1f],start_interpolation:0}
execute if entity @s[tag=aj.background_picture_with_camera.bone.right_arm] run data modify entity @s {} merge value {transformation:[-0.7132951332239311f,-0.42124379160673664f,0.5601461603473102f,0.6147486475688557f,0.11099499838874469f,0.721241219196775f,0.6837332916161329f,1.3737020622714473f,-0.6920189038254208f,0.5498770514981777f,-0.46770189756289565f,0.05721540797511748f,0f,0f,0f,1f],start_interpolation:0}
execute if entity @s[tag=aj.background_picture_with_camera.bone.left_arm] run data modify entity @s {} merge value {transformation:[-0.7613532961678011f,-0.47546447943831893f,0.4407660231992399f,1.1381790386842188f,-0.033353008385630004f,0.7076640000202971f,0.7057614610524585f,1.396632255536568f,-0.6474787527371478f,0.5226329418126273f,-0.5546404897645195f,0.5023570504819066f,0f,0f,0f,1f],start_interpolation:0}
execute if entity @s[tag=aj.background_picture_with_camera.bone.head] run data modify entity @s {} merge value {transformation:[-0.861403932370792f,-0.2401695179283585f,0.44755096687885254f,0.8426390873313621f,-0.16386492598130087f,0.965435118716395f,0.20269020100193016f,1.5006520968865544f,-0.48076142870375815f,0.10126023013562604f,-0.8709849679894603f,0.31361099817915045f,0f,0f,0f,1f],start_interpolation:0}
execute if entity @s[tag=aj.background_picture_with_camera.bone.left_leg] run data modify entity @s {} merge value {transformation:[-0.7044160264027585f,-0.061628416716219346f,0.7071067811865477f,1.1398398041922786f,-0.08715574274765818f,0.9961946980917455f,0f,0.625f,-0.7044160264027588f,-0.061628416716219374f,-0.7071067811865474f,0.2594781518405972f,0f,0f,0f,1f],start_interpolation:0}
execute if entity @s[tag=aj.background_picture_with_camera.bone.right_leg] run data modify entity @s {} merge value {transformation:[-0.7044160264027585f,0.061628416716219346f,0.7071067811865477f,0.9851601958077214f,0.08715574274765818f,0.9961946980917455f,0f,0.5625f,-0.7044160264027588f,0.061628416716219374f,-0.7071067811865474f,-0.07197815184059697f,0f,0f,0f,1f],start_interpolation:0}