execute if entity @s[tag=aj.uncle_alphon.bone.head] run data modify entity @s {} merge value {transformation:[-0.9975694084512319f,0f,-0.06967980569906454f,-0.18749999999999997f,0f,1f,0f,1.375f,0.06967980569906454f,0f,-0.9975694084512319f,-0.12500000000000003f,0f,0f,0f,1f],start_interpolation:0}
execute if entity @s[tag=aj.uncle_alphon.bone.basket] run data modify entity @s {} merge value {transformation:[-0.9995346619326113f,0.030412752564867793f,0.0023503354417543955f,-0.2959402529674138f,0.030153573028573754f,0.9967694421496613f,-0.07444085726443152f,-2.415204095244184f,-0.004606693919841904f,-0.07433534608839273f,-0.9972226605392839f,0.5233219238844969f,0f,0f,0f,1f],start_interpolation:0}
execute if entity @s[tag=aj.uncle_alphon.bone.leftarm] run data modify entity @s {} merge value {transformation:[-0.9995346619326113f,0.030412752564867793f,0.0023503354417543955f,-0.1841100337263379f,0.030153573028573754f,0.9967694421496613f,-0.07444085726443152f,1.25f,-0.004606693919841904f,-0.07433534608839273f,-0.9972226605392839f,0.2499846771918333f,0f,0f,0f,1f],start_interpolation:0}
execute if entity @s[tag=aj.uncle_alphon.bone.righarm] run data modify entity @s {} merge value {transformation:[-0.9994026267401135f,0.0336453227554641f,-0.007898222688806989f,-0.19088996627366203f,0.03294633060742063f,0.9965430640466787f,0.07626572493567367f,1.25f,0.0104369039694669f,0.07595994837503478f,-0.9970562457947868f,-0.49998467719183337f,0f,0f,0f,1f],start_interpolation:0}
execute if entity @s[tag=aj.uncle_alphon.bone.torso] run data modify entity @s {} merge value {transformation:[-0.9999591391782222f,0f,-0.009039910063098809f,-0.18749999999999997f,0f,1f,0f,0.65625f,0.009039910063098809f,0f,-0.9999591391782222f,-0.12500000000000003f,0f,0f,0f,1f],start_interpolation:0}
execute if entity @s[tag=aj.uncle_alphon.bone.leftleg] run data modify entity @s {} merge value {transformation:[-1f,5.5293876601380296e-18f,1.223397878808137e-16f,-0.1875f,0f,0.9989801791503593f,-0.04515087667715952f,0.5625f,-1.2246467991473532e-16f,-0.04515087667715952f,-0.9989801791503593f,-2.7755575615628914e-17f,0f,0f,0f,1f],start_interpolation:0}
execute if entity @s[tag=aj.uncle_alphon.bone.rightleg] run data modify entity @s {} merge value {transformation:[-1f,-5.5671833228518855e-18f,1.2233807378109375e-16f,-0.18749999999999994f,0f,0.9989661824639584f,0.045459501684305834f,0.5625f,-1.2246467991473532e-16f,0.045459501684305834f,-0.9989661824639584f,-0.25f,0f,0f,0f,1f],start_interpolation:0}