execute if entity @s[tag=aj.uncle_alphon.bone.head] run data modify entity @s {} merge value {transformation:[-0.8211865604905633f,0f,-0.5706598223720314f,-0.18749999999999997f,0f,1f,0f,1.375f,0.5706598223720314f,0f,-0.8211865604905633f,-0.12500000000000003f,0f,0f,0f,1f],start_interpolation:0}
execute if entity @s[tag=aj.uncle_alphon.bone.basket] run data modify entity @s {} merge value {transformation:[-0.9424193190565616f,0.26127775778269957f,-0.20875765939723423f,-1.0591952415350692f,0.32604182257025394f,0.8567506675316715f,-0.3995935730452911f,-1.900343421913195f,0.07444835125127869f,-0.4446484307540962f,-0.8926058570409933f,1.8742838971691507f,0f,0f,0f,1f],start_interpolation:0}
execute if entity @s[tag=aj.uncle_alphon.bone.leftarm] run data modify entity @s {} merge value {transformation:[-0.9424193190565616f,0.26127775778269957f,-0.20875765939723423f,-0.09845520745446723f,0.32604182257025394f,0.8567506675316715f,-0.3995935730452911f,1.25f,0.07444835125127869f,-0.4446484307540962f,-0.8926058570409933f,0.23927465588553234f,0f,0f,0f,1f],start_interpolation:0}
execute if entity @s[tag=aj.uncle_alphon.bone.righarm] run data modify entity @s {} merge value {transformation:[-0.9028033451758732f,0.4199856737875364f,-0.09251028998161362f,-0.2765447925455327f,0.3590076250619567f,0.8544462677505171f,0.37554640282471763f,1.25f,0.2367691810321324f,0.305832649238829f,-0.9221750081047159f,-0.48927465588553243f,0f,0f,0f,1f],start_interpolation:0}
execute if entity @s[tag=aj.uncle_alphon.bone.torso] run data modify entity @s {} merge value {transformation:[-0.9713990823614197f,0f,-0.23745278012142065f,-0.18749999999999997f,0f,1f,0f,0.65625f,0.23745278012142065f,0f,-0.9713990823614197f,-0.12500000000000003f,0f,0f,0f,1f],start_interpolation:0}
execute if entity @s[tag=aj.uncle_alphon.bone.leftleg] run data modify entity @s {} merge value {transformation:[-1f,1.5306482241868248e-17f,1.2150435970778147e-16f,-0.1875f,0f,0.9921583904222633f,-0.12498691257369242f,0.5625f,-1.2246467991473532e-16f,-0.12498691257369242f,-0.9921583904222633f,-2.7755575615628914e-17f,0f,0f,0f,1f],start_interpolation:0}
execute if entity @s[tag=aj.uncle_alphon.bone.rightleg] run data modify entity @s {} merge value {transformation:[-1f,-1.5306482241868248e-17f,1.2150435970778147e-16f,-0.18749999999999994f,0f,0.9921583904222633f,0.12498691257369242f,0.5625f,-1.2246467991473532e-16f,0.12498691257369242f,-0.9921583904222633f,-0.25f,0f,0f,0f,1f],start_interpolation:0}