execute if entity @s[tag=aj.uncle_alphon.bone.head] run data modify entity @s {} merge value {transformation:[-0.7477338328334963f,0f,-0.6639985807485804f,-0.18749999999999997f,0f,1f,0f,1.375f,0.6639985807485804f,0f,-0.7477338328334963f,-0.12500000000000003f,0f,0f,0f,1f],start_interpolation:0}
execute if entity @s[tag=aj.uncle_alphon.bone.basket] run data modify entity @s {} merge value {transformation:[-0.9138874532989107f,0.2626262484806816f,-0.3095758005913806f,-1.03054667805304f,0.3865684784078348f,0.7958644065866343f,-0.4660092894245307f,-1.6764595792478518f,0.12399408939252868f,-0.5455522889123167f,-0.828853524971843f,2.2354159440047567f,0f,0f,0f,1f],start_interpolation:0}
execute if entity @s[tag=aj.uncle_alphon.bone.leftarm] run data modify entity @s {} merge value {transformation:[-0.9138874532989107f,0.2626262484806816f,-0.3095758005913806f,-0.06484813158266856f,0.3865684784078348f,0.7958644065866343f,-0.4660092894245307f,1.25f,0.12399408939252868f,-0.5455522889123167f,-0.828853524971843f,0.22937482864015266f,0f,0f,0f,1f],start_interpolation:0}
execute if entity @s[tag=aj.uncle_alphon.bone.righarm] run data modify entity @s {} merge value {transformation:[-0.8481296999283586f,0.5167096110128897f,-0.11699226464318241f,-0.3101518684173314f,0.42713751377957687f,0.7975551708101005f,0.4259803913753229f,1.25f,0.3134159479376154f,0.3113148364613861f,-0.8971362862895393f,-0.4793748286401527f,0f,0f,0f,1f],start_interpolation:0}
execute if entity @s[tag=aj.uncle_alphon.bone.torso] run data modify entity @s {} merge value {transformation:[-0.9449995430404072f,0f,-0.3270716491128838f,-0.18749999999999997f,0f,1f,0f,0.65625f,0.3270716491128838f,0f,-0.9449995430404072f,-0.12500000000000003f,0f,0f,0f,1f],start_interpolation:0}
execute if entity @s[tag=aj.uncle_alphon.bone.leftleg] run data modify entity @s {} merge value {transformation:[-1f,1.5974214730040467e-17f,1.2141837707026534e-16f,-0.1875f,0f,0.9914562889055157f,-0.130439362117815f,0.5625f,-1.2246467991473532e-16f,-0.130439362117815f,-0.9914562889055157f,-2.7755575615628914e-17f,0f,0f,0f,1f],start_interpolation:0}
execute if entity @s[tag=aj.uncle_alphon.bone.rightleg] run data modify entity @s {} merge value {transformation:[-1f,-1.5941134478475322e-17f,1.214227246365265e-16f,-0.18749999999999994f,0f,0.9914917894781233f,0.13016924136472785f,0.5625f,-1.2246467991473532e-16f,0.13016924136472785f,-0.9914917894781233f,-0.25f,0f,0f,0f,1f],start_interpolation:0}