execute if entity @s[tag=aj.uncle_alphon.bone.head] run data modify entity @s {} merge value {transformation:[-0.9711130420792626f,0f,-0.2386199059248003f,-0.18749999999999997f,0f,1f,0f,1.375f,0.2386199059248003f,0f,-0.9711130420792626f,-0.12500000000000003f,0f,0f,0f,1f],start_interpolation:0}
execute if entity @s[tag=aj.uncle_alphon.bone.basket] run data modify entity @s {} merge value {transformation:[-0.9972554882458943f,0.07072745713602956f,-0.021888763567509253f,-0.43019092427569156f,0.07284306800712495f,0.9901939551454374f,-0.11920494384355367f,-2.391025482942295f,0.013243058814057587f,-0.12047222916716746f,-0.9926283611668272f,0.6925834404473645f,0f,0f,0f,1f],start_interpolation:0}
execute if entity @s[tag=aj.uncle_alphon.bone.leftarm] run data modify entity @s {} merge value {transformation:[-0.9972554882458943f,0.07072745713602956f,-0.021888763567509253f,-0.1701201851666364f,0.07284306800712495f,0.9901939551454374f,-0.11920494384355367f,1.25f,0.013243058814057587f,-0.12047222916716746f,-0.9926283611668272f,0.24959703954564025f,0f,0f,0f,1f],start_interpolation:0}
execute if entity @s[tag=aj.uncle_alphon.bone.righarm] run data modify entity @s {} merge value {transformation:[-0.9955917181146425f,0.08501751311691767f,-0.039612539491290844f,-0.20487981483336354f,0.07961384598064544f,0.9892951428452305f,0.12229781629696089f,1.25f,0.04958594911569616f,0.11860498643079836f,-0.9917026221827014f,-0.4995970395456403f,0f,0f,0f,1f],start_interpolation:0}
execute if entity @s[tag=aj.uncle_alphon.bone.torso] run data modify entity @s {} merge value {transformation:[-0.9989254387883741f,0f,-0.04634617288896951f,-0.18749999999999997f,0f,1f,0f,0.65625f,0.04634617288896951f,0f,-0.9989254387883741f,-0.12500000000000003f,0f,0f,0f,1f],start_interpolation:0}
execute if entity @s[tag=aj.uncle_alphon.bone.leftleg] run data modify entity @s {} merge value {transformation:[-1f,6.044281647337311e-18f,1.223154302857421e-16f,-0.1875f,0f,0.9987812842927681f,-0.049355305150395816f,0.5625f,-1.2246467991473532e-16f,-0.049355305150395816f,-0.9987812842927681f,-2.7755575615628914e-17f,0f,0f,0f,1f],start_interpolation:0}
execute if entity @s[tag=aj.uncle_alphon.bone.rightleg] run data modify entity @s {} merge value {transformation:[-1f,-6.385926344472608e-18f,1.2229806936882343e-16f,-0.18749999999999994f,0f,0.9986395216479732f,0.05214504581172905f,0.5625f,-1.2246467991473532e-16f,0.05214504581172905f,-0.9986395216479732f,-0.25f,0f,0f,0f,1f],start_interpolation:0}