execute if entity @s[tag=aj.uncle_alphon.bone.head] run data modify entity @s {} merge value {transformation:[-0.7242414061872937f,0f,-0.6895465071797924f,-0.18749999999999997f,0f,1f,0f,1.375f,0.6895465071797924f,0f,-0.7242414061872937f,-0.12500000000000003f,0f,0f,0f,1f],start_interpolation:0}
execute if entity @s[tag=aj.uncle_alphon.bone.basket] run data modify entity @s {} merge value {transformation:[-0.9108965891299066f,0.2404386653532925f,-0.33534557118684244f,-0.9371108507175477f,0.38105238416242987f,0.8019699648608136f,-0.4600470149726802f,-1.698910224546541f,0.15832398566114406f,-0.5468394861970676f,-0.8221314322540509f,2.235823076052986f,0f,0f,0f,1f],start_interpolation:0}
execute if entity @s[tag=aj.uncle_alphon.bone.leftarm] run data modify entity @s {} merge value {transformation:[-0.9108965891299066f,0.2404386653532925f,-0.33534557118684244f,-0.05299789174943373f,0.38105238416242987f,0.8019699648608136f,-0.4600470149726802f,1.25f,0.15832398566114406f,-0.5468394861970676f,-0.8221314322540509f,0.22504882927407846f,0f,0f,0f,1f],start_interpolation:0}
execute if entity @s[tag=aj.uncle_alphon.bone.righarm] run data modify entity @s {} merge value {transformation:[-0.8399475520954411f,0.5205947045410346f,-0.15319681241040634f,-0.3220021082505662f,0.4208948765709999f,0.8031635762335508f,0.42163464360511926f,1.25f,0.3425428624349939f,0.28967123332420497f,-0.8937309237009061f,-0.47504882927407854f,0f,0f,0f,1f],start_interpolation:0}
execute if entity @s[tag=aj.uncle_alphon.bone.torso] run data modify entity @s {} merge value {transformation:[-0.933463544730876f,0f,-0.3586722886681767f,-0.18749999999999997f,0f,1f,0f,0.65625f,0.3586722886681767f,0f,-0.933463544730876f,-0.12500000000000003f,0f,0f,0f,1f],start_interpolation:0}
execute if entity @s[tag=aj.uncle_alphon.bone.leftleg] run data modify entity @s {} merge value {transformation:[-1f,1.5927723139461263e-17f,1.2142448460755865e-16f,-0.1875f,0f,0.9915061607322135f,-0.13005972947098515f,0.5625f,-1.2246467991473532e-16f,-0.13005972947098515f,-0.9915061607322135f,-2.7755575615628914e-17f,0f,0f,0f,1f],start_interpolation:0}
execute if entity @s[tag=aj.uncle_alphon.bone.rightleg] run data modify entity @s {} merge value {transformation:[-1f,-1.5748141951152443e-17f,1.214479059173312e-16f,-0.18749999999999994f,0f,0.991697410240144f,0.12859333778618384f,0.5625f,-1.2246467991473532e-16f,0.12859333778618384f,-0.991697410240144f,-0.25f,0f,0f,0f,1f],start_interpolation:0}