execute if entity @s[tag=aj.uncle_alphon.bone.head] run data modify entity @s {} merge value {transformation:[-0.7676873946527355f,0f,-0.6408245189529621f,-0.18749999999999997f,0f,1f,0f,1.375f,0.6408245189529621f,0f,-0.7676873946527355f,-0.12500000000000003f,0f,0f,0f,1f],start_interpolation:0}
execute if entity @s[tag=aj.uncle_alphon.bone.basket] run data modify entity @s {} merge value {transformation:[-0.9184784197588594f,0.2756835962307148f,-0.28354179093489684f,-1.0890319152585108f,0.382740444889948f,0.8001138579812448f,-0.4618739721090736f,-1.692085165261482f,0.09953463860743753f,-0.5327441872378045f,-0.8404025741759827f,2.1917724698016294f,0f,0f,0f,1f],start_interpolation:0}
execute if entity @s[tag=aj.uncle_alphon.bone.leftarm] run data modify entity @s {} merge value {transformation:[-0.9184784197588594f,0.2756835962307148f,-0.28354179093489684f,-0.07532041571923578f,0.382740444889948f,0.8001138579812448f,-0.4618739721090736f,1.25f,0.09953463860743753f,-0.5327441872378045f,-0.8404025741759827f,0.23282780896765823f,0f,0f,0f,1f],start_interpolation:0}
execute if entity @s[tag=aj.uncle_alphon.bone.righarm] run data modify entity @s {} merge value {transformation:[-0.8589844891562005f,0.5031579894772609f,-0.09475064651104864f,-0.29967958428076413f,0.4228044980639044f,0.80145645536359f,0.42297033769870873f,1.25f,0.2887594220211539f,0.3232639599170166f,-0.9011761250792093f,-0.4828278089676583f,0f,0f,0f,1f],start_interpolation:0}
execute if entity @s[tag=aj.uncle_alphon.bone.torso] run data modify entity @s {} merge value {transformation:[-0.954207490580422f,0f,-0.29914555808203785f,-0.18749999999999997f,0f,1f,0f,0.65625f,0.29914555808203785f,0f,-0.954207490580422f,-0.12500000000000003f,0f,0f,0f,1f],start_interpolation:0}
execute if entity @s[tag=aj.uncle_alphon.bone.leftleg] run data modify entity @s {} merge value {transformation:[-1f,1.6024236125365438e-17f,1.2141178560262224e-16f,-0.1875f,0f,0.9914024654876317f,-0.13084781780773147f,0.5625f,-1.2246467991473532e-16f,-0.13084781780773147f,-0.9914024654876317f,-2.7755575615628914e-17f,0f,0f,0f,1f],start_interpolation:0}
execute if entity @s[tag=aj.uncle_alphon.bone.rightleg] run data modify entity @s {} merge value {transformation:[-1f,-1.614717028328706e-17f,1.2139549710949377e-16f,-0.18749999999999994f,0f,0.9912694598476396f,0.13185165138658222f,0.5625f,-1.2246467991473532e-16f,0.13185165138658222f,-0.9912694598476396f,-0.25f,0f,0f,0f,1f],start_interpolation:0}