execute if entity @s[tag=aj.uncle_alphon.bone.head] run data modify entity @s {} merge value {transformation:[-0.7748713095591919f,0f,-0.6321190185574412f,-0.18749999999999997f,0f,1f,0f,1.375f,0.6321190185574412f,0f,-0.7748713095591919f,-0.12500000000000003f,0f,0f,0f,1f],start_interpolation:0}
execute if entity @s[tag=aj.uncle_alphon.bone.basket] run data modify entity @s {} merge value {transformation:[-0.9208108363284608f,0.27869471029937826f,-0.27283083064643954f,-1.1040404961307597f,0.3790544863885157f,0.8041527636614844f,-0.45788211260578354f,-1.7069365571817574f,0.09178834375245665f,-0.5250405614300122f,-0.8461130591147016f,2.164655985427482f,0f,0f,0f,1f],start_interpolation:0}
execute if entity @s[tag=aj.uncle_alphon.bone.leftarm] run data modify entity @s {} merge value {transformation:[-0.9208108363284608f,0.27869471029937826f,-0.27283083064643954f,-0.07925687986215219f,0.3790544863885157f,0.8041527636614844f,-0.45788211260578354f,1.25f,0.09178834375245665f,-0.5250405614300122f,-0.8461130591147016f,0.2340381970526582f,0f,0f,0f,1f],start_interpolation:0}
execute if entity @s[tag=aj.uncle_alphon.bone.righarm] run data modify entity @s {} merge value {transformation:[-0.8640156011099576f,0.49556768514008664f,-0.088824042260497f,-0.29574312013784776f,0.41863562932538617f,0.805173587407207f,0.4200472640086431f,1.25f,0.27968062302908375f,0.325742480476073f,-0.9031448308634439f,-0.48403819705265827f,0f,0f,0f,1f],start_interpolation:0}
execute if entity @s[tag=aj.uncle_alphon.bone.torso] run data modify entity @s {} merge value {transformation:[-0.9574351921404219f,0f,-0.2886483203675941f,-0.18749999999999997f,0f,1f,0f,0.65625f,0.2886483203675941f,0f,-0.9574351921404219f,-0.12500000000000003f,0f,0f,0f,1f],start_interpolation:0}
execute if entity @s[tag=aj.uncle_alphon.bone.leftleg] run data modify entity @s {} merge value {transformation:[-1f,1.6037755753623704e-17f,1.2141000048186181e-16f,-0.1875f,0f,0.9913878888704252f,-0.13095821395025745f,0.5625f,-1.2246467991473532e-16f,-0.13095821395025745f,-0.9913878888704252f,-2.7755575615628914e-17f,0f,0f,0f,1f],start_interpolation:0}
execute if entity @s[tag=aj.uncle_alphon.bone.rightleg] run data modify entity @s {} merge value {transformation:[-1f,-1.6203596669752342e-17f,1.2138797832397806e-16f,-0.18749999999999994f,0f,0.9912080643046884f,0.13231240779818243f,0.5625f,-1.2246467991473532e-16f,0.13231240779818243f,-0.9912080643046884f,-0.25f,0f,0f,0f,1f],start_interpolation:0}