execute if entity @s[tag=aj.uncle_alphon.bone.head] run data modify entity @s {} merge value {transformation:[-0.9144837749050075f,0f,-0.4046225715842944f,-0.18749999999999997f,0f,1f,0f,1.375f,0.4046225715842944f,0f,-0.9144837749050075f,-0.12500000000000003f,0f,0f,0f,1f],start_interpolation:0}
execute if entity @s[tag=aj.uncle_alphon.bone.basket] run data modify entity @s {} merge value {transformation:[-0.9881442482940469f,0.10513346124497502f,-0.1118834209793577f,-0.5186216423104614f,0.12363700182027754f,0.976966775644422f,-0.17392472816662458f,-2.3423880444077656f,0.09102107637402194f,-0.1856956504972394f,-0.9783824860667333f,0.9286941630913956f,0f,0f,0f,1f],start_interpolation:0}
execute if entity @s[tag=aj.uncle_alphon.bone.leftarm] run data modify entity @s {} merge value {transformation:[-0.9881442482940469f,0.10513346124497502f,-0.1118834209793577f,-0.13203716609372218f,0.12363700182027754f,0.976966775644422f,-0.17392472816662458f,1.25f,0.09102107637402194f,-0.1856956504972394f,-0.9783824860667333f,0.24587582026209878f,0f,0f,0f,1f],start_interpolation:0}
execute if entity @s[tag=aj.uncle_alphon.bone.righarm] run data modify entity @s {} merge value {transformation:[-0.9790482305419204f,0.1588445851955841f,-0.12740863403544367f,-0.24296283390627776f,0.13522317042816734f,0.9749786466413191f,0.17644073444875671f,1.25f,0.15224735285741292f,0.15551538942337734f,-0.9760305872258337f,-0.49587582026209887f,0f,0f,0f,1f],start_interpolation:0}
execute if entity @s[tag=aj.uncle_alphon.bone.torso] run data modify entity @s {} merge value {transformation:[-0.9890021873655969f,0f,-0.14790089041674076f,-0.18749999999999997f,0f,1f,0f,0.65625f,0.14790089041674076f,0f,-0.9890021873655969f,-0.12500000000000003f,0f,0f,0f,1f],start_interpolation:0}
execute if entity @s[tag=aj.uncle_alphon.bone.leftleg] run data modify entity @s {} merge value {transformation:[-1f,7.467249270458944e-18f,1.2223681121066357e-16f,-0.1875f,0f,0.9981393108263509f,-0.06097471757291925f,0.5625f,-1.2246467991473532e-16f,-0.06097471757291925f,-0.9981393108263509f,-2.7755575615628914e-17f,0f,0f,0f,1f],start_interpolation:0}
execute if entity @s[tag=aj.uncle_alphon.bone.rightleg] run data modify entity @s {} merge value {transformation:[-1f,-9.479892962324215e-18f,1.2209721313789865e-16f,-0.18749999999999994f,0f,0.9969994060565666f,0.07740920050519452f,0.5625f,-1.2246467991473532e-16f,0.07740920050519452f,-0.9969994060565666f,-0.25f,0f,0f,0f,1f],start_interpolation:0}