execute if entity @s[tag=aj.uncle_alphon.bone.head] run data modify entity @s {} merge value {transformation:[-0.7086208181324724f,0f,-0.7055894954640874f,-0.18749999999999997f,0f,1f,0f,1.375f,0.7055894954640874f,0f,-0.7086208181324724f,-0.12500000000000003f,0f,0f,0f,1f],start_interpolation:0}
execute if entity @s[tag=aj.uncle_alphon.bone.basket] run data modify entity @s {} merge value {transformation:[-0.9116175975951728f,0.2170301060861844f,-0.34907203956636934f,-0.8430175543446011f,0.3643600449536658f,0.819747419680112f,-0.44187772694396f,-1.764279403668033f,0.19025013376123553f,-0.5300114158959387f,-0.8263732725734866f,2.1707576722603594f,0f,0f,0f,1f],start_interpolation:0}
execute if entity @s[tag=aj.uncle_alphon.bone.leftarm] run data modify entity @s {} merge value {transformation:[-0.9116175975951728f,0.2170301060861844f,-0.34907203956636934f,-0.044979813638132665f,0.3643600449536658f,0.819747419680112f,-0.44187772694396f,1.25f,0.19025013376123553f,-0.5300114158959387f,-0.8263732725734866f,0.22186163881204643f,0f,0f,0f,1f],start_interpolation:0}
execute if entity @s[tag=aj.uncle_alphon.bone.righarm] run data modify entity @s {} merge value {transformation:[-0.8400673213643156f,0.5075100434488463f,-0.19162581082498686f,-0.33002018636186725f,0.4020474107273587f,0.8196113664053127f,0.40816061493809364f,1.25f,0.3642043040701331f,0.2658397334067395f,-0.8925718240225957f,-0.47186163881204646f,0f,0f,0f,1f],start_interpolation:0}
execute if entity @s[tag=aj.uncle_alphon.bone.torso] run data modify entity @s {} merge value {transformation:[-0.9249643701654573f,0f,-0.38005383029831286f,-0.18749999999999997f,0f,1f,0f,0.65625f,0.38005383029831286f,0f,-0.9249643701654573f,-0.12500000000000003f,0f,0f,0f,1f],start_interpolation:0}
execute if entity @s[tag=aj.uncle_alphon.bone.leftleg] run data modify entity @s {} merge value {transformation:[-1f,1.5952911624288876e-17f,1.214211778781865e-16f,-0.1875f,0f,0.9914791592377872f,-0.13026540905831718f,0.5625f,-1.2246467991473532e-16f,-0.13026540905831718f,-0.9914791592377872f,-2.7755575615628914e-17f,0f,0f,0f,1f],start_interpolation:0}
execute if entity @s[tag=aj.uncle_alphon.bone.rightleg] run data modify entity @s {} merge value {transformation:[-1f,-1.585012744259698e-17f,1.2143463791963154e-16f,-0.18749999999999994f,0f,0.9915890688170585f,0.12942611252185085f,0.5625f,-1.2246467991473532e-16f,0.12942611252185085f,-0.9915890688170585f,-0.25f,0f,0f,0f,1f],start_interpolation:0}