execute if entity @s[tag=aj.uncle_alphon.bone.head] run data modify entity @s {} merge value {transformation:[-0.9713835390327313f,0f,-0.23751635753405692f,-0.18749999999999997f,0f,1f,0f,1.375f,0.23751635753405692f,0f,-0.9713835390327313f,-0.12500000000000003f,0f,0f,0f,1f],start_interpolation:0}
execute if entity @s[tag=aj.uncle_alphon.bone.basket] run data modify entity @s {} merge value {transformation:[-0.9904698580087379f,0.12621304667242775f,-0.05513372131294987f,-0.6170872359474413f,0.1343702807135179f,0.9733837746854608f,-0.18565735870160002f,-2.32921305204471f,0.030233888885170666f,-0.19129635132105305f,-0.9810665716118001f,0.9518214156686791f,0f,0f,0f,1f],start_interpolation:0}
execute if entity @s[tag=aj.uncle_alphon.bone.leftarm] run data modify entity @s {} merge value {transformation:[-0.9904698580087379f,0.12621304667242775f,-0.05513372131294987f,-0.15299137187341982f,0.1343702807135179f,0.9733837746854608f,-0.18565735870160002f,1.25f,0.030233888885170666f,-0.19129635132105305f,-0.9810665716118001f,0.24840883035196334f,0f,0f,0f,1f],start_interpolation:0}
execute if entity @s[tag=aj.uncle_alphon.bone.righarm] run data modify entity @s {} merge value {transformation:[-0.9843433977903835f,0.16228536759303272f,-0.06878615188885757f,-0.22200862812658012f,0.14699086809363832f,0.9711552611993026f,0.18775287838537344f,1.25f,0.09727157818993867f,0.1747023700758191f,-0.9798047366523241f,-0.4984088303519634f,0f,0f,0f,1f],start_interpolation:0}
execute if entity @s[tag=aj.uncle_alphon.bone.torso] run data modify entity @s {} merge value {transformation:[-0.9957568809385691f,0f,-0.09202300833754709f,-0.18749999999999997f,0f,1f,0f,0.65625f,0.09202300833754709f,0f,-0.9957568809385691f,-0.12500000000000003f,0f,0f,0f,1f],start_interpolation:0}
execute if entity @s[tag=aj.uncle_alphon.bone.leftleg] run data modify entity @s {} merge value {transformation:[-1f,9.35274840339717e-18f,1.221070183237693e-16f,-0.1875f,0f,0.9970794714752446f,-0.07637098639304751f,0.5625f,-1.2246467991473532e-16f,-0.07637098639304751f,-0.9970794714752446f,-2.7755575615628914e-17f,0f,0f,0f,1f],start_interpolation:0}
execute if entity @s[tag=aj.uncle_alphon.bone.rightleg] run data modify entity @s {} merge value {transformation:[-1f,-9.35274840339717e-18f,1.221070183237693e-16f,-0.18749999999999994f,0f,0.9970794714752446f,0.07637098639304751f,0.5625f,-1.2246467991473532e-16f,0.07637098639304751f,-0.9970794714752446f,-0.25f,0f,0f,0f,1f],start_interpolation:0}