execute if entity @s[tag=aj.uncle_alphon.bone.head] run data modify entity @s {} merge value {transformation:[-0.7536345149813626f,0f,-0.6572937074313174f,-0.18749999999999997f,0f,1f,0f,1.375f,0.6572937074313174f,0f,-0.7536345149813626f,-0.12500000000000003f,0f,0f,0f,1f],start_interpolation:0}
execute if entity @s[tag=aj.uncle_alphon.bone.basket] run data modify entity @s {} merge value {transformation:[-0.9370646621657964f,0.17583755516454258f,-0.3016471002908172f,-0.7040752544678733f,0.27992629874082453f,0.8947122091254351f,-0.3480392651916537f,-2.0399311659066086f,0.2086889699849145f,-0.4105742527675597f,-0.8876247499765851f,1.736463501249829f,0f,0f,0f,1f],start_interpolation:0}
execute if entity @s[tag=aj.uncle_alphon.bone.leftarm] run data modify entity @s {} merge value {transformation:[-0.9370646621657964f,0.17583755516454258f,-0.3016471002908172f,-0.057505947631077164f,0.27992629874082453f,0.8947122091254351f,-0.3480392651916537f,1.25f,0.2086889699849145f,-0.4105742527675597f,-0.8876247499765851f,0.22674784483875052f,0f,0f,0f,1f],start_interpolation:0}
execute if entity @s[tag=aj.uncle_alphon.bone.righarm] run data modify entity @s {} merge value {transformation:[-0.8878278643422962f,0.39488544273389614f,-0.2362777399888783f,-0.3174940523689228f,0.30756728896343943f,0.8911251812477192f,0.33361395969878077f,1.25f,0.3422923400502519f,0.22352046542335768f,-0.9126196116015961f,-0.47674784483875055f,0f,0f,0f,1f],start_interpolation:0}
execute if entity @s[tag=aj.uncle_alphon.bone.torso] run data modify entity @s {} merge value {transformation:[-0.9379942529033348f,0f,-0.34665080631712747f,-0.18749999999999997f,0f,1f,0f,0.65625f,0.34665080631712747f,0f,-0.9379942529033348f,-0.12500000000000003f,0f,0f,0f,1f],start_interpolation:0}
execute if entity @s[tag=aj.uncle_alphon.bone.leftleg] run data modify entity @s {} merge value {transformation:[-1f,1.517590116005087e-17f,1.2152073835604744e-16f,-0.1875f,0f,0.99229213223482f,-0.12392063712261302f,0.5625f,-1.2246467991473532e-16f,-0.12392063712261302f,-0.99229213223482f,-2.7755575615628914e-17f,0f,0f,0f,1f],start_interpolation:0}
execute if entity @s[tag=aj.uncle_alphon.bone.rightleg] run data modify entity @s {} merge value {transformation:[-1f,-1.5442284007648738e-17f,1.2148717500726442e-16f,-0.18749999999999994f,0f,0.9920180666935848f,0.1260958181444663f,0.5625f,-1.2246467991473532e-16f,0.1260958181444663f,-0.9920180666935848f,-0.25f,0f,0f,0f,1f],start_interpolation:0}