execute if entity @s[tag=aj.uncle_alphon.bone.head] run data modify entity @s {} merge value {transformation:[-0.7148380844920337f,0f,-0.6992900063348253f,-0.18749999999999997f,0f,1f,0f,1.375f,0.6992900063348253f,0f,-0.7148380844920337f,-0.12500000000000003f,0f,0f,0f,1f],start_interpolation:0}
execute if entity @s[tag=aj.uncle_alphon.bone.basket] run data modify entity @s {} merge value {transformation:[-0.9106664102251092f,0.22845272241286854f,-0.3442325419100609f,-0.8882952422743056f,0.3741232204801436f,0.8094759088018806f,-0.4525268709888236f,-1.726510204349434f,0.1752669540594543f,-0.5408864083072511f,-0.8226319882688752f,2.212073880572455f,0f,0f,0f,1f],start_interpolation:0}
execute if entity @s[tag=aj.uncle_alphon.bone.leftarm] run data modify entity @s {} merge value {transformation:[-0.9106664102251092f,0.22845272241286854f,-0.3442325419100609f,-0.0482555918296374f,0.3741232204801436f,0.8094759088018806f,-0.4525268709888236f,1.25f,0.1752669540594543f,-0.5408864083072511f,-0.8226319882688752f,0.2231895960440022f,0f,0f,0f,1f],start_interpolation:0}
execute if entity @s[tag=aj.uncle_alphon.bone.righarm] run data modify entity @s {} merge value {transformation:[-0.8386970365580347f,0.5164383330456166f,-0.17285464711668913f,-0.32674440817036254f,0.4130633137647368f,0.8100864289718219f,0.41609935882836424f,1.25f,0.3549168630686135f,0.2775813858253936f,-0.8927388165375073f,-0.47318959604400224f,0f,0f,0f,1f],start_interpolation:0}
execute if entity @s[tag=aj.uncle_alphon.bone.torso] run data modify entity @s {} merge value {transformation:[-0.9285055894506726f,0f,-0.3713184217876335f,-0.18749999999999997f,0f,1f,0f,0.65625f,0.3713184217876335f,0f,-0.9285055894506726f,-0.12500000000000003f,0f,0f,0f,1f],start_interpolation:0}
execute if entity @s[tag=aj.uncle_alphon.bone.leftleg] run data modify entity @s {} merge value {transformation:[-1f,1.5928266195436326e-17f,1.2142441337155347e-16f,-0.1875f,0f,0.9915055790460882f,-0.13006416385954062f,0.5625f,-1.2246467991473532e-16f,-0.13006416385954062f,-0.9915055790460882f,-2.7755575615628914e-17f,0f,0f,0f,1f],start_interpolation:0}
execute if entity @s[tag=aj.uncle_alphon.bone.rightleg] run data modify entity @s {} merge value {transformation:[-1f,-1.5748547735204897e-17f,1.2144785329865057e-16f,-0.18749999999999994f,0f,0.9916969805760101f,0.12859665126442701f,0.5625f,-1.2246467991473532e-16f,0.12859665126442701f,-0.9916969805760101f,-0.25f,0f,0f,0f,1f],start_interpolation:0}