execute if entity @s[tag=aj.uncle_alphon.bone.head] run data modify entity @s {} merge value {transformation:[-0.7355454887976118f,0f,-0.6774753382297263f,-0.18749999999999997f,0f,1f,0f,1.375f,0.6774753382297263f,0f,-0.7355454887976118f,-0.12500000000000003f,0f,0f,0f,1f],start_interpolation:0}
execute if entity @s[tag=aj.uncle_alphon.bone.basket] run data modify entity @s {} merge value {transformation:[-0.9120205627540158f,0.25209238198600115f,-0.32352422484023147f,-0.9856309233171943f,0.3851917459928576f,0.7973991666305515f,-0.4645232909939777f,-1.6821030195062643f,0.14087516435774758f,-0.5482736543018695f,-0.8243483414586649f,2.243222293641436f,0f,0f,0f,1f],start_interpolation:0}
execute if entity @s[tag=aj.uncle_alphon.bone.leftarm] run data modify entity @s {} merge value {transformation:[-0.9120205627540158f,0.25209238198600115f,-0.32352422484023147f,-0.05866627957541534f,0.3851917459928576f,0.7973991666305515f,-0.4645232909939777f,1.25f,0.14087516435774758f,-0.5482736543018695f,-0.8243483414586649f,0.2271744915259479f,0f,0f,0f,1f],start_interpolation:0}
execute if entity @s[tag=aj.uncle_alphon.bone.righarm] run data modify entity @s {} merge value {transformation:[-0.843232670504324f,0.5205281536507063f,-0.13419800539178234f,-0.31633372042458463f,0.4255787575665374f,0.7989630536908059f,0.4249008824951823f,1.25f,0.32839212003680657f,0.3011784854435144f,-0.8952374743070591f,-0.47717449152594793f,0f,0f,0f,1f],start_interpolation:0}
execute if entity @s[tag=aj.uncle_alphon.bone.torso] run data modify entity @s {} merge value {transformation:[-0.9391319774025277f,0f,-0.34355658779889237f,-0.18749999999999997f,0f,1f,0f,0.65625f,0.34355658779889237f,0f,-0.9391319774025277f,-0.12500000000000003f,0f,0f,0f,1f],start_interpolation:0}
execute if entity @s[tag=aj.uncle_alphon.bone.leftleg] run data modify entity @s {} merge value {transformation:[-1f,1.5945458893817916e-17f,1.214221568219085e-16f,-0.1875f,0f,0.9914871529199059f,-0.13020455289573912f,0.5625f,-1.2246467991473532e-16f,-0.13020455289573912f,-0.9914871529199059f,-2.7755575615628914e-17f,0f,0f,0f,1f],start_interpolation:0}
execute if entity @s[tag=aj.uncle_alphon.bone.rightleg] run data modify entity @s {} merge value {transformation:[-1f,-1.5822497843510653e-17f,1.2143824104708812e-16f,-0.18749999999999994f,0f,0.9916184905855153f,0.12920049972389502f,0.5625f,-1.2246467991473532e-16f,0.12920049972389502f,-0.9916184905855153f,-0.25f,0f,0f,0f,1f],start_interpolation:0}