execute if entity @s[tag=aj.uncle_alphon.bone.head] run data modify entity @s {} merge value {transformation:[-0.8677758228289142f,-0.49695585449172536f,1.2246467991473532e-16f,-0.7281367417997958f,-0.49695585449172536f,0.8677758228289142f,0f,1.2840958781948784f,-1.0627188838048904e-16f,-6.085953965208293e-17f,-1f,-0.1250000000000001f,0f,0f,0f,1f],start_interpolation:0}
execute if entity @s[tag=aj.uncle_alphon.bone.basket] run data modify entity @s {} merge value {transformation:[-0.41564789613575526f,-0.8210344452487696f,0.3913301242595123f,33.91710121195452f,-0.830243521628491f,0.5181914811519467f,0.20536134898143033f,-1.0841005274913242f,-0.3713926779459196f,-0.23954128783280032f,-0.8970437281379108f,-45.624152212476424f,0f,0f,0f,1f],start_interpolation:0}
execute if entity @s[tag=aj.uncle_alphon.bone.leftarm] run data modify entity @s {} merge value {transformation:[-0.927685408913247f,0.07403063241714525f,0.36594978829530594f,-0.7977402094803829f,0.14792520585907465f,0.9728129268406362f,0.17819411562480225f,1.1001891057792368f,-0.34280886155554985f,0.219441278786997f,-0.9134153543724319f,0.21790473363092955f,0f,0f,0f,1f],start_interpolation:0}
execute if entity @s[tag=aj.uncle_alphon.bone.righarm] run data modify entity @s {} merge value {transformation:[-0.5184039487446955f,-0.7892659851726299f,0.32911479847522057f,-0.5342943104962774f,-0.7628896490716169f,0.6007355441234612f,0.23898993570038518f,1.2510586949032916f,-0.38633758458800294f,-0.12718494673571645f,-0.9135465286774072f,-0.46790473363092977f,0f,0f,0f,1f],start_interpolation:0}
execute if entity @s[tag=aj.uncle_alphon.bone.torso] run data modify entity @s {} merge value {transformation:[-0.7935051663426924f,-0.49695585449172536f,0.3512611986454741f,-0.3709497213838682f,-0.454422706428843f,0.8677758228289142f,0.20115945216540648f,0.6603820055365964f,-0.40478334312239395f,-6.085953965208293e-17f,-0.9144126230158125f,-0.12500000000000006f,0f,0f,0f,1f],start_interpolation:0}
execute if entity @s[tag=aj.uncle_alphon.bone.leftleg] run data modify entity @s {} merge value {transformation:[-1f,5.341834311772723e-18f,1.223481206754078e-16f,-0.45280612244897955f,0f,0.9990482215818578f,-0.043619387365336f,0.5625f,-1.2246467991473532e-16f,-0.043619387365336f,-0.9990482215818578f,-6.938893903907228e-17f,0f,0f,0f,1f],start_interpolation:0}
execute if entity @s[tag=aj.uncle_alphon.bone.rightleg] run data modify entity @s {} merge value {transformation:[-0.9733180777019949f,-0.22946006099011693f,-0.000005376363957876452f,-0.3201530612244897f,-0.22924122293684437f,0.9723887922036016f,0.04368636518687247f,0.5625f,-0.010019048104160834f,0.042521961469722716f,-0.9990452950031115f,-0.25000000000000006f,0f,0f,0f,1f],start_interpolation:0}