execute if entity @s[tag=aj.uncle_alphon.bone.head] run data modify entity @s {} merge value {transformation:[-0.6388122117986732f,-0.491790036120169f,-0.5916599685882171f,-0.2974301559214255f,-0.4643922114399495f,0.8596075721014975f,-0.21310724046752086f,1.366154264570032f,0.6133994065947572f,0.13862677359980452f,-0.777511276851023f,-0.12500000000000003f,0f,0f,0f,1f],start_interpolation:0}
execute if entity @s[tag=aj.uncle_alphon.bone.basket] run data modify entity @s {} merge value {transformation:[-0.8915428347879467f,-0.16759673898199348f,-0.42078819710262044f,0.02260792258549274f,-0.25666401678990897f,0.9524038444410248f,0.164470360792532f,0.5604735706176134f,0.37319560048792316f,0.25463356058571285f,-0.8921248755638979f,0.06812527314231626f,0f,0f,0f,1f],start_interpolation:0}
execute if entity @s[tag=aj.uncle_alphon.bone.leftarm] run data modify entity @s {} merge value {transformation:[-0.885447321904864f,-0.22048087947383352f,-0.40911028087540074f,-0.14045601525851342f,-0.28572766368604197f,0.9525345627746604f,0.10506002533886297f,1.2649520592250054f,0.36652795573601266f,0.20991924282002208f,-0.9064166642101457f,0.223378002744782f,0f,0f,0f,1f],start_interpolation:0}
execute if entity @s[tag=aj.uncle_alphon.bone.righarm] run data modify entity @s {} merge value {transformation:[-0.9260220028810471f,0.06485134040976219f,-0.37185689966333996f,-0.377369141642557f,0.07650662217580596f,0.996929902964334f,-0.0166584914914861f,1.2265762642394238f,0.36963493739556413f,-0.043875644981932575f,-0.9281405824733647f,-0.4883330659938253f,0f,0f,0f,1f],start_interpolation:0}
execute if entity @s[tag=aj.uncle_alphon.bone.torso] run data modify entity @s {} merge value {transformation:[-0.9170549032538635f,-0.1598984086129826f,-0.3652982388967714f,-0.18250317473084426f,-0.14854690195909315f,0.9871334757382284f,-0.05917194432600564f,0.6566520788831803f,0.370059619975488f,-1.6112460477710858e-17f,-0.9290080073194188f,-0.12500000000000003f,0f,0f,0f,1f],start_interpolation:0}