execute if entity @s[tag=aj.uncle_alphon.bone.head] run data modify entity @s {} merge value {transformation:[-0.8337771655516867f,-0.43416128603789605f,-0.34105661686956845f,-0.4479818059384838f,-0.41036245473028704f,0.9006014015934146f,-0.1432472380037754f,1.3237432544043402f,0.3693484722485373f,0.020520554424707453f,-0.9290643749998028f,-0.12500000000000006f,0f,0f,0f,1f],start_interpolation:0}
execute if entity @s[tag=aj.uncle_alphon.bone.basket] run data modify entity @s {} merge value {transformation:[-0.9668179012161748f,0.10024732463215827f,-0.2349757855440547f,-0.34472276774581206f,0.15689377092909854f,0.9588915392790703f,-0.2364558321180993f,0.5529908887926465f,0.20161222813013716f,-0.2654759684097789f,-0.9428016862868307f,0.4603447058875311f,0f,0f,0f,1f],start_interpolation:0}
execute if entity @s[tag=aj.uncle_alphon.bone.leftarm] run data modify entity @s {} merge value {transformation:[-0.9679613996689396f,0.07498622575529981f,-0.2396409704076553f,-0.28926422056975193f,0.14415602013778844f,0.9473743780860905f,-0.28583356976399193f,1.2536529918824888f,0.20559613471313376f,-0.3112215508170482f,-0.9278315448927409f,0.23017049876691228f,0f,0f,0f,1f],start_interpolation:0}
execute if entity @s[tag=aj.uncle_alphon.bone.righarm] run data modify entity @s {} merge value {transformation:[-0.885894421301179f,-0.34227369911999994f,-0.31311306136627537f,-0.5078200236525681f,-0.3340851167163767f,0.9390338288769297f,-0.08125640290671254f,1.164174934722345f,0.3218356864862162f,0.0326218196219166f,-0.9462333791346093f,-0.4816929360072627f,0f,0f,0f,1f],start_interpolation:0}
execute if entity @s[tag=aj.uncle_alphon.bone.torso] run data modify entity @s {} merge value {transformation:[-0.8765084470453257f,-0.3788826268196128f,-0.29695268537674735f,-0.17565991791188706f,-0.3588478174443728f,0.9254447336790403f,-0.12157421116807664f,0.65857985207253f,0.320875655314643f,-4.6399739618717995e-17f,-0.9471213300450996f,-0.12500000000000003f,0f,0f,0f,1f],start_interpolation:0}