execute if entity @s[tag=aj.uncle_alphon.bone.head] run data modify entity @s {} merge value {transformation:[-0.783869983404783f,-0.6138802335215335f,-0.09326793665849342f,-0.7227154036016099f,-0.609580429219689f,0.7893991758872995f,-0.07253027933761336f,1.2302119334225183f,0.11815053715207971f,-8.21175402081048e-17f,-0.9929956951420661f,-0.12500000000000008f,0f,0f,0f,1f],start_interpolation:0}
execute if entity @s[tag=aj.uncle_alphon.bone.basket] run data modify entity @s {} merge value {transformation:[-0.9759346801855382f,0.19697451944352906f,0.09355500361360586f,-0.8737898891445139f,0.17869954541008576f,0.9682958689008326f,-0.17455538588026992f,0.35405234902662674f,-0.124971886764103f,-0.15363641807713416f,-0.980192776222641f,0.257631132258804f,0f,0f,0f,1f],start_interpolation:0}
execute if entity @s[tag=aj.uncle_alphon.bone.leftarm] run data modify entity @s {} merge value {transformation:[-0.9166737087762645f,0.38210167988636495f,0.11707953649714281f,-0.6810070287544177f,0.3796248780306658f,0.9241096978383332f,-0.04366026043608072f,1.104298382781578f,-0.1248769939523294f,0.004424091902534996f,-0.9921623676557522f,0.24736566602279195f,0f,0f,0f,1f],start_interpolation:0}
execute if entity @s[tag=aj.uncle_alphon.bone.righarm] run data modify entity @s {} merge value {transformation:[-0.6030183192820348f,-0.7949246958542037f,0.06681043729367059f,-0.6109537200684187f,-0.7878315995522372f,0.6065963896759246f,0.10659357756965082f,1.1587756900916337f,-0.1252608372845765f,0.011642506312453095f,-0.9920555300433194f,-0.4973656660227921f,0f,0f,0f,1f],start_interpolation:0}
execute if entity @s[tag=aj.uncle_alphon.bone.torso] run data modify entity @s {} merge value {transformation:[-0.7838537330323129f,-0.6138802335215335f,0.093404411581332f,-0.2814889857580077f,-0.6095677920359277f,0.7893991758872995f,0.07263640974674088f,0.6628312757535219f,-0.11832342170403669f,-8.21175402081048e-17f,-0.992975109394112f,-0.12500000000000003f,0f,0f,0f,1f],start_interpolation:0}
execute if entity @s[tag=aj.uncle_alphon.bone.leftleg] run data modify entity @s {} merge value {transformation:[-1f,5.341834311772723e-18f,1.223481206754078e-16f,-0.3383969907407408f,0f,0.9990482215818578f,-0.043619387365336f,0.5625f,-1.2246467991473532e-16f,-0.043619387365336f,-0.9990482215818578f,-2.7755575615628914e-17f,0f,0f,0f,1f],start_interpolation:0}
execute if entity @s[tag=aj.uncle_alphon.bone.rightleg] run data modify entity @s {} merge value {transformation:[-0.9913422161503913f,-0.13130350514785694f,0.0000037306225960055838f,-0.26294849537037035f,-0.13117978867931618f,0.9904093883905645f,0.043371723851813926f,0.5625f,-0.005698554209691705f,0.042995731459236214f,-0.9990590040414051f,-0.25f,0f,0f,0f,1f],start_interpolation:0}