execute if entity @s[tag=aj.uncle_alphon.bone.head] run data modify entity @s {} merge value {transformation:[-0.9290625532308308f,-0.27205410140533287f,-0.25065781075551286f,-0.2251017236525885f,-0.26733002084387897f,0.9621245956473475f,-0.053394029685343056f,1.3739709464925332f,0.2556901095854528f,0.017401964227204733f,-0.9666021619576558f,-0.12500000000000003f,0f,0f,0f,1f],start_interpolation:0}
execute if entity @s[tag=aj.uncle_alphon.bone.basket] run data modify entity @s {} merge value {transformation:[-0.9842345324608803f,-0.14865059817184326f,-0.09584041305558698f,0.40278790320693736f,-0.15422611390979865f,0.9865795064924358f,0.05362073439840097f,-2.377682675104893f,0.08658343317167637f,0.06755647291189232f,-0.9939514233944788f,0.17512658896567068f,0f,0f,0f,1f],start_interpolation:0}
execute if entity @s[tag=aj.uncle_alphon.bone.leftarm] run data modify entity @s {} merge value {transformation:[-0.9830142514640079f,-0.1608330576621736f,-0.08840649852636442f,-0.1886086190647932f,-0.16197240227130538f,0.9867781177902067f,0.005821267291539158f,1.2507824899407387f,0.08630134599830153f,0.020041801651874146f,-0.9960674695347842f,0.24882195961437423f,0f,0f,0f,1f],start_interpolation:0}
execute if entity @s[tag=aj.uncle_alphon.bone.righarm] run data modify entity @s {} merge value {transformation:[-0.9774625488646667f,0.1947875459679234f,-0.08139273617948452f,-0.20370042294663065f,0.19219069104080458f,0.9805949221318686f,0.03868251499647615f,1.2499558302810934f,0.08734817596405231f,0.022167783492914254f,-0.9959311650564833f,-0.5023406752392726f,0f,0f,0f,1f],start_interpolation:0}
execute if entity @s[tag=aj.uncle_alphon.bone.torso] run data modify entity @s {} merge value {transformation:[-0.9953664559948529f,-0.05469341622194693f,-0.07908380682680509f,-0.18579083074306413f,-0.05452160008024748f,0.9985031948982301f,-0.004331847494624549f,0.6562967751594303f,0.07920235731931284f,-6.264330842069921e-18f,-0.9968585589716646f,-0.12500000000000003f,0f,0f,0f,1f],start_interpolation:0}
execute if entity @s[tag=aj.uncle_alphon.bone.leftleg] run data modify entity @s {} merge value {transformation:[-1f,5.341834311772724e-18f,1.223481206754078e-16f,-0.1875f,0f,0.9990482215818578f,-0.04361938736533601f,0.5625f,-1.2246467991473532e-16f,-0.04361938736533601f,-0.9990482215818578f,-2.7755575615628914e-17f,0f,0f,0f,1f],start_interpolation:0}
execute if entity @s[tag=aj.uncle_alphon.bone.rightleg] run data modify entity @s {} merge value {transformation:[-1f,-5.341834311772724e-18f,1.223481206754078e-16f,-0.18749999999999994f,0f,0.9990482215818578f,0.04361938736533601f,0.5625f,-1.2246467991473532e-16f,0.04361938736533601f,-0.9990482215818578f,-0.25f,0f,0f,0f,1f],start_interpolation:0}