execute if entity @s[tag=aj.uncle_alphon.bone.head] run data modify entity @s {} merge value {transformation:[-0.9985705846852202f,-0.05344892329521168f,1.2246467991473532e-16f,-0.25274613476545804f,-0.05344892329521168f,0.9985705846852202f,0f,1.374017276971089f,-1.2228962702574558e-16f,-6.545605283135338e-18f,-1f,-0.12500000000000003f,0f,0f,0f,1f],start_interpolation:0}
execute if entity @s[tag=aj.uncle_alphon.bone.basket] run data modify entity @s {} merge value {transformation:[-0.9817339779177277f,-0.18060713823321994f,0.059828573616969645f,19.707421285706783f,-0.18061989924063096f,0.9835390175569906f,0.005239555451945564f,-10.608674439677399f,-0.059790037632860574f,-0.005662381322048701f,-0.9981949152533411f,-52.39828133936502f,0f,0f,0f,1f],start_interpolation:0}
execute if entity @s[tag=aj.uncle_alphon.bone.leftarm] run data modify entity @s {} merge value {transformation:[-0.9980647822089266f,0.011749587648429632f,0.06106257204163579f,-0.2684036005566348f,0.009401511056951134f,0.9992105272447472f,-0.038599661049289836f,1.2480002716456842f,-0.06146789490534157f,-0.037950881852282535f,-0.9973873011335868f,0.24933214947932938f,0f,0f,0f,1f],start_interpolation:0}
execute if entity @s[tag=aj.uncle_alphon.bone.righarm] run data modify entity @s {} merge value {transformation:[-0.9916799144685841f,-0.11533847553699386f,0.05716627765023924f,-0.22372643815047838f,-0.11276899001427988f,0.9925413756904166f,0.046311687873953906f,1.2503916361251888f,-0.0620814153409957f,0.039479787276244994f,-0.9972899499472966f,-0.49933214947932947f,0f,0f,0f,1f],start_interpolation:0}
execute if entity @s[tag=aj.uncle_alphon.bone.torso] run data modify entity @s {} merge value {transformation:[-0.996792195658798f,-0.05344892329521168f,0.05956954987487529f,-0.21432972114702467f,-0.05335373425187304f,0.9985705846852202f,0.003188485972672788f,0.6562946692285869f,-0.05965482139017085f,-6.545605283135338e-18f,-0.9982190652782118f,-0.12500000000000003f,0f,0f,0f,1f],start_interpolation:0}
execute if entity @s[tag=aj.uncle_alphon.bone.leftleg] run data modify entity @s {} merge value {transformation:[-1f,5.341834311772723e-18f,1.223481206754078e-16f,-0.22550000000000006f,0f,0.9990482215818578f,-0.043619387365336f,0.5625f,-1.2246467991473532e-16f,-0.043619387365336f,-0.9990482215818578f,-2.7755575615628914e-17f,0f,0f,0f,1f],start_interpolation:0}
execute if entity @s[tag=aj.uncle_alphon.bone.rightleg] run data modify entity @s {} merge value {transformation:[-0.9994501996108022f,-0.0331556699855107f,-0.000006763101089106561f,-0.2065f,-0.03312459965350923f,0.9985047398818956f,0.043486151027456024f,0.5625f,-0.0014350594839126357f,0.04346246634971241f,-0.9990540298818066f,-0.25f,0f,0f,0f,1f],start_interpolation:0}