execute if entity @s[tag=aj.uncle_alphon.bone.head] run data modify entity @s {} merge value {transformation:[-0.660042518714426f,-0.4726812641594017f,-0.5838803781613033f,-0.3032419295777927f,-0.4480698928989738f,0.871556727015301f,-0.19905336639172566f,1.3651872846214612f,0.6029736682199471f,0.1302355331967674f,-0.7870587407089351f,-0.12500000000000006f,0f,0f,0f,1f],start_interpolation:0}
execute if entity @s[tag=aj.uncle_alphon.bone.basket] run data modify entity @s {} merge value {transformation:[-0.9240885894503451f,-0.035514137262823375f,-0.3805246705565206f,-0.07716076303081329f,-0.08069640817343247f,0.9913562278055267f,0.1034452478323859f,0.5315159615286735f,0.373561733259147f,0.12629954729006077f,-0.9189668415121123f,0.1630245229697866f,0f,0f,0f,1f],start_interpolation:0}
execute if entity @s[tag=aj.uncle_alphon.bone.leftarm] run data modify entity @s {} merge value {transformation:[-0.9219553633030725f,-0.08842413032913352f,-0.3770669453190452f,-0.14255775766504114f,-0.1119933715752465f,0.9928627593430512f,0.04100031503429277f,1.2658205037797303f,0.3707503105863949f,0.0800294588588408f,-0.9252780624843825f,0.222212960244667f,0f,0f,0f,1f],start_interpolation:0}
execute if entity @s[tag=aj.uncle_alphon.bone.righarm] run data modify entity @s {} merge value {transformation:[-0.9245403750334756f,0.03706740860608796f,-0.3792770783374464f,-0.38828904291240085f,0.04872312832648511f,0.9985878273220891f,-0.021175643797312522f,1.2238521597402712f,0.37795654736892836f,-0.038057303417072336f,-0.9250408044824725f,-0.48609911136732165f,0f,0f,0f,1f],start_interpolation:0}
execute if entity @s[tag=aj.uncle_alphon.bone.torso] run data modify entity @s {} merge value {transformation:[-0.9126858015557342f,-0.16835189756769858f,-0.3723738259114381f,-0.1822390032010094f,-0.15587722857943354f,0.985726959449398f,-0.06359757090518395f,0.6566960325172063f,0.37776569093680534f,-2.0617161248666516e-17f,-0.9259012273191121f,-0.12500000000000003f,0f,0f,0f,1f],start_interpolation:0}
execute if entity @s[tag=aj.uncle_alphon.bone.leftleg] run data modify entity @s {} merge value {transformation:[-1f,5.3418343117727225e-18f,1.223481206754078e-16f,-0.1875f,0f,0.9990482215818578f,-0.04361938736533599f,0.5625f,-1.2246467991473532e-16f,-0.04361938736533599f,-0.9990482215818578f,-2.7755575615628914e-17f,0f,0f,0f,1f],start_interpolation:0}
execute if entity @s[tag=aj.uncle_alphon.bone.rightleg] run data modify entity @s {} merge value {transformation:[-1f,-5.3418343117727225e-18f,1.223481206754078e-16f,-0.18749999999999994f,0f,0.9990482215818578f,0.04361938736533599f,0.5625f,-1.2246467991473532e-16f,0.04361938736533599f,-0.9990482215818578f,-0.25f,0f,0f,0f,1f],start_interpolation:0}