execute if entity @s[tag=aj.uncle_alphon.bone.head] run data modify entity @s {} merge value {transformation:[-0.6658142545851591f,-0.5180498834164354f,-0.5369503670577259f,-0.2696739599000295f,-0.48388538879179477f,0.8476065353125031f,-0.21775695582311055f,1.3700713811128828f,0.5679316058338562f,0.1148367519035269f,-0.8150252827411093f,-0.12500000000000003f,0f,0f,0f,1f],start_interpolation:0}
execute if entity @s[tag=aj.uncle_alphon.bone.basket] run data modify entity @s {} merge value {transformation:[-0.8520086281910597f,-0.3036811945386011f,-0.42644932825787946f,1.1212396235425055f,-0.4458625230635235f,0.8478284709162913f,0.28704267005302897f,-1.8768936986385674f,0.2743864209749042f,0.43470060499998314f,-0.8577572360506387f,-1.2006310393222521f,0f,0f,0f,1f],start_interpolation:0}
execute if entity @s[tag=aj.uncle_alphon.bone.leftarm] run data modify entity @s {} merge value {transformation:[-0.8444593856614088f,-0.34707924671802615f,-0.40795139718599255f,-0.1549996176020601f,-0.4653521671687985f,0.852542055303207f,0.23794832306760627f,1.2579743062696722f,0.26520879789263874f,0.3907787614968742f,-0.8814512199114086f,0.23629495018630384f,0f,0f,0f,1f],start_interpolation:0}
execute if entity @s[tag=aj.uncle_alphon.bone.righarm] run data modify entity @s {} merge value {transformation:[-0.9448774316139366f,0.1838877936695958f,-0.2709094287136915f,-0.30231064934053004f,0.18797338400086677f,0.982112247604528f,0.011024518694480755f,1.240239705684496f,0.26809074235025954f,-0.040506943164233394f,-0.962541708925684f,-0.5009010749281466f,0f,0f,0f,1f],start_interpolation:0}
execute if entity @s[tag=aj.uncle_alphon.bone.torso] run data modify entity @s {} merge value {transformation:[-0.9565463006556145f,-0.11952575985458842f,-0.265956326176389f,-0.18376482000454408f,-0.11515747587371637f,0.9928310998005568f,-0.0320181670182909f,0.6564740281312326f,0.26787670755863224f,-1.8107130874111306e-17f,-0.9634532004968103f,-0.12500000000000003f,0f,0f,0f,1f],start_interpolation:0}