execute if entity @s[tag=aj.uncle_alphon.bone.head] run data modify entity @s {} merge value {transformation:[-0.8916502365418519f,-0.45272492274543435f,1.2246467991473532e-16f,-0.6924664966323841f,-0.45272492274543435f,0.8916502365418519f,0f,1.3005095376225233f,-1.0919566081399593e-16f,-5.5442812753442896e-17f,-1f,-0.12500000000000008f,0f,0f,0f,1f],start_interpolation:0}
execute if entity @s[tag=aj.uncle_alphon.bone.basket] run data modify entity @s {} merge value {transformation:[-0.3964721387005404f,-0.8370627601346871f,0.3770089903834113f,33.99607882272166f,-0.8511583249823517f,0.48904103365712803f,0.19070493756797458f,-2.126745763004912f,-0.3440048677670957f,-0.24528514629970405f,-0.9063640813477087f,-45.52211409488473f,0f,0f,0f,1f],start_interpolation:0}
execute if entity @s[tag=aj.uncle_alphon.bone.leftarm] run data modify entity @s {} merge value {transformation:[-0.9287389725073963f,0.06518352343430611f,0.364958941825783f,-0.7678454083040402f,0.1292517375306418f,0.9795871905327785f,0.15395754119044597f,1.1220472825343237f,-0.347473609488859f,0.1901579459733068f,-0.9182058844790731f,0.2195565892332217f,0f,0f,0f,1f],start_interpolation:0}
execute if entity @s[tag=aj.uncle_alphon.bone.righarm] run data modify entity @s {} merge value {transformation:[-0.5681738789014624f,-0.7530650797128053f,0.3317701449063986f,-0.5039063542743696f,-0.7307022783988253f,0.6471230187087444f,0.2174993770107112f,1.2560592335752596f,-0.378487283375323f,-0.11884773609298659f,-0.9179447651949109f,-0.4695565892332219f,0f,0f,0f,1f],start_interpolation:0}
execute if entity @s[tag=aj.uncle_alphon.bone.torso] run data modify entity @s {} merge value {transformation:[-0.8192639047782825f,-0.45272492274543435f,0.3519187387062275f,-0.3670704584091032f,-0.4159716139787752f,0.8916502365418519f,0.17868260138791459f,0.6596359301080671f,-0.3946824935202148f,-5.5442812753442896e-17f,-0.9188175712885914f,-0.12500000000000006f,0f,0f,0f,1f],start_interpolation:0}
execute if entity @s[tag=aj.uncle_alphon.bone.leftleg] run data modify entity @s {} merge value {transformation:[-1f,5.341834311772723e-18f,1.223481206754078e-16f,-0.44579081632653067f,0f,0.9990482215818578f,-0.043619387365336f,0.5625f,-1.2246467991473532e-16f,-0.043619387365336f,-0.9990482215818578f,-6.938893903907228e-17f,0f,0f,0f,1f],start_interpolation:0}
execute if entity @s[tag=aj.uncle_alphon.bone.rightleg] run data modify entity @s {} merge value {transformation:[-0.9747045398116191f,-0.22349733793402016f,-0.0000026507269462799063f,-0.3166454081632653f,-0.22328438597703543f,0.9737753074643076f,0.043654708241509486f,0.5625f,-0.009754129867816586f,0.04255103417308959f,-0.9990466788100155f,-0.25000000000000006f,0f,0f,0f,1f],start_interpolation:0}