execute if entity @s[tag=aj.uncle_alphon.bone.head] run data modify entity @s {} merge value {transformation:[-0.9833304523757647f,-0.13382231947646814f,-0.12309674341920002f,-0.20367312750136762f,-0.1332506548747421f,0.9909983776380364f,-0.012902654542071254f,1.3748097409078563f,0.12371533617917643f,0.003715148545853364f,-0.9923107946935554f,-0.12500000000000003f,0f,0f,0f,1f],start_interpolation:0}
execute if entity @s[tag=aj.uncle_alphon.bone.basket] run data modify entity @s {} merge value {transformation:[-0.9982779359510476f,-0.045246370486105275f,-0.037335352564960914f,-0.007569333687958424f,-0.045736775789298655f,0.9988767256647214f,0.012386858589818112f,-2.4207592951286876f,0.036732954328712215f,0.014073126275239167f,-0.9992260190683215f,0.3630560939661093f,0f,0f,0f,1f],start_interpolation:0}
execute if entity @s[tag=aj.uncle_alphon.bone.leftarm] run data modify entity @s {} merge value {transformation:[-0.9981722454730682f,-0.049104880987235505f,-0.035226112906225224f,-0.18813206292125545f,-0.04796326743456981f,0.9983185059594126f,-0.03255281302693021f,1.250140836509881f,0.03676538241678748f,-0.03080375500155424f,-0.998849055329959f,0.24978812626325983f,0f,0f,0f,1f],start_interpolation:0}
execute if entity @s[tag=aj.uncle_alphon.bone.righarm] run data modify entity @s {} merge value {transformation:[-0.996295782502434f,0.07874357222568279f,-0.034556672307982865f,-0.19527517003606681f,0.07726289585184795f,0.9961140836364709f,0.04227501987770645f,1.2499727516199866f,0.03775127405067451f,0.03944847543584738f,-0.9985082168381681f,-0.5003955742539806f,0f,0f,0f,1f],start_interpolation:0}
execute if entity @s[tag=aj.uncle_alphon.bone.torso] run data modify entity @s {} merge value {transformation:[-0.9991584192284783f,-0.02352454909289841f,-0.03360132251599971f,-0.1867648578408469f,-0.02351125780190791f,0.9997232595023364f,-0.0007906747728440779f,0.656258648140552f,0.033610623936794766f,-2.8267162661760057e-18f,-0.999435003368693f,-0.12500000000000003f,0f,0f,0f,1f],start_interpolation:0}
execute if entity @s[tag=aj.uncle_alphon.bone.leftleg] run data modify entity @s {} merge value {transformation:[-1f,5.341834311772724e-18f,1.223481206754078e-16f,-0.1875f,0f,0.9990482215818578f,-0.04361938736533601f,0.5625f,-1.2246467991473532e-16f,-0.04361938736533601f,-0.9990482215818578f,-2.7755575615628914e-17f,0f,0f,0f,1f],start_interpolation:0}
execute if entity @s[tag=aj.uncle_alphon.bone.rightleg] run data modify entity @s {} merge value {transformation:[-1f,-5.341834311772724e-18f,1.223481206754078e-16f,-0.18749999999999994f,0f,0.9990482215818578f,0.04361938736533601f,0.5625f,-1.2246467991473532e-16f,0.04361938736533601f,-0.9990482215818578f,-0.25f,0f,0f,0f,1f],start_interpolation:0}