execute if entity @s[tag=aj.uncle_alphon.bone.head] run data modify entity @s {} merge value {transformation:[-0.8168502058943118f,-0.4336908031802602f,-0.3803525054042387f,-0.42866376706027154f,-0.40801466778835904f,0.9004844626261994f,-0.1505050279504303f,1.331313860876961f,0.40777416789195414f,0.032249338065542366f,-0.9125131276833001f,-0.12500000000000006f,0f,0f,0f,1f],start_interpolation:0}
execute if entity @s[tag=aj.uncle_alphon.bone.basket] run data modify entity @s {} merge value {transformation:[-0.956443569586872f,0.1298774572217227f,-0.2614336326900996f,-0.3387881719201202f,0.19081319056368767f,0.9559159363189529f,-0.2231928515843764f,0.559177098271881f,0.22092085574437767f,-0.2633563532498871f,-0.9390619823526519f,0.4577070044633139f,0f,0f,0f,1f],start_interpolation:0}
execute if entity @s[tag=aj.uncle_alphon.bone.leftarm] run data modify entity @s {} merge value {transformation:[-0.9585015968764464f,0.09752976233360808f,-0.26788548718520044f,-0.26665680551292303f,0.17319681675378254f,0.9455873205305523f,-0.2754405233770211f,1.2585175237502435f,0.22644547125446984f,-0.3104070951363718f,-0.9232388010895882f,0.22813515502018375f,0f,0f,0f,1f],start_interpolation:0}
execute if entity @s[tag=aj.uncle_alphon.bone.righarm] run data modify entity @s {} merge value {transformation:[-0.8959851464662655f,-0.29720394777149894f,-0.32997034827520644f,-0.4959425024556451f,-0.2881212450300288f,0.9544659461288583f,-0.07733631645410488f,1.1726302731520244f,0.3379301192172297f,0.02577927674275203f,-0.9408180819990916f,-0.48081832809358016f,0f,0f,0f,1f],start_interpolation:0}
execute if entity @s[tag=aj.uncle_alphon.bone.torso] run data modify entity @s {} merge value {transformation:[-0.881855253585178f,-0.3507836611785768f,-0.31509067706673716f,-0.17653801058816945f,-0.3303307801835849f,0.9364565249119434f,-0.11802860929940116f,0.6582357335965018f,0.3364712281719278f,-4.295860878555337e-17f,-0.94169374672049f,-0.12500000000000003f,0f,0f,0f,1f],start_interpolation:0}