execute if entity @s[tag=aj.uncle_alphon.bone.head] run data modify entity @s {} merge value {transformation:[-0.7345547314495614f,-0.6779616703986462f,-0.028236854912329887f,-0.8185292039546247f,-0.6774613151276703f,0.735097254429832f,-0.026042139605072893f,1.1928793624205096f,0.038412406987197174f,-8.129163548385269e-17f,-0.9992619711514343f,-0.1250000000000001f,0f,0f,0f,1f],start_interpolation:0}
execute if entity @s[tag=aj.uncle_alphon.bone.basket] run data modify entity @s {} merge value {transformation:[-0.9636800004593128f,0.1295737751165282f,0.23351979255898248f,-0.9877850851795387f,0.1204581271864552f,0.9913054459896921f,-0.05294669343697664f,0.265903110188634f,-0.23834994505866913f,-0.022894312683040263f,-0.9709094469296818f,0.06933156964511838f,0f,0f,0f,1f],start_interpolation:0}
execute if entity @s[tag=aj.uncle_alphon.bone.leftarm] run data modify entity @s {} merge value {transformation:[-0.8831532908026203f,0.39644061299749206f,0.25074908835462406f,-0.8170910379846328f,0.4399101642353381f,0.8855391004499787f,0.14933033508527338f,1.024160219682217f,-0.16284751255987945f,0.24218864948716118f,-0.956465025870076f,0.23246577815547376f,0f,0f,0f,1f],start_interpolation:0}
execute if entity @s[tag=aj.uncle_alphon.bone.righarm] run data modify entity @s {} merge value {transformation:[-0.42315120766483116f,-0.8853609616584383f,0.1925591416241782f,-0.6504769523249551f,-0.8556158483209058f,0.4603869242321779f,0.23657007439262331f,1.1778241915513439f,-0.298101619509005f,-0.06465174063611917f,-0.9523421532615411f,-0.482465778155474f,0f,0f,0f,1f],start_interpolation:0}
execute if entity @s[tag=aj.uncle_alphon.bone.torso] run data modify entity @s {} merge value {transformation:[-0.7007256321992328f,-0.6779616703986462f,0.2221521142129036f,-0.33124425335559776f,-0.6462615895163653f,0.735097254429832f,0.2048852958255026f,0.6645282107990678f,-0.3022077866216665f,-8.129163548385269e-17f,-0.9532420750812637f,-0.12500000000000006f,0f,0f,0f,1f],start_interpolation:0}
execute if entity @s[tag=aj.uncle_alphon.bone.leftleg] run data modify entity @s {} merge value {transformation:[-1f,5.341834311772723e-18f,1.223481206754078e-16f,-0.40740740740740733f,0f,0.9990482215818578f,-0.043619387365336f,0.5625f,-1.2246467991473532e-16f,-0.043619387365336f,-0.9990482215818578f,-5.551115123125783e-17f,0f,0f,0f,1f],start_interpolation:0}
execute if entity @s[tag=aj.uncle_alphon.bone.rightleg] run data modify entity @s {} merge value {transformation:[-0.9816424628278682f,-0.1907303728723967f,0.000006098683688747548f,-0.2974537037037036f,-0.1905494895437468f,0.9807128919360556f,0.043509948575425f,0.5625f,-0.008304649773167012f,0.04271005097603031f,-0.9990529937584742f,-0.25000000000000006f,0f,0f,0f,1f],start_interpolation:0}