execute if entity @s[tag=aj.uncle_alphon.bone.head] run data modify entity @s {} merge value {transformation:[-0.8301962964260815f,-0.40377702593077236f,-0.38436730184930956f,-0.24741957313901497f,-0.3880546620641508f,0.9135847943966733f,-0.12155822760087409f,1.3723838549380751f,0.4002345420509024f,0.048238333073278926f,-0.915142270126135f,-0.12500000000000003f,0f,0f,0f,1f],start_interpolation:0}
execute if entity @s[tag=aj.uncle_alphon.bone.basket] run data modify entity @s {} merge value {transformation:[-0.9367492165704678f,-0.28077250376447577f,-0.20896819467192243f,0.942749341541141f,-0.3124174036695003f,0.9399287808164081f,0.13758362139945787f,-2.2075164136681f,0.15778552259007636f,0.1941666503877747f,-0.9681957657096876f,-0.2874590400509358f,0f,0f,0f,1f],start_interpolation:0}
execute if entity @s[tag=aj.uncle_alphon.bone.leftarm] run data modify entity @s {} merge value {transformation:[-0.9322454570869289f,-0.30568552431065316f,-0.19358400752051896f,-0.18128174145833897f,-0.32677974910023966f,0.9410200916835408f,0.08772788966961886f,1.2526926857474014f,0.15534929455510144f,0.14504326001169957f,-0.9771535444373166f,0.24587708373307202f,0f,0f,0f,1f],start_interpolation:0}
execute if entity @s[tag=aj.uncle_alphon.bone.righarm] run data modify entity @s {} merge value {transformation:[-0.95340762128815f,0.2611892620093296f,-0.15097707468583818f,-0.23019083838967397f,0.25958745036751846f,0.9652354040137725f,0.030577286505843047f,1.2484136942226192f,0.15371487657791152f,-0.01003913588866108f,-0.988064245112253f,-0.5051194811518096f,0f,0f,0f,1f],start_interpolation:0}
execute if entity @s[tag=aj.uncle_alphon.bone.torso] run data modify entity @s {} merge value {transformation:[-0.9852420918896393f,-0.08715574274765818f,-0.14731563689924995f,-0.18477638303913566f,-0.08619751386891016f,0.9961946980917455f,-0.012888448188785684f,0.656368915684633f,0.14787835869979984f,-1.0673500138322974e-17f,-0.9890055566215255f,-0.12500000000000003f,0f,0f,0f,1f],start_interpolation:0}