execute if entity @s[tag=aj.thaddeus.bone.rightarm] run data modify entity @s {} merge value {transformation:[-0.991168178636952f,0.05008771406424917f,0.1227878762636013f,-0.307752422816315f,0.13251386789635752f,0.40950292986128056f,0.9026336052076578f,1.414598418857151f,-0.005071141158965578f,0.9109328028646488f,-0.4125235898618413f,0.15289637629685504f,0f,0f,0f,1f],start_interpolation:0}
execute if entity @s[tag=aj.thaddeus.bone.leftarm] run data modify entity @s {} merge value {transformation:[-0.9950426645900099f,0.0739878245762273f,0.0664522193767107f,0.307752422816315f,0.0007020292150040804f,0.6734134638644005f,-0.7392657261371794f,1.3774789347234733f,-0.0994464820926027f,-0.7355542865762031f,-0.6701270690688286f,0.2548813207759394f,0f,0f,0f,1f],start_interpolation:0}
execute if entity @s[tag=aj.thaddeus.bone.torso] run data modify entity @s {} merge value {transformation:[-0.984807753012208f,-4.188538737676991e-17f,0.17364817766693044f,-1.1879999018953237e-17f,0.059391174613884684f,0.9396926207859084f,0.3368240888334651f,1.1023847327947156f,-0.16317591116653493f,0.34202014332566866f,-0.9254165783983234f,0.09700755374712575f,0f,0f,0f,1f],start_interpolation:0}
execute if entity @s[tag=aj.thaddeus.bone.head] run data modify entity @s {} merge value {transformation:[-1f,-6.162975822039155e-33f,1.2246467991473532e-16f,-2.7587019285241954e-17f,0f,1f,0f,1.4547694655894312f,-1.2246467991473532e-16f,0f,-1f,0.2252651074942515f,0f,0f,0f,1f],start_interpolation:0}
execute if entity @s[tag=aj.thaddeus.bone.leftleg] run data modify entity @s {} merge value {transformation:[-1f,-1.1314261122877003e-16f,4.686520405326299e-17f,0.125f,0f,0.38268343236508984f,0.9238795325112866f,0.75f,-1.2246467991473532e-16f,0.9238795325112866f,-0.38268343236508984f,-0.031249999999999986f,0f,0f,0f,1f],start_interpolation:0}
execute if entity @s[tag=aj.thaddeus.bone.rightleg] run data modify entity @s {} merge value {transformation:[-1f,4.6865204053262974e-17f,1.1314261122877003e-16f,-0.125f,0f,0.9238795325112867f,-0.3826834323650897f,0.75f,-1.2246467991473532e-16f,-0.3826834323650897f,-0.9238795325112867f,0.031249999999999986f,0f,0f,0f,1f],start_interpolation:0}