execute if entity @s[tag=aj.percival.bone.rightarm] run data modify entity @s {} merge value {transformation:[-0.03216888120265882f,0.9994330021261082f,0.00994169720740884f,-0.2987091775085079f,0.9985423833759742f,0.03256834466345489f,-0.043039650645785375f,0.8133679136976008f,-0.04333903187656678f,0.008542668615660082f,-0.9990238991780551f,-0.1368018482254251f,0f,0f,0f,1f],start_interpolation:0}
execute if entity @s[tag=aj.percival.bone.leftarm] run data modify entity @s {} merge value {transformation:[-0.8877404939965589f,-0.4263449842993726f,0.17362825139220125f,0.2552451835608591f,-0.43046169529712336f,0.9024817119278281f,0.015148878431856989f,0.8133679136976008f,-0.16315496989265224f,-0.06129203862317153f,-0.9846947454926036f,-0.039124748287776734f,0f,0f,0f,1f],start_interpolation:0}
execute if entity @s[tag=aj.percival.bone.torso] run data modify entity @s {} merge value {transformation:[-0.984807753012208f,-0.002630575133389833f,0.17362825139220125f,-0.0009864656750211834f,0f,0.9998852491572504f,0.015148878431856989f,0.4999569684339689f,-0.17364817766693044f,0.014918732929132181f,-0.9846947454926036f,-0.02565547515157543f,0f,0f,0f,1f],start_interpolation:0}
execute if entity @s[tag=aj.percival.bone.head] run data modify entity @s {} merge value {transformation:[-0.9961929614024713f,-0.002630575133389833f,0.08713589229842034f,-0.0019729313500423708f,-0.0013203117515224751f,0.9998852491572504f,0.015091232375852328f,0.8749139368679378f,-0.08716559200196544f,0.014918732929132181f,-0.9960821205998711f,-0.020060950303150863f,0f,0f,0f,1f],start_interpolation:0}