execute if entity @s[tag=aj.percival.bone.rightarm] run data modify entity @s {} merge value {transformation:[-0.028341718114265828f,0.9995508881070677f,0.009734942152043236f,-0.2960719577572267f,0.9974798400373125f,0.02891402031276808f,-0.06479157467210114f,0.8120501466265724f,-0.06504395232048191f,0.007874103995056447f,-0.9978513329914461f,-0.15175826465520298f,0f,0f,0f,1f],start_interpolation:0}
execute if entity @s[tag=aj.percival.bone.leftarm] run data modify entity @s {} merge value {transformation:[-0.8893912991077748f,-0.4228839994101107f,0.17364400396873525f,0.2578824033121403f,-0.4305007493148063f,0.90256359037862f,-0.006933264905151059f,0.8120501466265724f,-0.15379278887768097f,-0.08092025930361435f,-0.9847840827935131f,-0.054081164717554614f,0f,0f,0f,1f],start_interpolation:0}
execute if entity @s[tag=aj.percival.bone.torso] run data modify entity @s {} merge value {transformation:[-0.984807753012208f,0.0012039488160615647f,0.17364400396873525f,0.00045148080602309065f,0f,0.999975964630028f,-0.006933264905151059f,0.4999909867362605f,-0.17364817766693041f,-0.006827933032280214f,-0.9847840827935131f,-0.03381047488710508f,0f,0f,0f,1f],start_interpolation:0}
execute if entity @s[tag=aj.percival.bone.head] run data modify entity @s {} merge value {transformation:[-0.9961943343299793f,0.0012039488160615647f,0.08715158493164477f,0.0009029616120461774f,0.0006042738524747124f,0.999975964630028f,-0.006906881738977054f,0.874981973472521f,-0.08715780574314957f,-0.006827933032280214f,-0.996171117945379f,-0.03637094977421016f,0f,0f,0f,1f],start_interpolation:0}