execute if entity @s[tag=aj.percival.bone.rightarm] run data modify entity @s {} merge value {transformation:[-0.03196546058461708f,0.9994396172801936f,0.009932811305630895f,-0.29856894804417294f,0.998498177307312f,0.03237458566006892f,-0.04419588348833629f,0.8133063427060411f,-0.04449268752940231f,0.008505152212561179f,-0.9989735047248511f,-0.13759712903708265f,0f,0f,0f,1f],start_interpolation:0}
execute if entity @s[tag=aj.percival.bone.leftarm] run data modify entity @s {} merge value {transformation:[-0.8878281892931946f,-0.4261611272865406f,0.17363121806355056f,0.255385413025194f,-0.430469050312037f,0.9024971320372666f,0.013975814393505464f,0.8133063427060411f,-0.16265762515117535f,-0.062334743557455094f,-0.9847115703218918f,-0.039920029099434276f,0f,0f,0f,1f],start_interpolation:0}
execute if entity @s[tag=aj.percival.bone.torso] run data modify entity @s {} merge value {transformation:[-0.984807753012208f,-0.0024268747008434803f,0.17363121806355056f,-0.0009100780128163013f,-2.168404344971009e-19f,0.9999023335366501f,0.013975814393505464f,0.4999633750762438f,-0.17364817766693044f,0.01376349036938379f,-0.9847115703218918f,-0.02608869111148108f,0f,0f,0f,1f],start_interpolation:0}
execute if entity @s[tag=aj.percival.bone.head] run data modify entity @s {} merge value {transformation:[-0.9961932199649163f,-0.0024268747008434803f,0.0871388476806895f,-0.0018201560256326064f,-0.0012180724839693808f,0.9999023335366501f,0.013922632200324447f,0.8749267501524876f,-0.08716412562147223f,0.01376349036938379f,-0.9960988814056043f,-0.020927382222962157f,0f,0f,0f,1f],start_interpolation:0}