execute if entity @s[tag=aj.percival.bone.rightarm] run data modify entity @s {} merge value {transformation:[-0.028502702308534973f,0.999546209339727f,0.009745324812105549f,-0.29618284340600515f,0.9975343679363047f,0.02906811490695286f,-0.0638766740029054f,0.8121123652750646f,-0.06413096558627746f,0.00790063860321355f,-0.997910215982697f,-0.15112940089122928f,0f,0f,0f,1f],start_interpolation:0}
execute if entity @s[tag=aj.percival.bone.leftarm] run data modify entity @s {} merge value {transformation:[-0.8893218218836931f,-0.42302966143954157f,0.17364504791043028f,0.25777151766336187f,-0.43050333747029507f,0.9025690165594434f,-0.006003896556091811f,0.8121123652750646f,-0.15418681379549298f,-0.08009416888429434f,-0.9847900032810691f,-0.05345230095358094f,0f,0f,0f,1f],start_interpolation:0}
execute if entity @s[tag=aj.percival.bone.torso] run data modify entity @s {} merge value {transformation:[-0.984807753012208f,0.0010425656958661024f,0.17364504791043028f,0.0003909621359497923f,0f,0.9999819764506477f,-0.006003896556091811f,0.4999932411689929f,-0.17364817766693041f,-0.005912683876722511f,-0.9847900032810691f,-0.03346725645377094f,0f,0f,0f,1f],start_interpolation:0}
execute if entity @s[tag=aj.percival.bone.head] run data modify entity @s {} merge value {transformation:[-0.9961944253154931f,0.0010425656958661024f,0.08715262490082648f,0.0007819242718995807f,0.0005232740637262888f,0.9999819764506477f,-0.0059810499170699525f,0.8749864823379858f,-0.0871572897386592f,-0.005912683876722511f,-0.9961770159036925f,-0.035684512907541883f,0f,0f,0f,1f],start_interpolation:0}