execute if entity @s[tag=aj.percival.bone.rightarm] run data modify entity @s {} merge value {transformation:[-0.029344040223155426f,0.9995213567727487f,0.009797176049531037f,-0.29676242031091304f,0.9978052800644996f,0.029872901995956002f,-0.05909511656427776f,0.8124278252142925f,-0.05935950116693542f,0.008041584514489358f,-0.9982042789628327f,-0.14784245692735487f,0f,0f,0f,1f],start_interpolation:0}
execute if entity @s[tag=aj.percival.bone.leftarm] run data modify entity @s {} merge value {transformation:[-0.88895877399316f,-0.4237908071706011f,0.17364806333002436f,0.257191940758454f,-0.43051081334256863f,0.9025846900516061f,-0.0011475537313211121f,0.8124278252142925f,-0.1562457606967235f,-0.07577749693765716f,-0.9848071045753912f,-0.05016535698970648f,0f,0f,0f,1f],start_interpolation:0}
execute if entity @s[tag=aj.percival.bone.torso] run data modify entity @s {} merge value {transformation:[-0.984807753012208f,0.00019927061421879744f,0.17364806333002436f,0.00007472648033205286f,0f,0.9999993415600001f,-0.0011475537313211121f,0.49999975308500005f,-0.17364817766693047f,-0.0011301198116031195f,-0.9848071045753912f,-0.03167379492935117f,0f,0f,0f,1f],start_interpolation:0}
execute if entity @s[tag=aj.percival.bone.head] run data modify entity @s {} merge value {transformation:[-0.9961946881266275f,0.00019927061421879744f,0.08715562884583863f,0.0001494529606641019f,0.0001000158977961381f,0.9999993415600001f,-0.0011431869429174913f,0.8749995061700001f,-0.08715579926265067f,-0.0011301198116031195f,-0.9961940521224266f,-0.03209758985870234f,0f,0f,0f,1f],start_interpolation:0}