execute if entity @s[tag=aj.percival.bone.rightarm] run data modify entity @s {} merge value {transformation:[-0.029308885474458708f,0.9995224086706761f,0.009795090475084506f,-0.29673820089824277f,0.997794432636954f,0.029839292786278945f,-0.05929491381825082f,0.8124149700932378f,-0.059558873654092355f,0.008035618904897568f,-0.9981924510823909f,-0.1479798120421134f,0f,0f,0f,1f],start_interpolation:0}
execute if entity @s[tag=aj.percival.bone.leftarm] run data modify entity @s {} merge value {transformation:[-0.8889739418621875f,-0.42375900707188f,0.17364801932489346f,0.2572161601711242f,-0.43051070424440574f,0.9025844613225511f,-0.0013504480982593225f,0.8124149700932378f,-0.15615973943686642f,-0.07595784425939595f,-0.9848068550098925f,-0.050302712104465054f,0f,0f,0f,1f],start_interpolation:0}
execute if entity @s[tag=aj.percival.bone.torso] run data modify entity @s {} merge value {transformation:[-0.984807753012208f,0.00023450285129650316f,0.17364801932489346f,0.00008793856923619251f,1.3552527156068805e-20f,0.9999990881445512f,-0.0013504480982593225f,0.4999996580542067f,-0.17364817766693044f,-0.0013299317572063728f,-0.9848068550098925f,-0.03174872440895239f,0f,0f,0f,1f],start_interpolation:0}
execute if entity @s[tag=aj.percival.bone.head] run data modify entity @s {} merge value {transformation:[-0.9961946842913276f,0.00023450285129650316f,0.08715558500816054f,0.0001758771384723812f,0.00011769930704595374f,0.9999990881445512f,-0.0013453092355340177f,0.8749993161084134f,-0.08715582101371705f,-0.0013299317572063728f,-0.9961938035065999f,-0.03224744881790478f,0f,0f,0f,1f],start_interpolation:0}