execute if entity @s[tag=aj.elowen.bone.rightleg] run data modify entity @s {} merge value {transformation:[-0.9999451693655121f,-0.010090930073840829f,-0.0027984625818674932f,-0.375f,-0.010471784116245796f,0.9635776167394617f,0.267223723228537f,0.61875f,-1.2245796509863324e-16f,0.2672383760782569f,-0.963630453208623f,-0.23750000000000004f,0f,0f,0f,1f],start_interpolation:0}
execute if entity @s[tag=aj.elowen.bone.leftleg] run data modify entity @s {} merge value {transformation:[-0.9999451693655121f,0.010423574099432885f,-0.0010036760288507853f,-0.12499999999999997f,0.010471784116245796f,0.9953416201620555f,-0.09584049723680034f,0.61875f,-1.2245796509863324e-16f,-0.095845752520224f,-0.9953961983671789f,-0.2f,0f,0f,0f,1f],start_interpolation:0}
execute if entity @s[tag=aj.elowen.bone.head] run data modify entity @s {} merge value {transformation:[-1f,0f,1.2246467991473532e-16f,-0.24999999999999997f,0f,1f,0f,1.3375f,-1.2246467991473532e-16f,0f,-1f,-0.25000000000000006f,0f,0f,0f,1f],start_interpolation:0}
execute if entity @s[tag=aj.elowen.bone.rightarm] run data modify entity @s {} merge value {transformation:[-1f,2.858881176219238e-17f,1.1908097106021811e-16f,-0.59375f,0f,0.9723699203976766f,-0.23344536385590545f,1.24375f,-1.2246467991473532e-16f,-0.23344536385590545f,-0.9723699203976766f,-0.2500000000000001f,0f,0f,0f,1f],start_interpolation:0}
execute if entity @s[tag=aj.elowen.bone.leftarm] run data modify entity @s {} merge value {transformation:[-1f,-2.858881176219238e-17f,1.1908097106021811e-16f,0.09375000000000003f,0f,0.9723699203976766f,0.23344536385590545f,1.24375f,-1.2246467991473532e-16f,0.23344536385590545f,-0.9723699203976766f,-0.25f,0f,0f,0f,1f],start_interpolation:0}
execute if entity @s[tag=aj.elowen.bone.torso] run data modify entity @s {} merge value {transformation:[-1f,0f,1.2246467991473532e-16f,-0.24999999999999997f,0f,1f,0f,0.68125f,-1.2246467991473532e-16f,0f,-1f,-0.25000000000000006f,0f,0f,0f,1f],start_interpolation:0}