execute if entity @s[tag=aj.elowen.bone.rightleg] run data modify entity @s {} merge value {transformation:[-0.9999756307053947f,-0.006828703010549288f,-0.00145148563258796f,-0.375f,-0.006981260297961549f,0.9781237639667559f,0.2079066241565139f,0.63125f,-1.225701157541203e-16f,0.2079116908177593f,-0.9781476007338057f,-0.23125000000000007f,0f,0f,0f,1f],start_interpolation:0}
execute if entity @s[tag=aj.elowen.bone.leftleg] run data modify entity @s {} merge value {transformation:[-0.9999756307053947f,0.006977007502815377f,-0.00024364247074788744f,-0.12499999999999997f,0.006981260297961551f,0.9993664725696063f,-0.034898646226384215f,0.63125f,-1.2246169553687175e-16f,-0.03489949670250093f,-0.9993908270190958f,-0.20625f,0f,0f,0f,1f],start_interpolation:0}
execute if entity @s[tag=aj.elowen.bone.head] run data modify entity @s {} merge value {transformation:[-1f,0f,1.2246467991473532e-16f,-0.24999999999999997f,0f,1f,0f,1.35f,-1.2246467991473532e-16f,0f,-1f,-0.25000000000000006f,0f,0f,0f,1f],start_interpolation:0}
execute if entity @s[tag=aj.elowen.bone.rightarm] run data modify entity @s {} merge value {transformation:[-1f,1.9157696688784723e-17f,1.2095693648649962e-16f,-0.59375f,0f,0.9876883405951378f,-0.15643446504023084f,1.25625f,-1.2246467991473532e-16f,-0.15643446504023084f,-0.9876883405951378f,-0.2500000000000001f,0f,0f,0f,1f],start_interpolation:0}
execute if entity @s[tag=aj.elowen.bone.leftarm] run data modify entity @s {} merge value {transformation:[-1f,-1.9157696688784723e-17f,1.2095693648649962e-16f,0.09375000000000003f,0f,0.9876883405951378f,0.15643446504023084f,1.25625f,-1.2246467991473532e-16f,0.15643446504023084f,-0.9876883405951378f,-0.25f,0f,0f,0f,1f],start_interpolation:0}
execute if entity @s[tag=aj.elowen.bone.torso] run data modify entity @s {} merge value {transformation:[-1f,0f,1.2246467991473532e-16f,-0.24999999999999997f,0f,1f,0f,0.69375f,-1.2246467991473532e-16f,0f,-1f,-0.25000000000000006f,0f,0f,0f,1f],start_interpolation:0}