execute if entity @s[tag=aj.melissa.bone.rightleg] run data modify entity @s {} merge value {transformation:[-0.9999939076577904f,0.003489455256164695f,0.00009137460165723828f,-0.375f,0.003490651415223731f,0.9996512347210412f,0.026176788828946057f,0.64375f,-1.2247071008157472e-16f,0.02617694830787315f,-0.9996573249755573f,-0.21250000000000005f,0f,0f,0f,1f],start_interpolation:0}
execute if entity @s[tag=aj.melissa.bone.leftleg] run data modify entity @s {} merge value {transformation:[-0.9999939076577904f,-0.0034523096231230143f,-0.0005159511301428406f,-0.12499999999999997f,-0.0034906514152237317f,0.9890098379388265f,0.14780851062409622f,0.64375f,-1.2246393381799668e-16f,0.1478094111296106f,-0.9890158633619168f,-0.225f,0f,0f,0f,1f],start_interpolation:0}
execute if entity @s[tag=aj.melissa.bone.head] run data modify entity @s {} merge value {transformation:[-1f,0f,1.2246467991473532e-16f,-0.24999999999999997f,0f,1f,0f,1.3625f,-1.2246467991473532e-16f,0f,-1f,-0.25000000000000006f,0f,0f,0f,1f],start_interpolation:0}
execute if entity @s[tag=aj.melissa.bone.broom] run data modify entity @s {} merge value {transformation:[-1f,-8.659560562354933e-17f,8.659560562354934e-17f,-0.59375f,0f,0.7071067811865475f,0.7071067811865475f,0.520513465579722f,-1.2246467991473532e-16f,0.7071067811865475f,-0.7071067811865475f,-0.5408525632665668f,0f,0f,0f,1f],start_interpolation:0}
execute if entity @s[tag=aj.melissa.bone.rightarm] run data modify entity @s {} merge value {transformation:[-1f,-9.608468044710109e-18f,1.220871621770789e-16f,-0.59375f,0f,0.996917333733128f,0.07845909572784494f,1.26875f,-1.2246467991473532e-16f,0.07845909572784494f,-0.996917333733128f,-0.2500000000000001f,0f,0f,0f,1f],start_interpolation:0}
execute if entity @s[tag=aj.melissa.bone.leftarm] run data modify entity @s {} merge value {transformation:[-1f,9.608468044710109e-18f,1.220871621770789e-16f,0.09375000000000003f,0f,0.996917333733128f,-0.07845909572784494f,1.26875f,-1.2246467991473532e-16f,-0.07845909572784494f,-0.996917333733128f,-0.25f,0f,0f,0f,1f],start_interpolation:0}
execute if entity @s[tag=aj.melissa.bone.torso] run data modify entity @s {} merge value {transformation:[-1f,0f,1.2246467991473532e-16f,-0.24999999999999997f,0f,1f,0f,0.70625f,-1.2246467991473532e-16f,0f,-1f,-0.25000000000000006f,0f,0f,0f,1f],start_interpolation:0}