execute if entity @s[tag=aj.lysander.bone.rightarm] run data modify entity @s {} merge value {transformation:[-0.9982231838522033f,0.05231466029454093f,0.02852457779244177f,-0.3123728410761234f,0.05233595624294383f,0.9986295347545738f,0f,0.8125f,-0.028485485849936775f,0.0014928610551936798f,-0.9995930914435949f,-0.040163930560138054f,0f,0f,0f,1f],start_interpolation:0}
execute if entity @s[tag=aj.lysander.bone.leftarm] run data modify entity @s {} merge value {transformation:[-0.9982231838522033f,-0.051479721473404585f,0.030005224494926975f,0.3123728410761234f,-0.05233595624294382f,0.9982231838522033f,-0.02848548584993665f,0.8125f,-0.028485485849936775f,-0.030005224494926857f,-0.9991437652304609f,-0.022336069439861946f,0f,0f,0f,1f],start_interpolation:0}
execute if entity @s[tag=aj.lysander.bone.torso] run data modify entity @s {} merge value {transformation:[-0.9995930914435949f,0f,0.02852457779244177f,3.827021247335479e-18f,0f,1f,0f,0.5f,-0.02852457779244177f,0f,-0.9995930914435949f,-0.03125f,0f,0f,0f,1f],start_interpolation:0}
execute if entity @s[tag=aj.lysander.bone.head] run data modify entity @s {} merge value {transformation:[-0.9983726969235259f,0f,0.05702594179534025f,3.827021247335479e-18f,0f,1f,0f,0.875f,-0.05702594179534025f,0f,-0.9983726969235259f,-0.03125f,0f,0f,0f,1f],start_interpolation:0}