execute if entity @s[tag=aj.lysander.bone.rightarm] run data modify entity @s {} merge value {transformation:[-0.9139160663989565f,-0.39071488948969924f,0.10999681226703828f,-0.2859907110797234f,0.05233595624294382f,-0.38215897802103305f,-0.9226133877210196f,0.8125f,0.40251505718667785f,-0.8374344097593387f,0.3697096672918274f,0.09470857722328466f,0f,0f,0f,1f],start_interpolation:0}
execute if entity @s[tag=aj.lysander.bone.leftarm] run data modify entity @s {} merge value {transformation:[-0.9139160663989565f,0.10999681226703822f,-0.3907148894896991f,0.2859907110797234f,-0.05233595624294382f,0.9226133877210195f,0.382158978021033f,0.8125f,0.40251505718667785f,0.36970966729182725f,-0.8374344097593385f,-0.15720857722328466f,0f,0f,0f,1f],start_interpolation:0}
execute if entity @s[tag=aj.lysander.bone.torso] run data modify entity @s {} merge value {transformation:[-0.9151702754551149f,0f,-0.4030674471145109f,3.827021247335479e-18f,0f,1f,0f,0.5f,0.4030674471145109f,0f,-0.9151702754551149f,-0.03125f,0f,0f,0f,1f],start_interpolation:0}
execute if entity @s[tag=aj.lysander.bone.head] run data modify entity @s {} merge value {transformation:[-0.6733434844807029f,0f,-0.7393297991474342f,3.827021247335479e-18f,0f,1f,0f,0.875f,0.7393297991474342f,0f,-0.6733434844807029f,-0.03125f,0f,0f,0f,1f],start_interpolation:0}