execute if entity @s[tag=aj.lysander.bone.rightarm] run data modify entity @s {} merge value {transformation:[-0.9115708569895451f,-0.3413869137224826f,0.22911470451803007f,-0.2852568273771738f,0.05233595624294382f,-0.6490794845459338f,-0.7589181579233173f,0.8125f,0.4077983820118499f,-0.6798167384528148f,0.6095487525603626f,0.09636188202792578f,0f,0f,0f,1f],start_interpolation:0}
execute if entity @s[tag=aj.lysander.bone.leftarm] run data modify entity @s {} merge value {transformation:[-0.9115708569895451f,0.11213497927295013f,-0.39555570923803013f,0.2852568273771738f,-0.05233595624294382f,0.9226133877210195f,0.382158978021033f,0.8125f,0.4077983820118499f,0.3690667733912099f,-0.8351587851463447f,-0.15886188202792578f,0f,0f,0f,1f],start_interpolation:0}
execute if entity @s[tag=aj.lysander.bone.torso] run data modify entity @s {} merge value {transformation:[-0.9128218476069562f,0f,-0.40835802248936254f,3.827021247335479e-18f,0f,1f,0f,0.5f,0.40835802248936254f,0f,-0.9128218476069562f,-0.03125f,0f,0f,0f,1f],start_interpolation:0}
execute if entity @s[tag=aj.lysander.bone.head] run data modify entity @s {} merge value {transformation:[-0.6657271261363176f,0f,-0.7461952784132845f,3.827021247335479e-18f,0f,1f,0f,0.875f,0.7461952784132845f,0f,-0.6657271261363176f,-0.03125f,0f,0f,0f,1f],start_interpolation:0}