execute if entity @s[tag=aj.lysander.bone.rightarm] run data modify entity @s {} merge value {transformation:[-0.971202581231292f,0.050898570516289446f,-0.2327549821788436f,-0.3039173147521298f,0.05233595624294383f,0.9986295347545738f,0f,0.8125f,0.23243599956506772f,-0.01218145456263913f,-0.9725354072068153f,0.04148593193088862f,0f,0f,0f,1f],start_interpolation:0}
execute if entity @s[tag=aj.lysander.bone.leftarm] run data modify entity @s {} merge value {transformation:[-0.971202581231292f,-0.050898570516289446f,-0.2327549821788436f,0.3039173147521298f,-0.05233595624294383f,0.9986295347545738f,0f,0.8125f,0.23243599956506772f,0.01218145456263913f,-0.9725354072068153f,-0.10398593193088862f,0f,0f,0f,1f],start_interpolation:0}
execute if entity @s[tag=aj.lysander.bone.torso] run data modify entity @s {} merge value {transformation:[-0.9725354072068153f,0f,-0.2327549821788436f,3.827021247335479e-18f,0f,1f,0f,0.5f,0.2327549821788436f,0f,-0.9725354072068153f,-0.03125f,0f,0f,0f,1f],start_interpolation:0}
execute if entity @s[tag=aj.lysander.bone.head] run data modify entity @s {} merge value {transformation:[-0.7971617566941265f,0f,-0.6037657937183375f,3.827021247335479e-18f,0f,1f,0f,0.875f,0.6037657937183375f,0f,-0.7971617566941265f,-0.03125f,0f,0f,0f,1f],start_interpolation:0}