execute if entity @s[tag=aj.lysander.bone.rightarm] run data modify entity @s {} merge value {transformation:[-0.9221709549212749f,-0.08665254535854208f,-0.376951013107101f,-0.28857390391895626f,0.05233595624294383f,0.9376632227138809f,-0.3435820549067656f,0.8125f,0.3832253613524562f,-0.3365694833948925f,-0.8601507456623952f,0.08867227473231566f,0f,0f,0f,1f],start_interpolation:0}
execute if entity @s[tag=aj.lysander.bone.leftarm] run data modify entity @s {} merge value {transformation:[-0.9221709549212749f,-0.020653566216976723f,-0.38623070838827017f,0.28857390391895626f,-0.05233595624294382f,0.9960526244215192f,0.07169460974955259f,0.8125f,0.3832253613524562f,0.08632844018934274f,-0.9196117239524269f,-0.15117227473231565f,0f,0f,0f,1f],start_interpolation:0}
execute if entity @s[tag=aj.lysander.bone.torso] run data modify entity @s {} merge value {transformation:[-0.9234364925406601f,0f,-0.3837512791434101f,3.827021247335479e-18f,0f,1f,0f,0.5f,0.3837512791434101f,0f,-0.9234364925406601f,-0.03125f,0f,0f,0f,1f],start_interpolation:0}
execute if entity @s[tag=aj.lysander.bone.head] run data modify entity @s {} merge value {transformation:[-0.7051472001880312f,0f,-0.7090609466519648f,3.827021247335479e-18f,0f,1f,0f,0.875f,0.7090609466519648f,0f,-0.7051472001880312f,-0.03125f,0f,0f,0f,1f],start_interpolation:0}