execute if entity @s[tag=aj.lysander.bone.rightarm] run data modify entity @s {} merge value {transformation:[-0.9224980893306722f,0.013352148863865078f,-0.3857706511672136f,-0.2886762737161422f,0.05233595624294383f,0.994499344646397f,-0.09073037629164547f,0.8125f,0.3824372142788872f,-0.1038882746925951f,-0.9181225427555955f,0.08842564076854965f,0f,0f,0f,1f],start_interpolation:0}
execute if entity @s[tag=aj.lysander.bone.leftarm] run data modify entity @s {} merge value {transformation:[-0.9224980893306722f,-0.041287734656875f,-0.3837871781966697f,0.2886762737161422f,-0.05233595624294382f,0.998460297391215f,0.018384292686507455f,0.8125f,0.3824372142788872f,0.03704534384170277f,-0.9232385496903032f,-0.15092564076854964f,0f,0f,0f,1f],start_interpolation:0}
execute if entity @s[tag=aj.lysander.bone.torso] run data modify entity @s {} merge value {transformation:[-0.923764075891655f,0f,-0.3829620504593589f,3.827021247335479e-18f,0f,1f,0f,0.5f,0.3829620504593589f,0f,-0.923764075891655f,-0.03125f,0f,0f,0f,1f],start_interpolation:0}
execute if entity @s[tag=aj.lysander.bone.head] run data modify entity @s {} merge value {transformation:[-0.7044599037781688f,0f,-0.7097437875521371f,3.827021247335479e-18f,0f,1f,0f,0.875f,0.7097437875521371f,0f,-0.7044599037781688f,-0.03125f,0f,0f,0f,1f],start_interpolation:0}