execute if entity @s[tag=aj.lysander.bone.rightarm] run data modify entity @s {} merge value {transformation:[-0.9658461909599054f,-0.2541044926570871f,-0.050715305576580674f,-0.30224114566083643f,0.05233595624294382f,0.00038296962074513274f,-0.9986294613210679f,0.8125f,0.2537756550427528f,-0.9671766954107992f,0.01292891185938667f,0.048163725952287656f,0f,0f,0f,1f],start_interpolation:0}
execute if entity @s[tag=aj.lysander.bone.leftarm] run data modify entity @s {} merge value {transformation:[-0.9658461909599054f,0.015622814079346105f,-0.258644665687278f,0.30224114566083643f,-0.05233595624294382f,0.9658461909599055f,0.25377565504275296f,0.8125f,0.2537756550427528f,0.25864466568727806f,-0.93204122967771f,-0.11066372595228766f,0f,0f,0f,1f],start_interpolation:0}
execute if entity @s[tag=aj.lysander.bone.torso] run data modify entity @s {} merge value {transformation:[-0.9671716661146765f,0f,-0.2541239230473205f,3.827021247335479e-18f,0f,1f,0f,0.5f,0.2541239230473205f,0f,-0.9671716661146765f,-0.03125f,0f,0f,0f,1f],start_interpolation:0}
execute if entity @s[tag=aj.lysander.bone.head] run data modify entity @s {} merge value {transformation:[-0.8708420634700789f,0f,-0.4915629161065498f,3.827021247335479e-18f,0f,1f,0f,0.875f,0.4915629161065498f,0f,-0.8708420634700789f,-0.03125f,0f,0f,0f,1f],start_interpolation:0}