execute if entity @s[tag=aj.lysander.bone.rightarm] run data modify entity @s {} merge value {transformation:[-0.9120706942172844f,0.0477995996330696f,-0.4072373350086152f,-0.2854132408700983f,0.05233595624294383f,0.9986295347545738f,0f,0.8125f,0.4066792303943459f,-0.02131315534550394f,-0.9133223707843146f,0.09601166719019225f,0f,0f,0f,1f],start_interpolation:0}
execute if entity @s[tag=aj.lysander.bone.leftarm] run data modify entity @s {} merge value {transformation:[-0.9120706942172844f,-0.0477995996330696f,-0.4072373350086152f,0.2854132408700983f,-0.05233595624294383f,0.9986295347545738f,0f,0.8125f,0.4066792303943459f,0.02131315534550394f,-0.9133223707843146f,-0.15851166719019225f,0f,0f,0f,1f],start_interpolation:0}
execute if entity @s[tag=aj.lysander.bone.torso] run data modify entity @s {} merge value {transformation:[-0.9133223707843146f,0f,-0.4072373350086152f,3.827021247335479e-18f,0f,1f,0f,0.5f,0.4072373350086152f,0f,-0.9133223707843146f,-0.03125f,0f,0f,0f,1f],start_interpolation:0}
execute if entity @s[tag=aj.lysander.bone.head] run data modify entity @s {} merge value {transformation:[-0.6718215965984713f,0f,-0.7407129959328924f,3.827021247335479e-18f,0f,1f,0f,0.875f,0.7407129959328924f,0f,-0.6718215965984713f,-0.03125f,0f,0f,0f,1f],start_interpolation:0}