execute if entity @s[tag=aj.lysander.bone.rightarm] run data modify entity @s {} merge value {transformation:[-0.9585374688737466f,0.05023482010326028f,-0.2805038032082709f,-0.29995403560406647f,0.05233595624294383f,0.9986295347545738f,0f,0.8125f,0.2801193824947641f,-0.014680434770687392f,-0.9598529139330128f,0.05640743850258466f,0f,0f,0f,1f],start_interpolation:0}
execute if entity @s[tag=aj.lysander.bone.leftarm] run data modify entity @s {} merge value {transformation:[-0.9585374688737466f,-0.05023482010326028f,-0.2805038032082709f,0.29995403560406647f,-0.05233595624294383f,0.9986295347545738f,0f,0.8125f,0.2801193824947641f,0.014680434770687392f,-0.9598529139330128f,-0.11890743850258466f,0f,0f,0f,1f],start_interpolation:0}
execute if entity @s[tag=aj.lysander.bone.torso] run data modify entity @s {} merge value {transformation:[-0.9598529139330128f,0f,-0.2805038032082709f,3.827021247335479e-18f,0f,1f,0f,0.5f,0.2805038032082709f,0f,-0.9598529139330128f,-0.03125f,0f,0f,0f,1f],start_interpolation:0}
execute if entity @s[tag=aj.lysander.bone.head] run data modify entity @s {} merge value {transformation:[-0.7638574039814187f,0f,-0.6453850528039582f,3.827021247335479e-18f,0f,1f,0f,0.875f,0.6453850528039582f,0f,-0.7638574039814187f,-0.03125f,0f,0f,0f,1f],start_interpolation:0}