execute if entity @s[tag=aj.lysander.bone.rightarm] run data modify entity @s {} merge value {transformation:[-0.9113484444223487f,-0.3283545694416925f,0.24824844324935003f,-0.2851872280664885f,0.05233595624294383f,-0.6906112429797893f,-0.7213300622835896f,0.8125f,0.4082951879867085f,-0.6443907105139485f,0.6465722323686868f,0.09651734695434766f,0f,0f,0f,1f],start_interpolation:0}
execute if entity @s[tag=aj.lysander.bone.leftarm] run data modify entity @s {} merge value {transformation:[-0.9113484444223487f,0.11233612847548859f,-0.396010867386368f,0.2851872280664885f,-0.05233595624294382f,0.9226133877210195f,0.382158978021033f,0.8125f,0.4082951879867085f,0.3690055975687661f,-0.8349430569983896f,-0.15901734695434766f,0f,0f,0f,1f],start_interpolation:0}
execute if entity @s[tag=aj.lysander.bone.torso] run data modify entity @s {} merge value {transformation:[-0.9125991298127633f,0f,-0.4088555102539125f,3.827021247335479e-18f,0f,1f,0f,0.5f,0.4088555102539125f,0f,-0.9125991298127633f,-0.03125f,0f,0f,0f,1f],start_interpolation:0}
execute if entity @s[tag=aj.lysander.bone.head] run data modify entity @s {} merge value {transformation:[-0.6652352196568904f,0f,-0.746633847697818f,3.827021247335479e-18f,0f,1f,0f,0.875f,0.746633847697818f,0f,-0.6652352196568904f,-0.03125f,0f,0f,0f,1f],start_interpolation:0}