execute if entity @s[tag=aj.lysander.bone.rightarm] run data modify entity @s {} merge value {transformation:[-0.9211718083747568f,0.10220396504945417f,-0.3754954713225581f,-0.2882612421310555f,0.052335956242943814f,0.9886668647015073f,0.1407081316961744f,0.8125f,0.38562085931613815f,0.10996444957103746f,-0.9160809858799721f,0.08942189517472986f,0f,0f,0f,1f],start_interpolation:0}
execute if entity @s[tag=aj.lysander.bone.leftarm] run data modify entity @s {} merge value {transformation:[-0.9211718083747568f,-0.05917395422330128f,-0.3846309173703523f,0.2882612421310555f,-0.05233595624294382f,0.9982303901693046f,-0.02823182294104607f,0.8125f,0.38562085931613815f,-0.0058763325311412574f,-0.9226386191658501f,-0.15192189517472987f,0f,0f,0f,1f],start_interpolation:0}
execute if entity @s[tag=aj.lysander.bone.torso] run data modify entity @s {} merge value {transformation:[-0.9224359748193776f,0f,-0.38615006455913553f,3.827021247335479e-18f,0f,1f,0f,0.5f,0.38615006455913553f,0f,-0.9224359748193776f,-0.03125f,0f,0f,0f,1f],start_interpolation:0}
execute if entity @s[tag=aj.lysander.bone.head] run data modify entity @s {} merge value {transformation:[-0.6973561145079114f,0f,-0.7167248074110655f,3.827021247335479e-18f,0f,1f,0f,0.875f,0.7167248074110655f,0f,-0.6973561145079114f,-0.03125f,0f,0f,0f,1f],start_interpolation:0}