execute if entity @s[tag=aj.lysander.bone.rightarm] run data modify entity @s {} merge value {transformation:[-0.9146536478517936f,-0.38568649652709036f,0.12105631279725039f,-0.2862215216015334f,0.052335956242943835f,-0.4099309388876857f,-0.9106138440781566f,0.8125f,0.4008361911748285f,-0.8265606763809413f,0.39513010022666867f,0.09418321159925286f,0f,0f,0f,1f],start_interpolation:0}
execute if entity @s[tag=aj.lysander.bone.leftarm] run data modify entity @s {} merge value {transformation:[-0.9146536478517936f,0.11036207983289698f,-0.3888816218418714f,0.2862215216015334f,-0.05233595624294383f,0.9215841716853345f,0.3846343226795974f,0.8125f,0.4008361911748285f,0.37215967787229887f,-0.83715441945345f,-0.15668321159925286f,0f,0f,0f,1f],start_interpolation:0}
execute if entity @s[tag=aj.lysander.bone.torso] run data modify entity @s {} merge value {transformation:[-0.9159088691249069f,0f,-0.40138627711760916f,3.827021247335479e-18f,0f,1f,0f,0.5f,0.40138627711760916f,0f,-0.9159088691249069f,-0.03125f,0f,0f,0f,1f],start_interpolation:0}
execute if entity @s[tag=aj.lysander.bone.head] run data modify entity @s {} merge value {transformation:[-0.6760153369834239f,0f,-0.7368875519122221f,3.827021247335479e-18f,0f,1f,0f,0.875f,0.7368875519122221f,0f,-0.6760153369834239f,-0.03125f,0f,0f,0f,1f],start_interpolation:0}