execute if entity @s[tag=aj.lysander.bone.rightarm] run data modify entity @s {} merge value {transformation:[-0.9219366168434613f,0.10308526505189175f,-0.37337153433599335f,-0.28850057277185104f,0.052335956242943814f,0.9882481575738672f,0.1436193814775488f,0.8125f,0.38378877290427516f,0.11286721038919247f,-0.916497228916483f,0.08884858246588041f,0f,0f,0f,1f],start_interpolation:0}
execute if entity @s[tag=aj.lysander.bone.leftarm] run data modify entity @s {} merge value {transformation:[-0.9219366168434613f,-0.05938763004609883f,-0.38276100104469934f,0.28850057277185104f,-0.05233595624294382f,0.9982135870717241f,-0.028819824245442178f,0.8125f,0.38378877290427516f,-0.006537888260685364f,-0.923397765759546f,-0.1513485824658804f,0f,0f,0f,1f],start_interpolation:0}
execute if entity @s[tag=aj.lysander.bone.torso] run data modify entity @s {} merge value {transformation:[-0.9232018328699233f,0f,-0.38431546389081733f,3.827021247335479e-18f,0f,1f,0f,0.5f,0.38431546389081733f,0f,-0.9232018328699233f,-0.03125f,0f,0f,0f,1f],start_interpolation:0}
execute if entity @s[tag=aj.lysander.bone.head] run data modify entity @s {} merge value {transformation:[-0.6998234533087905f,0f,-0.7143158504463969f,3.827021247335479e-18f,0f,1f,0f,0.875f,0.7143158504463969f,0f,-0.6998234533087905f,-0.03125f,0f,0f,0f,1f],start_interpolation:0}