execute if entity @s[tag=aj.lysander.bone.rightarm] run data modify entity @s {} merge value {transformation:[-0.9138079154024301f,-0.33762929443469564f,0.22574665731167437f,-0.2859568675118754f,0.05233595624294382f,-0.6490794845459338f,-0.7589181579233173f,0.8125f,0.40276052615915786f,-0.6816907526739043f,0.6108041226832739f,0.09478539154854779f,0f,0f,0f,1f],start_interpolation:0}
execute if entity @s[tag=aj.lysander.bone.leftarm] run data modify entity @s {} merge value {transformation:[-0.9138079154024301f,0.1100961145961879f,-0.3909398154431038f,0.2859568675118754f,-0.05233595624294382f,0.9226133877210195f,0.382158978021033f,0.8125f,0.40276052615915786f,0.36968010813237806f,-0.8373294311196947f,-0.1572853915485478f,0f,0f,0f,1f],start_interpolation:0}
execute if entity @s[tag=aj.lysander.bone.torso] run data modify entity @s {} merge value {transformation:[-0.9150619760380012f,0f,-0.4033132529553529f,3.827021247335479e-18f,0f,1f,0f,0.5f,0.4033132529553529f,0f,-0.9150619760380012f,-0.03125f,0f,0f,0f,1f],start_interpolation:0}
execute if entity @s[tag=aj.lysander.bone.head] run data modify entity @s {} merge value {transformation:[-0.6793396539287266f,0f,-0.7338239806656619f,3.827021247335479e-18f,0f,1f,0f,0.875f,0.7338239806656619f,0f,-0.6793396539287266f,-0.03125f,0f,0f,0f,1f],start_interpolation:0}