execute if entity @s[tag=aj.lysander.bone.rightarm] run data modify entity @s {} merge value {transformation:[-0.9198230888375232f,-0.290012407803822f,0.26423150561813696f,-0.28783918886633897f,0.05233595624294383f,-0.758168719170885f,-0.6499547222344926f,0.8125f,0.3888269961377869f,-0.5840145516942274f,0.7125591698124838f,0.0904251879093188f,0f,0f,0f,1f],start_interpolation:0}
execute if entity @s[tag=aj.lysander.bone.leftarm] run data modify entity @s {} merge value {transformation:[-0.9198230888375232f,0.11486616987017864f,-0.37514163759939145f,0.28783918886633897f,-0.05233595624294383f,0.911711007476028f,0.4074849525211732f,0.8125f,0.3888269961377869f,0.39444746401314507f,-0.83260120418365f,-0.1529251879093188f,0f,0f,0f,1f],start_interpolation:0}
execute if entity @s[tag=aj.lysander.bone.torso] run data modify entity @s {} merge value {transformation:[-0.9210854043722847f,0f,-0.3893606013098202f,3.827021247335479e-18f,0f,1f,0f,0.5f,0.3893606013098202f,0f,-0.9210854043722847f,-0.03125f,0f,0f,0f,1f],start_interpolation:0}
execute if entity @s[tag=aj.lysander.bone.head] run data modify entity @s {} merge value {transformation:[-0.6959049172701766f,0f,-0.7181339332737233f,3.827021247335479e-18f,0f,1f,0f,0.875f,0.7181339332737233f,0f,-0.6959049172701766f,-0.03125f,0f,0f,0f,1f],start_interpolation:0}