execute if entity @s[tag=aj.lysander.bone.rightarm] run data modify entity @s {} merge value {transformation:[-0.9157532980998273f,-0.31823456993271776f,0.24519921598371114f,-0.2865656338979867f,0.05233595624294382f,-0.6996405576027025f,-0.7125756365758765f,0.8125f,0.39831751744484595f,-0.6397107539014154f,0.6573532586360677f,0.09339504590494163f,0f,0f,0f,1f],start_interpolation:0}
execute if entity @s[tag=aj.lysander.bone.leftarm] run data modify entity @s {} merge value {transformation:[-0.9157532980998273f,0.11272136639437894f,-0.3856031516695276f,0.2865656338979867f,-0.05233595624294383f,0.918177696458171f,0.3926966582629694f,0.8125f,0.39831751744484595f,0.37979416963001267f,-0.8349248732740112f,-0.15589504590494163f,0f,0f,0f,1f],start_interpolation:0}
execute if entity @s[tag=aj.lysander.bone.torso] run data modify entity @s {} merge value {transformation:[-0.9170100284735576f,0f,-0.39886414689581323f,3.827021247335479e-18f,0f,1f,0f,0.5f,0.39886414689581323f,0f,-0.9170100284735576f,-0.03125f,0f,0f,0f,1f],start_interpolation:0}
execute if entity @s[tag=aj.lysander.bone.head] run data modify entity @s {} merge value {transformation:[-0.6873820868863133f,0f,-0.7262959910586158f,3.827021247335479e-18f,0f,1f,0f,0.875f,0.7262959910586158f,0f,-0.6873820868863133f,-0.03125f,0f,0f,0f,1f],start_interpolation:0}