execute if entity @s[tag=aj.lysander.bone.rightarm] run data modify entity @s {} merge value {transformation:[-0.9140362358174664f,0.04790260930342358f,-0.4027941156900884f,-0.28602831555863917f,0.05233595624294383f,0.9986295347545738f,0f,0.8125f,0.40224210035347296f,-0.02108061521367172f,-0.9152906097876453f,0.09462316115315261f,0f,0f,0f,1f],start_interpolation:0}
execute if entity @s[tag=aj.lysander.bone.leftarm] run data modify entity @s {} merge value {transformation:[-0.9140362358174664f,-0.04790260930342358f,-0.4027941156900884f,0.28602831555863917f,-0.05233595624294383f,0.9986295347545738f,0f,0.8125f,0.40224210035347296f,0.02108061521367172f,-0.9152906097876453f,-0.1571231611531526f,0f,0f,0f,1f],start_interpolation:0}
execute if entity @s[tag=aj.lysander.bone.torso] run data modify entity @s {} merge value {transformation:[-0.9152906097876453f,0f,-0.4027941156900884f,3.827021247335479e-18f,0f,1f,0f,0.5f,0.4027941156900884f,0f,-0.9152906097876453f,-0.03125f,0f,0f,0f,1f],start_interpolation:0}
execute if entity @s[tag=aj.lysander.bone.head] run data modify entity @s {} merge value {transformation:[-0.6775173155966498f,0f,-0.7355068232631902f,3.827021247335479e-18f,0f,1f,0f,0.875f,0.7355068232631902f,0f,-0.6775173155966498f,-0.03125f,0f,0f,0f,1f],start_interpolation:0}