execute if entity @s[tag=aj.lysander.bone.rightarm] run data modify entity @s {} merge value {transformation:[-0.9142730173835525f,0.04791501849947731f,-0.40225489516793816f,-0.28610241134373937f,0.05233595624294383f,0.9986295347545738f,0f,0.8125f,0.40170361881430794f,-0.02105239459201917f,-0.915527716299966f,0.09445465473998069f,0f,0f,0f,1f],start_interpolation:0}
execute if entity @s[tag=aj.lysander.bone.leftarm] run data modify entity @s {} merge value {transformation:[-0.9142730173835525f,-0.04791501849947731f,-0.40225489516793816f,0.28610241134373937f,-0.05233595624294383f,0.9986295347545738f,0f,0.8125f,0.40170361881430794f,0.02105239459201917f,-0.915527716299966f,-0.1569546547399807f,0f,0f,0f,1f],start_interpolation:0}
execute if entity @s[tag=aj.lysander.bone.torso] run data modify entity @s {} merge value {transformation:[-0.915527716299966f,0f,-0.40225489516793816f,3.827021247335479e-18f,0f,1f,0f,0.5f,0.40225489516793816f,0f,-0.915527716299966f,-0.03125f,0f,0f,0f,1f],start_interpolation:0}
execute if entity @s[tag=aj.lysander.bone.head] run data modify entity @s {} merge value {transformation:[-0.6712991437277027f,0f,-0.7411865214846081f,3.827021247335479e-18f,0f,1f,0f,0.875f,0.7411865214846081f,0f,-0.6712991437277027f,-0.03125f,0f,0f,0f,1f],start_interpolation:0}