execute if entity @s[tag=aj.lysander.bone.rightarm] run data modify entity @s {} merge value {transformation:[-0.9183211319861391f,-0.38140934427529927f,0.10589244848988193f,-0.2873691832238833f,0.05233595624294382f,-0.38215897802103305f,-0.9226133877210196f,0.8125f,0.39236111712532457f,-0.8417133880469088f,0.37090608804758307f,0.09153111635442229f,0f,0f,0f,1f],start_interpolation:0}
execute if entity @s[tag=aj.lysander.bone.leftarm] run data modify entity @s {} merge value {transformation:[-0.9183211319861391f,0.10589244848988184f,-0.3814093442752992f,0.2873691832238833f,-0.05233595624294382f,0.9226133877210195f,0.382158978021033f,0.8125f,0.39236111712532457f,0.37090608804758296f,-0.8417133880469085f,-0.1540311163544223f,0f,0f,0f,1f],start_interpolation:0}
execute if entity @s[tag=aj.lysander.bone.torso] run data modify entity @s {} merge value {transformation:[-0.9195813863164265f,0f,-0.39289957233415135f,3.827021247335479e-18f,0f,1f,0f,0.5f,0.39289957233415135f,0f,-0.9195813863164265f,-0.03125f,0f,0f,0f,1f],start_interpolation:0}
execute if entity @s[tag=aj.lysander.bone.head] run data modify entity @s {} merge value {transformation:[-0.6967666863995255f,0f,-0.7172978354378501f,3.827021247335479e-18f,0f,1f,0f,0.875f,0.7172978354378501f,0f,-0.6967666863995255f,-0.03125f,0f,0f,0f,1f],start_interpolation:0}