execute if entity @s[tag=aj.lysander.bone.rightarm] run data modify entity @s {} merge value {transformation:[-0.9164189842618738f,-0.3544474361434884f,0.18585817252879355f,-0.28677394630854514f,0.05233595624294382f,-0.5665344187411767f,-0.8223744281443419f,0.8125f,0.3967835593476269f,-0.7439124729381168f,0.5377332420806096f,0.09291502614916827f,0f,0f,0f,1f],start_interpolation:0}
execute if entity @s[tag=aj.lysander.bone.leftarm] run data modify entity @s {} merge value {transformation:[-0.9164189842618738f,0.11431493915931847f,-0.3835470505289233f,0.28677394630854514f,-0.05233595624294383f,0.9158813089883899f,0.39802308416704946f,0.8125f,0.3967835593476269f,0.3848292121587377f,-0.8333482372338189f,-0.15541502614916827f,0f,0f,0f,1f],start_interpolation:0}
execute if entity @s[tag=aj.lysander.bone.torso] run data modify entity @s {} merge value {transformation:[-0.9176766281873445f,0f,-0.39732808367733846f,3.827021247335479e-18f,0f,1f,0f,0.5f,0.39732808367733846f,0f,-0.9176766281873445f,-0.03125f,0f,0f,0f,1f],start_interpolation:0}
execute if entity @s[tag=aj.lysander.bone.head] run data modify entity @s {} merge value {transformation:[-0.6826281772480086f,0f,-0.730765880174397f,3.827021247335479e-18f,0f,1f,0f,0.875f,0.730765880174397f,0f,-0.6826281772480086f,-0.03125f,0f,0f,0f,1f],start_interpolation:0}