execute if entity @s[tag=aj.lysander.bone.rightarm] run data modify entity @s {} merge value {transformation:[-0.9984063958485505f,0.052324262028407495f,0.021138598153379238f,-0.312430173396935f,0.05233595624294383f,0.9986295347545738f,0f,0.8125f,-0.021109628439273f,0.001106308747992429f,-0.999776554870192f,-0.03785581192293101f,0f,0f,0f,1f],start_interpolation:0}
execute if entity @s[tag=aj.lysander.bone.leftarm] run data modify entity @s {} merge value {transformation:[-0.9984063958485505f,-0.051865730094996405f,0.022239936385261515f,0.312430173396935f,-0.05233595624294382f,0.9984063958485505f,-0.02110962843927288f,0.8125f,-0.021109628439273f,-0.0222399363852614f,-0.9995297738520527f,-0.024644188077068988f,0f,0f,0f,1f],start_interpolation:0}
execute if entity @s[tag=aj.lysander.bone.torso] run data modify entity @s {} merge value {transformation:[-0.999776554870192f,0f,0.021138598153379238f,3.827021247335479e-18f,0f,1f,0f,0.5f,-0.021138598153379238f,0f,-0.999776554870192f,-0.03125f,0f,0f,0f,1f],start_interpolation:0}
execute if entity @s[tag=aj.lysander.bone.head] run data modify entity @s {} merge value {transformation:[-0.9991063193362201f,0f,0.042267749673141675f,3.827021247335479e-18f,0f,1f,0f,0.875f,-0.042267749673141675f,0f,-0.9991063193362201f,-0.03125f,0f,0f,0f,1f],start_interpolation:0}