execute if entity @s[tag=aj.lysander.bone.rightarm] run data modify entity @s {} merge value {transformation:[-0.9983913510085276f,0.05232347356175223f,0.0218395134057408f,-0.31242546543232597f,0.05233595624294383f,0.9986295347545738f,0f,0.8125f,-0.021809583111641214f,0.0011429918179700356f,-0.9997614893834431f,-0.038074847939294f,0f,0f,0f,1f],start_interpolation:0}
execute if entity @s[tag=aj.lysander.bone.leftarm] run data modify entity @s {} merge value {transformation:[-0.9983913510085276f,-0.05183402951201309f,0.0229770236522199f,0.31242546543232597f,-0.05233595624294383f,0.9983913510085277f,-0.021809583111641096f,0.8125f,-0.021809583111641214f,-0.022977023652219784f,-0.9994980732690693f,-0.024425152060706f,0f,0f,0f,1f],start_interpolation:0}
execute if entity @s[tag=aj.lysander.bone.torso] run data modify entity @s {} merge value {transformation:[-0.9997614893834431f,0f,0.0218395134057408f,3.827021247335479e-18f,0f,1f,0f,0.5f,-0.0218395134057408f,0f,-0.9997614893834431f,-0.03125f,0f,0f,0f,1f],start_interpolation:0}
execute if entity @s[tag=aj.lysander.bone.head] run data modify entity @s {} merge value {transformation:[-0.9990460713084008f,0f,0.04366860889986607f,3.827021247335479e-18f,0f,1f,0f,0.875f,-0.04366860889986607f,0f,-0.9990460713084008f,-0.03125f,0f,0f,0f,1f],start_interpolation:0}