execute if entity @s[tag=aj.lysander.bone.rightarm] run data modify entity @s {} merge value {transformation:[-0.9152463871903257f,-0.31706523081509413f,0.2485833665859954f,-0.28640700684590564f,0.05233595624294382f,-0.705328799558018f,-0.7069457066834636f,0.8125f,0.39948091120752316f,-0.6340196557853833f,0.6621435476228631f,0.0937591053866452f,0f,0f,0f,1f],start_interpolation:0}
execute if entity @s[tag=aj.lysander.bone.leftarm] run data modify entity @s {} merge value {transformation:[-0.9152463871903257f,0.11010147837552575f,-0.38755866032715613f,0.28640700684590564f,-0.05233595624294383f,0.9212953522086157f,0.3853256047590653f,0.8125f,0.39948091120752316f,0.3729511207361179f,-0.8374499764896293f,-0.1562591053866452f,0f,0f,0f,1f],start_interpolation:0}
execute if entity @s[tag=aj.lysander.bone.torso] run data modify entity @s {} merge value {transformation:[-0.916502421906898f,0f,-0.40002913723726463f,3.827021247335479e-18f,0f,1f,0f,0.5f,0.40002913723726463f,0f,-0.916502421906898f,-0.03125f,0f,0f,0f,1f],start_interpolation:0}
execute if entity @s[tag=aj.lysander.bone.head] run data modify entity @s {} merge value {transformation:[-0.6853612409051404f,0f,-0.7282032473595308f,3.827021247335479e-18f,0f,1f,0f,0.875f,0.7282032473595308f,0f,-0.6853612409051404f,-0.03125f,0f,0f,0f,1f],start_interpolation:0}