execute if entity @s[tag=aj.lysander.bone.rightarm] run data modify entity @s {} merge value {transformation:[-0.9201940162459924f,-0.37583832722410404f,-0.10949211959980212f,-0.2879552627567183f,0.05233595624294382f,0.15907549028460288f,-0.985878256213641f,0.8125f,0.38794834726959043f,-0.9129296468951482f,-0.12671045604326714f,0.09015023332230186f,0f,0f,0f,1f],start_interpolation:0}
execute if entity @s[tag=aj.lysander.bone.leftarm] run data modify entity @s {} merge value {transformation:[-0.9201940162459924f,0.06408589630497565f,-0.38618126619485055f,0.2879552627567183f,-0.05233595624294383f,0.9575124649761763f,0.2836032917640123f,0.8125f,0.38794834726959043f,0.28118121791832873f,-0.8777432440872208f,-0.15265023332230188f,0f,0f,0f,1f],start_interpolation:0}
execute if entity @s[tag=aj.lysander.bone.torso] run data modify entity @s {} merge value {transformation:[-0.9214568408214985f,0f,-0.38848074663136595f,3.827021247335479e-18f,0f,1f,0f,0.5f,0.38848074663136595f,0f,-0.9214568408214985f,-0.03125f,0f,0f,0f,1f],start_interpolation:0}
execute if entity @s[tag=aj.lysander.bone.head] run data modify entity @s {} merge value {transformation:[-0.7023481904006311f,0f,-0.7118335616146226f,3.827021247335479e-18f,0f,1f,0f,0.875f,0.7118335616146226f,0f,-0.7023481904006311f,-0.03125f,0f,0f,0f,1f],start_interpolation:0}