execute if entity @s[tag=aj.lysander.bone.rightarm] run data modify entity @s {} merge value {transformation:[-0.9982164997535715f,0.052314309995775125f,0.028758174305644733f,-0.31237074942877097f,0.05233595624294383f,0.9986295347545738f,0f,0.8125f,-0.02871876222723694f,0.0015050865520871743f,-0.9995863981720671f,-0.04023692947051398f,0f,0f,0f,1f],start_interpolation:0}
execute if entity @s[tag=aj.lysander.bone.leftarm] run data modify entity @s {} merge value {transformation:[-0.9982164997535715f,-0.05146564011213997f,0.030250743917721933f,0.31237074942877097f,-0.05233595624294382f,0.9982164997535715f,-0.028718762227236818f,0.8125f,-0.02871876222723694f,-0.030250743917721812f,-0.9991296838691962f,-0.02226307052948602f,0f,0f,0f,1f],start_interpolation:0}
execute if entity @s[tag=aj.lysander.bone.torso] run data modify entity @s {} merge value {transformation:[-0.9995863981720671f,0f,0.028758174305644733f,3.827021247335479e-18f,0f,1f,0f,0.5f,-0.028758174305644733f,0f,-0.9995863981720671f,-0.03125f,0f,0f,0f,1f],start_interpolation:0}
execute if entity @s[tag=aj.lysander.bone.head] run data modify entity @s {} merge value {transformation:[-0.9983459348212124f,0f,0.05749255974436769f,3.827021247335479e-18f,0f,1f,0f,0.875f,-0.05749255974436769f,0f,-0.9983459348212124f,-0.03125f,0f,0f,0f,1f],start_interpolation:0}