execute if entity @s[tag=aj.lysander.bone.rightarm] run data modify entity @s {} merge value {transformation:[-0.911711007476028f,0.0477807492497228f,-0.4080441628649786f,-0.28530068450887447f,0.05233595624294383f,0.9986295347545738f,0f,0.8125f,0.4074849525211731f,-0.021355381452890163f,-0.9129621904283982f,0.09626380089530581f,0f,0f,0f,1f],start_interpolation:0}
execute if entity @s[tag=aj.lysander.bone.leftarm] run data modify entity @s {} merge value {transformation:[-0.911711007476028f,-0.0477807492497228f,-0.4080441628649786f,0.28530068450887447f,-0.05233595624294383f,0.9986295347545738f,0f,0.8125f,0.4074849525211731f,0.021355381452890163f,-0.9129621904283982f,-0.1587638008953058f,0f,0f,0f,1f],start_interpolation:0}
execute if entity @s[tag=aj.lysander.bone.torso] run data modify entity @s {} merge value {transformation:[-0.9129621904283982f,0f,-0.4080441628649786f,3.827021247335479e-18f,0f,1f,0f,0.5f,0.4080441628649786f,0f,-0.9129621904283982f,-0.03125f,0f,0f,0f,1f],start_interpolation:0}
execute if entity @s[tag=aj.lysander.bone.head] run data modify entity @s {} merge value {transformation:[-0.6677255059817004f,0f,-0.74440758235088f,3.827021247335479e-18f,0f,1f,0f,0.875f,0.74440758235088f,0f,-0.6677255059817004f,-0.03125f,0f,0f,0f,1f],start_interpolation:0}