execute if entity @s[tag=aj.lysander.bone.rightarm] run data modify entity @s {} merge value {transformation:[-0.921659667256614f,-0.2057312749277852f,-0.3289651961363322f,-0.2884139072538809f,0.05233595624294382f,0.7741827083679637f,-0.6307948016179122f,0.8125f,0.3844533852582964f,-0.5985948350768093f,-0.702765834387816f,0.08905655885091962f,0f,0f,0f,1f],start_interpolation:0}
execute if entity @s[tag=aj.lysander.bone.leftarm] run data modify entity @s {} merge value {transformation:[-0.921659667256614f,0.0060135249904132715f,-0.3879526972062665f,0.2884139072538809f,-0.05233595624294383f,0.9888152029503311f,0.1396618849165086f,0.8125f,0.3844533852582964f,0.14902460176590004f,-0.9110363673487194f,-0.15155655885091962f,0f,0f,0f,1f],start_interpolation:0}
execute if entity @s[tag=aj.lysander.bone.torso] run data modify entity @s {} merge value {transformation:[-0.9229245032124188f,0f,-0.3849809883229428f,3.827021247335479e-18f,0f,1f,0f,0.5f,0.3849809883229428f,0f,-0.9229245032124188f,-0.03125f,0f,0f,0f,1f],start_interpolation:0}
execute if entity @s[tag=aj.lysander.bone.head] run data modify entity @s {} merge value {transformation:[-0.7050445658210089f,0f,-0.7091629997442512f,3.827021247335479e-18f,0f,1f,0f,0.875f,0.7091629997442512f,0f,-0.7050445658210089f,-0.03125f,0f,0f,0f,1f],start_interpolation:0}