execute if entity @s[tag=aj.lysander.bone.rightarm] run data modify entity @s {} merge value {transformation:[-0.9501311123394891f,-0.3071392259516607f,0.05400338180465889f,-0.29732344405281513f,0.05233595624294382f,-0.32776004339525944f,-0.9433102891613524f,0.8125f,0.3074277428090408f,-0.8934421356950614f,0.3274894397014749f,0.06495301251297958f,0f,0f,0f,1f],start_interpolation:0}
execute if entity @s[tag=aj.lysander.bone.leftarm] run data modify entity @s {} merge value {transformation:[-0.9501311123394891f,0.047395396519967214f,-0.30822807424574444f,0.29732344405281513f,-0.05233595624294383f,0.9501311123394891f,0.30742774280904084f,0.8125f,0.3074277428090408f,0.30822807424574444f,-0.9002686472370889f,-0.12745301251297958f,0f,0f,0f,1f],start_interpolation:0}
execute if entity @s[tag=aj.lysander.bone.torso] run data modify entity @s {} merge value {transformation:[-0.9514350209690084f,0f,-0.30784964004153464f,3.827021247335479e-18f,0f,1f,0f,0.5f,0.30784964004153464f,0f,-0.9514350209690084f,-0.03125f,0f,0f,0f,1f],start_interpolation:0}
execute if entity @s[tag=aj.lysander.bone.head] run data modify entity @s {} merge value {transformation:[-0.810457198252595f,0f,-0.5857978574564385f,3.827021247335479e-18f,0f,1f,0f,0.875f,0.5857978574564385f,0f,-0.810457198252595f,-0.03125f,0f,0f,0f,1f],start_interpolation:0}