execute if entity @s[tag=aj.lysander.bone.rightarm] run data modify entity @s {} merge value {transformation:[-0.9982926447664914f,0.052318300586805734f,0.025972886417041968f,-0.3123945774007158f,0.05233595624294383f,0.9986295347545738f,0f,0.8125f,-0.02593729147888401f,0.0013593158470252586f,-0.9996626476822906f,-0.03936652700532561f,0f,0f,0f,1f],start_interpolation:0}
execute if entity @s[tag=aj.lysander.bone.leftarm] run data modify entity @s {} merge value {transformation:[-0.9982926447664914f,-0.05162606005801158f,0.027322981682285336f,0.3123945774007158f,-0.052335956242943814f,0.9982926447664914f,-0.02593729147888389f,0.8125f,-0.02593729147888401f,-0.027322981682285218f,-0.9992901038150679f,-0.023133472994674387f,0f,0f,0f,1f],start_interpolation:0}
execute if entity @s[tag=aj.lysander.bone.torso] run data modify entity @s {} merge value {transformation:[-0.9996626476822906f,0f,0.025972886417041968f,3.827021247335479e-18f,0f,1f,0f,0.5f,-0.025972886417041968f,0f,-0.9996626476822906f,-0.03125f,0f,0f,0f,1f],start_interpolation:0}
execute if entity @s[tag=aj.lysander.bone.head] run data modify entity @s {} merge value {transformation:[-0.9986508183423349f,0f,0.051928248807223035f,3.827021247335479e-18f,0f,1f,0f,0.875f,-0.051928248807223035f,0f,-0.9986508183423349f,-0.03125f,0f,0f,0f,1f],start_interpolation:0}