execute if entity @s[tag=aj.lysander.bone.rightarm] run data modify entity @s {} merge value {transformation:[-0.9185853244832295f,-0.30660592814111715f,0.2493868610668254f,-0.2874518566803228f,0.05233595624294383f,-0.7198126035020802f,-0.6921927213743972f,0.8125f,0.39174219753324585f,-0.6227861757202718f,0.6772558083940973f,0.09133743855320231f,0f,0f,0f,1f],start_interpolation:0}
execute if entity @s[tag=aj.lysander.bone.leftarm] run data modify entity @s {} merge value {transformation:[-0.9185853244832295f,0.11655110953854153f,-0.3776464490887937f,0.2874518566803228f,-0.05233595624294382f,0.9112415986349869f,0.40853359298996483f,0.8125f,0.39174219753324585f,0.3950374511138006f,-0.8309533457958606f,-0.1538374385532023f,0f,0f,0f,1f],start_interpolation:0}
execute if entity @s[tag=aj.lysander.bone.torso] run data modify entity @s {} merge value {transformation:[-0.919845941377033f,0f,-0.39227980337024737f,3.827021247335479e-18f,0f,1f,0f,0.5f,0.39227980337024737f,0f,-0.919845941377033f,-0.03125f,0f,0f,0f,1f],start_interpolation:0}
execute if entity @s[tag=aj.lysander.bone.head] run data modify entity @s {} merge value {transformation:[-0.6910173456321812f,0f,-0.7228381755520765f,3.827021247335479e-18f,0f,1f,0f,0.875f,0.7228381755520765f,0f,-0.6910173456321812f,-0.03125f,0f,0f,0f,1f],start_interpolation:0}