execute if entity @s[tag=aj.eamon.bone.rockingchair] run data modify entity @s {} merge value {transformation:[-1.2f,1.2653288022474428e-17f,1.4641186827764698e-16f,-1.4238021314489345e-17f,0f,1.1955436324953828f,-0.10332193764997501f,0.5761168525523127f,-1.4695761589768238e-16f,-0.10332193764997501f,-1.1955436324953828f,0.1162622670014114f,0f,0f,0f,1f],start_interpolation:0}
execute if entity @s[tag=aj.eamon.bone.head] run data modify entity @s {} merge value {transformation:[-1f,-1.0802581641328932e-17f,1.2198730284952199e-16f,7.721718521927466e-18f,0f,0.9961019204431377f,0.08820977320848847f,1.3498140517484378f,-1.2246467991473532e-16f,0.08820977320848847f,-0.9961019204431377f,-0.06305261669979975f,0f,0f,0f,1f],start_interpolation:0}
execute if entity @s[tag=aj.eamon.bone.rightarm] run data modify entity @s {} merge value {transformation:[-0.9961946980917455f,0.08715574274765829f,4.698489465591242e-17f,-0.34375f,0.03343824027064476f,0.3822008352057702f,-0.923474095822733f,1.162314156709804f,-0.08048607072965248f,-0.9199599980836752f,-0.3836607803051879f,-0.06325101151134625f,0f,0f,0f,1f],start_interpolation:0}
execute if entity @s[tag=aj.eamon.bone.leftarm] run data modify entity @s {} merge value {transformation:[-0.9961946980917455f,-0.08715574274765807f,4.698489465591242e-17f,0.34375f,-0.03343824027064476f,0.3822008352057702f,-0.923474095822733f,1.162314156709804f,0.08048607072965223f,-0.9199599980836752f,-0.3836607803051879f,-0.06325101151134617f,0f,0f,0f,1f],start_interpolation:0}
execute if entity @s[tag=aj.eamon.bone.torso] run data modify entity @s {} merge value {transformation:[-1.0104166666666665f,-1.3093036877776617e-19f,1.237402843947455e-16f,7.916089378669717e-18f,0f,1.0104161010415273f,0.00106912759555593f,-0.15018510856063372f,-1.2374035366384712e-16f,0.00106912759555593f,-1.0104161010415273f,-0.06463977519217144f,0f,0f,0f,1f],start_interpolation:0}
execute if entity @s[tag=aj.eamon.bone.rightleg] run data modify entity @s {} merge value {transformation:[-0.9659258262890683f,1.0544406685395358e-17f,0.25881904510252085f,-0.125f,-0.0222847377005906f,0.9962863604128189f,-0.08316777333194976f,0.6627785715809338f,-0.2578578844507117f,-0.08610161470831251f,-0.9623387259022806f,-0.05288509929590009f,0f,0f,0f,1f],start_interpolation:0}
execute if entity @s[tag=aj.eamon.bone.leftleg] run data modify entity @s {} merge value {transformation:[-0.9659258262890683f,1.0544406685395358e-17f,-0.25881904510252063f,0.125f,0.0222847377005906f,0.9962863604128189f,-0.08316777333194976f,0.6627785715809338f,0.2578578844507115f,-0.08610161470831251f,-0.9623387259022806f,-0.05288509929590006f,0f,0f,0f,1f],start_interpolation:0}