execute if entity @s[tag=aj.eamon.bone.rockingchair] run data modify entity @s {} merge value {transformation:[-1.2f,-5.397887906940332e-18f,1.4685844775318463e-16f,-2.2088716079233957e-17f,0f,1.1991902306479973f,0.04407709970498066f,0.5677595252998007f,-1.4695761589768238e-16f,0.04407709970498066f,-1.1991902306479973f,0.18036805464737246f,0f,0f,0f,1f],start_interpolation:0}
execute if entity @s[tag=aj.eamon.bone.head] run data modify entity @s {} merge value {transformation:[-1f,-2.5681319739983577e-17f,1.1974167045365332e-16f,-1.1914763912480999e-17f,0f,0.9777649403650269f,0.20970388978980642f,1.3576072689220788f,-1.2246467991473532e-16f,0.20970388978980642f,-0.9777649403650269f,0.09729143064577087f,0f,0f,0f,1f],start_interpolation:0}
execute if entity @s[tag=aj.eamon.bone.rightarm] run data modify entity @s {} merge value {transformation:[-0.9961946980917455f,0.08715574274765829f,6.049972470135041e-17f,-0.34375f,0.04305648327375888f,0.49213785579203295f,-0.8694518216350556f,1.1715470537014534f,-0.07577771929790782f,-0.8661432949590524f,-0.49401774245008984f,0.07409991685182946f,0f,0f,0f,1f],start_interpolation:0}
execute if entity @s[tag=aj.eamon.bone.leftarm] run data modify entity @s {} merge value {transformation:[-0.9961946980917455f,-0.08715574274765807f,6.049972470135041e-17f,0.34375f,-0.04305648327375888f,0.49213785579203295f,-0.8694518216350556f,1.1715470537014534f,0.07577771929790757f,-0.8661432949590524f,-0.49401774245008984f,0.07409991685182954f,0f,0f,0f,1f],start_interpolation:0}
execute if entity @s[tag=aj.eamon.bone.torso] run data modify entity @s {} merge value {transformation:[-1.0104166666666665f,-1.530520596726556e-17f,1.2279016978224906e-16f,1.0806366595624582e-17f,0f,1.0026578264667032f,0.12497649100068399f,-0.1308744528429241f,-1.2374035366384712e-16f,0.12497649100068399f,-1.0026578264667032f,-0.08824067970576004f,0f,0f,0f,1f],start_interpolation:0}
execute if entity @s[tag=aj.eamon.bone.rightleg] run data modify entity @s {} merge value {transformation:[-0.9659258262890683f,-4.498239922450276e-18f,0.25881904510252085f,-0.125f,0.009506660713776411f,0.9993251922066645f,0.03547934079413258f,0.6745109742343696f,-0.258644391993822f,0.03673091642081722f,-0.9652740120137044f,0.023125524711344634f,0f,0f,0f,1f],start_interpolation:0}
execute if entity @s[tag=aj.eamon.bone.leftleg] run data modify entity @s {} merge value {transformation:[-0.9659258262890683f,-4.498239922450276e-18f,-0.25881904510252063f,0.125f,-0.009506660713776411f,0.9993251922066645f,0.03547934079413258f,0.6745109742343696f,0.2586443919938218f,0.03673091642081722f,-0.9652740120137044f,0.02312552471134466f,0f,0f,0f,1f],start_interpolation:0}