execute if entity @s[tag=aj.eamon.bone.rockingchair] run data modify entity @s {} merge value {transformation:[-1.2f,-7.01072080086692e-18f,1.4679029485692522e-16f,-2.2798167213033226e-17f,0f,1.1986337200172843f,0.05724687971869161f,0.5726644736533236f,-1.4695761589768238e-16f,0.05724687971869161f,-1.1986337200172843f,0.18616116278510833f,0f,0f,0f,1f],start_interpolation:0}
execute if entity @s[tag=aj.eamon.bone.head] run data modify entity @s {} merge value {transformation:[-1f,-2.6995066166661787e-17f,1.1945235129237151e-16f,-1.3687337207587792e-17f,0f,0.9754024701288477f,0.22043144346154991f,1.3633771157136565f,-1.2246467991473532e-16f,0.22043144346154991f,-0.9754024701288477f,0.1117655900225065f,0f,0f,0f,1f],start_interpolation:0}
execute if entity @s[tag=aj.eamon.bone.rightarm] run data modify entity @s {} merge value {transformation:[-0.9961946980917455f,0.08715574274765829f,6.166566698775319e-17f,-0.34375f,0.04388626183557024f,0.5016222681532468f,-0.8639728561215867f,1.1775828715709475f,-0.07530019598909263f,-0.8606851785635071f,-0.5035383837257177f,0.08653170717742027f,0f,0f,0f,1f],start_interpolation:0}
execute if entity @s[tag=aj.eamon.bone.leftarm] run data modify entity @s {} merge value {transformation:[-0.9961946980917455f,-0.08715574274765807f,6.166566698775319e-17f,0.34375f,-0.04388626183557024f,0.5016222681532468f,-0.8639728561215867f,1.1775828715709475f,0.07530019598909238f,-0.8606851785635071f,-0.5035383837257177f,0.08653170717742036f,0f,0f,0f,1f],start_interpolation:0}
execute if entity @s[tag=aj.eamon.bone.torso] run data modify entity @s {} merge value {transformation:[-1.0104166666666665f,-1.6653064467002918e-17f,1.2261464255427167e-16f,1.1034737877447471e-17f,0f,1.0012245378801528f,0.13598259088740874f,-0.12297683742801369f,-1.2374035366384712e-16f,0.13598259088740874f,-1.0012245378801528f,-0.09010547273818281f,0f,0f,0f,1f],start_interpolation:0}
execute if entity @s[tag=aj.eamon.bone.rightleg] run data modify entity @s {} merge value {transformation:[-0.9659258262890683f,-5.8422673340557675e-18f,0.25881904510252085f,-0.125f,0.012347152286575519f,0.998861433347737f,0.04608019966229008f,0.6811367041170631f,-0.25852436236879656f,0.04770573309890967f,-0.964826055354696f,0.030100724849884276f,0f,0f,0f,1f],start_interpolation:0}
execute if entity @s[tag=aj.eamon.bone.leftleg] run data modify entity @s {} merge value {transformation:[-0.9659258262890683f,-5.8422673340557675e-18f,-0.25881904510252063f,0.125f,-0.012347152286575519f,0.998861433347737f,0.04608019966229008f,0.6811367041170631f,0.25852436236879633f,0.04770573309890967f,-0.964826055354696f,0.030100724849884304f,0f,0f,0f,1f],start_interpolation:0}