execute if entity @s[tag=aj.eamon.bone.rockingchair] run data modify entity @s {} merge value {transformation:[-1.2f,1.2808200165987567e-17f,1.4639839780147443e-16f,-1.4171362334766248e-17f,0f,1.1954336377100947f,-0.10458689129718982f,0.5768500558904323f,-1.4695761589768238e-16f,-0.10458689129718982f,-1.1954336377100947f,0.11571795512496258f,0f,0f,0f,1f],start_interpolation:0}
execute if entity @s[tag=aj.eamon.bone.head] run data modify entity @s {} merge value {transformation:[-1f,-1.0673500138322975e-17f,1.2199866483456204e-16f,7.888621333698905e-18f,0f,0.9961946980917455f,0.08715574274765818f,1.3503570878818947f,-1.2246467991473532e-16f,0.08715574274765818f,-0.9961946980917455f,-0.06441548158368005f,0f,0f,0f,1f],start_interpolation:0}
execute if entity @s[tag=aj.eamon.bone.rightarm] run data modify entity @s {} merge value {transformation:[-0.9961946980917455f,0.08715574274765829f,4.6865204053263e-17f,-0.34375f,0.033353058785002616f,0.38122720636965357f,-0.9238795325112866f,1.1628570878818947f,-0.08052140686538052f,-0.9203638919632242f,-0.38268343236508984f,-0.06441548158368009f,0f,0f,0f,1f],start_interpolation:0}
execute if entity @s[tag=aj.eamon.bone.leftarm] run data modify entity @s {} merge value {transformation:[-0.9961946980917455f,-0.08715574274765807f,4.6865204053263e-17f,0.34375f,-0.033353058785002616f,0.38122720636965357f,-0.9238795325112866f,1.1628570878818947f,0.08052140686538027f,-0.9203638919632242f,-0.38268343236508984f,-0.06441548158368f,0f,0f,0f,1f],start_interpolation:0}
execute if entity @s[tag=aj.eamon.bone.torso] run data modify entity @s {} merge value {transformation:[-1.0104166666666665f,0f,1.2374035366384715e-16f,7.888621333698905e-18f,0f,1.0104166666666665f,0f,-0.14964291211810532f,-1.2374035366384712e-16f,0f,-1.0104166666666665f,-0.06441548158368005f,0f,0f,0f,1f],start_interpolation:0}
execute if entity @s[tag=aj.eamon.bone.rightleg] run data modify entity @s {} merge value {transformation:[-0.9659258262890683f,1.0673500138322974e-17f,0.25881904510252085f,-0.125f,-0.022557566113149838f,0.9961946980917455f,-0.0841859828293692f,0.6633327506204264f,-0.25783416049629965f,-0.08715574274765818f,-0.9622501868990583f,-0.05352101374022276f,0f,0f,0f,1f],start_interpolation:0}
execute if entity @s[tag=aj.eamon.bone.leftleg] run data modify entity @s {} merge value {transformation:[-0.9659258262890683f,1.0673500138322974e-17f,-0.25881904510252063f,0.125f,0.022557566113149838f,0.9961946980917455f,-0.0841859828293692f,0.6633327506204264f,0.2578341604962994f,-0.08715574274765818f,-0.9622501868990583f,-0.05352101374022273f,0f,0f,0f,1f],start_interpolation:0}