execute if entity @s[tag=aj.eamon.bone.rockingchair] run data modify entity @s {} merge value {transformation:[-1.2f,-1.2046280877367118e-17f,1.4646306014608029e-16f,-2.502168656804389e-17f,0f,1.1959616458235434f,0.09836534816205136f,0.5899826030823754f,-1.4695761589768238e-16f,0.09836534816205136f,-1.1959616458235434f,0.20431757618167917f,0f,0f,0f,1f],start_interpolation:0}
execute if entity @s[tag=aj.eamon.bone.head] run data modify entity @s {} merge value {transformation:[-1f,-3.1080261910735584e-17f,1.184551186997787e-16f,-1.924080390311285e-17f,0f,0.9672594480486271f,0.253789598212112f,1.3827832840587444f,-1.2246467991473532e-16f,0.253789598212112f,-0.9672594480486271f,0.15711308694481585f,0f,0f,0f,1f],start_interpolation:0}
execute if entity @s[tag=aj.eamon.bone.rightarm] run data modify entity @s {} merge value {transformation:[-0.9961946980917455f,0.08715574274765828f,6.526191379195353e-17f,-0.34375f,0.04644564109122336f,0.5308761069079644f,-0.8461757273391082f,1.1979649175414324f,-0.07374907401127999f,-0.842955773229146f,-0.5329039673919975f,0.12551528009255844f,0f,0f,0f,1f],start_interpolation:0}
execute if entity @s[tag=aj.eamon.bone.leftarm] run data modify entity @s {} merge value {transformation:[-0.9961946980917455f,-0.08715574274765808f,6.526191379195353e-17f,0.34375f,-0.04644564109122336f,0.5308761069079644f,-0.8461757273391082f,1.1979649175414324f,0.07374907401127974f,-0.842955773229146f,-0.5329039673919975f,0.12551528009255855f,0f,0f,0f,1f],start_interpolation:0}
execute if entity @s[tag=aj.eamon.bone.torso] run data modify entity @s {} merge value {transformation:[-1.0104166666666665f,-2.0852926906134678e-17f,1.2197061352760907e-16f,1.1716118514241728e-17f,0f,0.9959656417877363f,0.1702770702593866f,-0.09576364807975091f,-1.2374035366384712e-16f,0.1702770702593866f,-0.9959656417877363f,-0.09566936787324268f,0f,0f,0f,1f],start_interpolation:0}
execute if entity @s[tag=aj.eamon.bone.rightleg] run data modify entity @s {} merge value {transformation:[-0.9659258262890683f,-1.0038567397805932e-17f,0.25881904510252085f,-0.125f,0.02121568790206594f,0.9966347048529528f,0.07917802516803446f,0.7037488464001895f,-0.25794804262607396f,0.08197112346837614f,-0.9626752007934501f,0.05207327595449687f,0f,0f,0f,1f],start_interpolation:0}
execute if entity @s[tag=aj.eamon.bone.leftleg] run data modify entity @s {} merge value {transformation:[-0.9659258262890683f,-1.0038567397805932e-17f,-0.25881904510252063f,0.125f,-0.02121568790206594f,0.9966347048529528f,0.07917802516803446f,0.7037488464001895f,0.25794804262607374f,0.08197112346837614f,-0.9626752007934501f,0.0520732759544969f,0f,0f,0f,1f],start_interpolation:0}