execute if entity @s[tag=aj.eamon.bone.rockingchair] run data modify entity @s {} merge value {transformation:[-1.2f,8.088152497081958e-18f,1.4673487199542818e-16f,-1.6207889357348695e-17f,0f,1.198181158008911f,-0.06604477717749514f,0.5606567201158486f,-1.4695761589768238e-16f,-0.06604477717749514f,-1.198181158008911f,0.13234746025248473f,0f,0f,0f,1f],start_interpolation:0}
execute if entity @s[tag=aj.eamon.bone.head] run data modify entity @s {} merge value {transformation:[-1f,-1.4595806529604198e-17f,1.215917771001351e-16f,2.7908408994179657e-18f,0f,0.992872207601343f,0.11918380499394898f,1.3395622851322746f,-1.2246467991473532e-16f,0.11918380499394898f,-0.992872207601343f,-0.022788945362540895f,0f,0f,0f,1f],start_interpolation:0}
execute if entity @s[tag=aj.eamon.bone.rightarm] run data modify entity @s {} merge value {transformation:[-0.9961946980917455f,0.08715574274765829f,5.0483620643166676e-17f,-0.34375f,0.03592821584810909f,0.41066138628878585f,-0.9110797929475464f,1.1521594884804913f,-0.07940583605672616f,-0.907612859272871f,-0.41223004606973485f,-0.028825650348735382f,0f,0f,0f,1f],start_interpolation:0}
execute if entity @s[tag=aj.eamon.bone.leftarm] run data modify entity @s {} merge value {transformation:[-0.9961946980917455f,-0.08715574274765807f,5.0483620643166676e-17f,0.34375f,-0.03592821584810909f,0.41066138628878585f,-0.9110797929475464f,1.1521594884804913f,0.07940583605672591f,-0.907612859272871f,-0.41223004606973485f,-0.0288256503487353f,0f,0f,0f,1f],start_interpolation:0}
execute if entity @s[tag=aj.eamon.bone.torso] run data modify entity @s {} merge value {transformation:[-1.0104166666666665f,-3.983914719765387e-18f,1.2367620445485707e-16f,8.70510605040988e-18f,0f,1.0098928486234988f,0.03253113242560338f,-0.15966008808199206f,-1.2374035366384712e-16f,0.03253113242560338f,-1.0098928486234988f,-0.07108258525209644f,0f,0f,0f,1f],start_interpolation:0}
execute if entity @s[tag=aj.eamon.bone.rightleg] run data modify entity @s {} merge value {transformation:[-0.9659258262890683f,6.7401270809016324e-18f,0.25881904510252085f,-0.125f,-0.014244705135906706f,0.9984842983407591f,-0.053161963306041164f,0.6525433578843296f,-0.25842675264641585f,-0.05503731431457928f,-0.9644617709114583f,-0.034019396031801846f,0f,0f,0f,1f],start_interpolation:0}
execute if entity @s[tag=aj.eamon.bone.leftleg] run data modify entity @s {} merge value {transformation:[-0.9659258262890683f,6.7401270809016324e-18f,-0.25881904510252063f,0.125f,0.014244705135906706f,0.9984842983407591f,-0.053161963306041164f,0.6525433578843296f,0.2584267526464156f,-0.05503731431457928f,-0.9644617709114583f,-0.03401939603180182f,0f,0f,0f,1f],start_interpolation:0}