execute if entity @s[tag=aj.eamon.bone.rockingchair] run data modify entity @s {} merge value {transformation:[-1.2f,-3.7010716713783526e-18f,1.4691100346404985e-16f,-2.1343741527308308e-17f,0f,1.1996193805947561f,0.030221543664305357f,0.563185623703664f,-1.4695761589768238e-16f,0.030221543664305357f,-1.1996193805947561f,0.17428487578760382f,0f,0f,0f,1f],start_interpolation:0}
execute if entity @s[tag=aj.eamon.bone.head] run data modify entity @s {} merge value {transformation:[-1f,-2.4296393422649673e-17f,1.200303423858751e-16f,-1.0053095843752596e-17f,0f,0.9801221255748588f,0.1983951082023467f,1.3520209954228284f,-1.2246467991473532e-16f,0.1983951082023467f,-0.9801221255748588f,0.08208975723246859f,0f,0f,0f,1f],start_interpolation:0}
execute if entity @s[tag=aj.eamon.bone.rightarm] run data modify entity @s {} merge value {transformation:[-0.9961946980917455f,0.08715574274765829f,5.926570232114494e-17f,-0.34375f,0.04217825342668034f,0.4820996427060792f,-0.8751005253344015f,1.1657052945491477f,-0.07627003626438575f,-0.8717705036354321f,-0.4839411850209222f,0.06104909165485124f,0f,0f,0f,1f],start_interpolation:0}
execute if entity @s[tag=aj.eamon.bone.leftarm] run data modify entity @s {} merge value {transformation:[-0.9961946980917455f,-0.08715574274765807f,5.926570232114494e-17f,0.34375f,-0.04217825342668034f,0.4820996427060792f,-0.8751005253344015f,1.1657052945491477f,0.0762700362643855f,-0.8717705036354321f,-0.4839411850209222f,0.061049091654851326f,0f,0f,0f,1f],start_interpolation:0}
execute if entity @s[tag=aj.eamon.bone.torso] run data modify entity @s {} merge value {transformation:[-1.0104166666666665f,-1.3885756799451203e-17f,1.2295877716926294e-16f,1.0560811157494554e-17f,0f,1.0040346102637236f,0.11338580894604883f,-0.13850461156661742f,-1.2374035366384712e-16f,0.11338580894604883f,-1.0040346102637236f,-0.08623556738846991f,0f,0f,0f,1f],start_interpolation:0}
execute if entity @s[tag=aj.eamon.bone.rightleg] run data modify entity @s {} merge value {transformation:[-0.9659258262890683f,-3.084226392815294e-18f,0.25881904510252085f,-0.125f,0.0065182592272663735f,0.9996828171622968f,0.024326474613062758f,0.6681135406564991f,-0.2587369521433436f,0.025184619720254466f,-0.9656194511944751f,0.015819683034584833f,0f,0f,0f,1f],start_interpolation:0}
execute if entity @s[tag=aj.eamon.bone.leftleg] run data modify entity @s {} merge value {transformation:[-0.9659258262890683f,-3.084226392815294e-18f,-0.25881904510252063f,0.125f,-0.0065182592272663735f,0.9996828171622968f,0.024326474613062758f,0.6681135406564991f,0.25873695214334336f,0.025184619720254466f,-0.9656194511944751f,0.015819683034584864f,0f,0f,0f,1f],start_interpolation:0}