execute if entity @s[tag=aj.lysander.bone.rightarm] run data modify entity @s {} merge value {transformation:[-0.9985672352521332f,0.05233269126437047f,-0.011169874929422076f,-0.3119180397794014f,0.05233595624294383f,0.9986295347545738f,0f,0.8125f,0.011154567004035545f,-0.000584586085545389f,-0.9999376150010865f,-0.0277656971392034f,0f,0f,0f,1f],start_interpolation:0}
execute if entity @s[tag=aj.lysander.bone.leftarm] run data modify entity @s {} merge value {transformation:[-0.9985672352521332f,-0.05233269126437047f,-0.011169874929422076f,0.3124805046878395f,-0.05233595624294383f,0.9986295347545738f,0f,0.8125f,0.011154567004035545f,0.000584586085545389f,-0.9999376150010865f,-0.0347405859154444f,0f,0f,0f,1f],start_interpolation:0}
execute if entity @s[tag=aj.lysander.bone.torso] run data modify entity @s {} merge value {transformation:[-0.9999376150010865f,0f,-0.011169874929422076f,3.827021247335479e-18f,0f,1f,0f,0.5f,0.011169874929422076f,0f,-0.9999376150010865f,-0.03125f,0f,0f,0f,1f],start_interpolation:0}
execute if entity @s[tag=aj.lysander.bone.head] run data modify entity @s {} merge value {transformation:[-0.9999376150010865f,-0.00001973878805023131f,-0.011169857488758669f,3.827021247335479e-18f,0f,0.9999984385981475f,-0.0017671449479025264f,0.875f,0.011169874929422076f,-0.0017670347045668714f,-0.9999360536966421f,-0.03125f,0f,0f,0f,1f],start_interpolation:0}