execute if entity @s[tag=aj.lysander.bone.rightarm] run data modify entity @s {} merge value {transformation:[-0.9981054690338902f,0.052308491122324434f,-0.032392814653000736f,-0.30972857747310417f,0.05233595624294383f,0.9986295347545738f,0f,0.8125f,0.03234842142631727f,-0.0016953089302652361f,-0.999475215079822f,-0.02121175167583063f,0f,0f,0f,1f],start_interpolation:0}
execute if entity @s[tag=aj.lysander.bone.leftarm] run data modify entity @s {} merge value {transformation:[-0.9981054690338902f,-0.052308491122324434f,-0.032392814653000736f,0.3123360047124444f,-0.05233595624294383f,0.9986295347545738f,0f,0.8125f,0.03234842142631727f,0.0016953089302652361f,-0.999475215079822f,-0.041372754579062726f,0f,0f,0f,1f],start_interpolation:0}
execute if entity @s[tag=aj.lysander.bone.torso] run data modify entity @s {} merge value {transformation:[-0.999475215079822f,0f,-0.032392814653000736f,3.827021247335479e-18f,0f,1f,0f,0.5f,0.032392814653000736f,0f,-0.999475215079822f,-0.03125f,0f,0f,0f,1f],start_interpolation:0}
execute if entity @s[tag=aj.lysander.bone.head] run data modify entity @s {} merge value {transformation:[-0.999475215079822f,-0.0002654812574369913f,-0.03239172673454765f,3.827021247335479e-18f,0f,0.9999664148217825f,-0.0081956835267601f,0.875f,0.032392814653000736f,-0.008191382555634704f,-0.9994416475265995f,-0.03125f,0f,0f,0f,1f],start_interpolation:0}