execute if entity @s[tag=aj.lysander.bone.rightarm] run data modify entity @s {} merge value {transformation:[-0.9404615896144153f,-0.20823596841002054f,-0.26864433721980463f,-0.3680715808807172f,0.23231613842907106f,0.18313941950949253f,-0.9552429873320875f,0.8125f,0.24811531650692564f,-0.9607797533680998f,-0.12385901352990464f,0.04060798589601693f,0f,0f,0f,1f],start_interpolation:0}
execute if entity @s[tag=aj.lysander.bone.leftarm] run data modify entity @s {} merge value {transformation:[-0.9820658295339185f,-0.051467889235630365f,-0.1813774044347454f,0.307316738638992f,-0.05233595624294383f,0.9986295347545738f,0f,0.8125f,0.181128833005662f,0.009492559901955562f,-0.9834135636447744f,-0.08793043888585794f,0f,0f,0f,1f],start_interpolation:0}
execute if entity @s[tag=aj.lysander.bone.torso] run data modify entity @s {} merge value {transformation:[-0.9834135636447744f,0f,-0.1813774044347454f,3.827021247335479e-18f,0f,1f,0f,0.5f,0.1813774044347454f,0f,-0.9834135636447744f,-0.03125f,0f,0f,0f,1f],start_interpolation:0}
execute if entity @s[tag=aj.lysander.bone.head] run data modify entity @s {} merge value {transformation:[-0.9834135636447744f,0.025366273781243627f,-0.1795948634954246f,3.827021247335479e-18f,0f,0.9901721995367835f,0.13985354934533598f,0.875f,0.1813774044347454f,0.13753387735006717f,-0.9737487713684528f,-0.03125f,0f,0f,0f,1f],start_interpolation:0}