execute if entity @s[tag=aj.lysander.bone.rightarm] run data modify entity @s {} merge value {transformation:[-0.858345889105243f,-0.4902820664180626f,0.1512145165153272f,-0.4304056891747242f,0.4014209673425978f,-0.8252820589240595f,-0.39720363819557153f,0.8125f,0.31953644805227266f,-0.2802374324869893f,0.9051869640020439f,0.047486539967353705f,0f,0f,0f,1f],start_interpolation:0}
execute if entity @s[tag=aj.lysander.bone.leftarm] run data modify entity @s {} merge value {transformation:[-0.9795498051660284f,-0.05133602998588723f,-0.19454251778077622f,0.3065294020065351f,-0.05233595624294383f,0.9986295347545738f,0f,0.8125f,0.19427590402139996f,0.010181568697966825f,-0.9808940864209124f,-0.09204453680649258f,0f,0f,0f,1f],start_interpolation:0}
execute if entity @s[tag=aj.lysander.bone.torso] run data modify entity @s {} merge value {transformation:[-0.9808940864209124f,0f,-0.19454251778077622f,3.827021247335479e-18f,0f,1f,0f,0.5f,0.19454251778077622f,0f,-0.9808940864209124f,-0.03125f,0f,0f,0f,1f],start_interpolation:0}
execute if entity @s[tag=aj.lysander.bone.head] run data modify entity @s {} merge value {transformation:[-0.9808940864209124f,0.08301996448829305f,-0.17593884369531984f,3.827021247335479e-18f,0f,0.904372194327102f,0.42674457715123026f,0.875f,0.19454251778077622f,0.41859123213983457f,-0.8870933373389586f,-0.03125f,0f,0f,0f,1f],start_interpolation:0}