execute if entity @s[tag=aj.lysander.bone.rightarm] run data modify entity @s {} merge value {transformation:[-0.9098652974068693f,-0.3986857788479687f,-0.11486857846729774f,-0.407520749307064f,0.33457984877230124f,-0.5413154222264518f,-0.77138442974648f,0.8125f,0.2453598691110941f,-0.7402886351985871f,0.6259163452296163f,0.030234044694594814f,0f,0f,0f,1f],start_interpolation:0}
execute if entity @s[tag=aj.lysander.bone.leftarm] run data modify entity @s {} merge value {transformation:[-0.9889865967995495f,-0.05183059127895685f,-0.13863297284022652f,0.30948244643677025f,-0.05233595624294383f,0.9986295347545738f,0f,0.8125f,0.13844298116907888f,0.007255489200395315f,-0.9903438285976649f,-0.07457280401257078f,0f,0f,0f,1f],start_interpolation:0}
execute if entity @s[tag=aj.lysander.bone.torso] run data modify entity @s {} merge value {transformation:[-0.9903438285976649f,0f,-0.13863297284022652f,3.827021247335479e-18f,0f,1f,0f,0.5f,0.13863297284022652f,0f,-0.9903438285976649f,-0.03125f,0f,0f,0f,1f],start_interpolation:0}
execute if entity @s[tag=aj.lysander.bone.head] run data modify entity @s {} merge value {transformation:[-0.9903438285976649f,0.04267811078675162f,-0.1319002654212369f,3.827021247335479e-18f,0f,0.9514350209690083f,0.3078496400415349f,0.875f,0.13863297284022652f,0.3048769911511467f,-0.9422478013283473f,-0.03125f,0f,0f,0f,1f],start_interpolation:0}