execute if entity @s[tag=aj.lysander.bone.rightarm] run data modify entity @s {} merge value {transformation:[-0.99729452387849f,0.052265991287609566f,-0.051690413005694484f,-0.3074587960291714f,0.05233595624294383f,0.9986295347545738f,0f,0.8125f,0.05161957309114845f,-0.002705267193245721f,-0.9986631570270832f,-0.01533605340333943f,0f,0f,0f,1f],start_interpolation:0}
execute if entity @s[tag=aj.lysander.bone.leftarm] run data modify entity @s {} merge value {transformation:[-0.99729452387849f,-0.052265991287609566f,-0.051690413005694484f,0.3120822365709635f,-0.05233595624294383f,0.9986295347545738f,0f,0.8125f,0.05161957309114845f,0.002705267193245721f,-0.9986631570270832f,-0.047403254064279525f,0f,0f,0f,1f],start_interpolation:0}
execute if entity @s[tag=aj.lysander.bone.torso] run data modify entity @s {} merge value {transformation:[-0.9986631570270832f,0f,-0.051690413005694484f,3.827021247335479e-18f,0f,1f,0f,0.5f,0.051690413005694484f,0f,-0.9986631570270832f,-0.03125f,0f,0f,0f,1f],start_interpolation:0}
execute if entity @s[tag=aj.lysander.bone.head] run data modify entity @s {} merge value {transformation:[-0.9986631570270832f,-0.0007517800763228573f,-0.05168494581032385f,3.827021247335479e-18f,0f,0.9998942319271075f,-0.01454389765158265f,0.875f,0.051690413005694484f,-0.01452445474420831f,-0.9985575303494957f,-0.03125f,0f,0f,0f,1f],start_interpolation:0}