execute if entity @s[tag=aj.lysander.bone.rightarm] run data modify entity @s {} merge value {transformation:[-0.9986086706329734f,0.05233486280066406f,0.006464137396539382f,-0.3124934710142518f,0.05233595624294383f,0.9986295347545738f,0f,0.8125f,-0.006455278520895765f,0.00033830681193366193f,-0.9999791072456058f,-0.033270042936418553f,0f,0f,0f,1f],start_interpolation:0}
execute if entity @s[tag=aj.lysander.bone.leftarm] run data modify entity @s {} merge value {transformation:[-0.9986086706329734f,-0.05233486280066406f,0.006464137396539382f,0.3124934710142518f,-0.05233595624294383f,0.9986295347545738f,0f,0.8125f,-0.006455278520895765f,-0.00033830681193366193f,-0.9999791072456058f,-0.029229957063581443f,0f,0f,0f,1f],start_interpolation:0}
execute if entity @s[tag=aj.lysander.bone.torso] run data modify entity @s {} merge value {transformation:[-0.9999791072456058f,0f,0.006464137396539382f,3.827021247335479e-18f,0f,1f,0f,0.5f,-0.006464137396539382f,0f,-0.9999791072456058f,-0.03125f,0f,0f,0f,1f],start_interpolation:0}
execute if entity @s[tag=aj.lysander.bone.head] run data modify entity @s {} merge value {transformation:[-0.9999791072456058f,0.00009401375270103675f,0.006463453697184037f,3.827021247335479e-18f,0f,0.9998942319271075f,-0.014543897651582658f,0.875f,-0.006464137396539382f,-0.014543593789501088f,-0.9998733413824996f,-0.03125f,0f,0f,0f,1f],start_interpolation:0}