execute if entity @s[tag=aj.lysander.bone.rightarm] run data modify entity @s {} merge value {transformation:[-0.9976172675350955f,0.05228290556592995f,-0.04501427886119649f,-0.3082497236469683f,0.05233595624294383f,0.9986295347545738f,0f,0.8125f,0.04495258835646929f,-0.002355865328787251f,-0.9989863435996542f,-0.01736028157889206f,0f,0f,0f,1f],start_interpolation:0}
execute if entity @s[tag=aj.lysander.bone.leftarm] run data modify entity @s {} merge value {transformation:[-0.9976172675350955f,-0.05228290556592995f,-0.04501427886119649f,0.31218323237489193f,-0.05233595624294383f,0.9986295347545738f,0f,0.8125f,0.04495258835646929f,0.002355865328787251f,-0.9989863435996542f,-0.0453169621441239f,0f,0f,0f,1f],start_interpolation:0}
execute if entity @s[tag=aj.lysander.bone.torso] run data modify entity @s {} merge value {transformation:[-0.9989863435996542f,0f,-0.04501427886119649f,3.827021247335479e-18f,0f,1f,0f,0.5f,0.04501427886119649f,0f,-0.9989863435996542f,-0.03125f,0f,0f,0f,1f],start_interpolation:0}
execute if entity @s[tag=aj.lysander.bone.head] run data modify entity @s {} merge value {transformation:[-0.9989863435996542f,-0.0005568133775104717f,-0.045010834920674224f,3.827021247335479e-18f,0f,0.9999234922649126f,-0.01236970560446898f,0.875f,0.04501427886119649f,-0.012357166973212617f,-0.9989099134171222f,-0.03125f,0f,0f,0f,1f],start_interpolation:0}