execute if entity @s[tag=aj.lysander.bone.rightarm] run data modify entity @s {} merge value {transformation:[-0.9932509229845216f,0.04939402367506261f,-0.10494205265565945f,-0.3012715527067904f,0.03762064666803483f,0.9930692879737747f,0.11134664892819664f,0.8125f,0.10971458852256033f,0.10664717393558794f,-0.9882252219797255f,0.0038372592011548454f,0f,0f,0f,1f],start_interpolation:0}
execute if entity @s[tag=aj.lysander.bone.leftarm] run data modify entity @s {} merge value {transformation:[-0.9919250369170787f,-0.05198458840007275f,-0.11568199387081404f,0.31040196914741547f,-0.05233595624294383f,0.9986295347545738f,0f,0.8125f,0.11552345571869249f,0.00605432776931942f,-0.9932863012717295f,-0.06740062308462938f,0f,0f,0f,1f],start_interpolation:0}
execute if entity @s[tag=aj.lysander.bone.torso] run data modify entity @s {} merge value {transformation:[-0.9932863012717295f,0f,-0.11568199387081404f,3.827021247335479e-18f,0f,1f,0f,0.5f,0.11568199387081404f,0f,-0.9932863012717295f,-0.03125f,0f,0f,0f,1f],start_interpolation:0}
execute if entity @s[tag=aj.lysander.bone.head] run data modify entity @s {} merge value {transformation:[-0.9932863012717295f,-0.003340191868947629f,-0.11563376161055072f,3.827021247335479e-18f,0f,0.9995830616446914f,-0.028873913365270423f,0.875f,0.11568199387081404f,-0.028680062609829814f,-0.9928721621149266f,-0.03125f,0f,0f,0f,1f],start_interpolation:0}