execute if entity @s[tag=aj.lysander.bone.rightarm] run data modify entity @s {} merge value {transformation:[-0.8585687584373881f,-0.490086304319824f,0.1505825400018826f,-0.4304605527575692f,0.4014209673425978f,-0.8252820589240595f,-0.39720363819557153f,0.8125f,0.3189371317564243f,-0.28057964561992427f,0.9052923110525036f,0.04718604094832893f,0f,0f,0f,1f],start_interpolation:0}
execute if entity @s[tag=aj.lysander.bone.leftarm] run data modify entity @s {} merge value {transformation:[-0.9796851966119718f,-0.05134312555090304f,-0.1938576771707175f,0.306571769897114f,-0.05233595624294383f,0.9986295347545738f,0f,0.8125f,0.19359200196159598f,0.010145726909765403f,-0.9810296636707647f,-0.09183052411584922f,0f,0f,0f,1f],start_interpolation:0}
execute if entity @s[tag=aj.lysander.bone.torso] run data modify entity @s {} merge value {transformation:[-0.9810296636707647f,0f,-0.1938576771707175f,3.827021247335479e-18f,0f,1f,0f,0.5f,0.1938576771707175f,0f,-0.9810296636707647f,-0.03125f,0f,0f,0f,1f],start_interpolation:0}
execute if entity @s[tag=aj.lysander.bone.head] run data modify entity @s {} merge value {transformation:[-0.9810296636707647f,0.08287855356069723f,-0.17524823638973594f,3.827021247335479e-18f,0f,0.9040046231205304f,0.42752267937117405f,0.875f,0.1938576771707175f,0.41941243035512704f,-0.8868553513767504f,-0.03125f,0f,0f,0f,1f],start_interpolation:0}