execute if entity @s[tag=aj.lysander.bone.rightarm] run data modify entity @s {} merge value {transformation:[-0.8606541968131496f,-0.48551947030586784f,0.15344444421946893f,-0.4297506721938013f,0.40142096734259775f,-0.8323555239208349f,-0.3821589836392768f,0.8125f,0.313265958070208f,-0.2673109158870649f,0.9112679703369216f,0.05072932513125447f,0f,0f,0f,1f],start_interpolation:0}
execute if entity @s[tag=aj.lysander.bone.leftarm] run data modify entity @s {} merge value {transformation:[-0.9809410601905398f,-0.051408942572138246f,-0.18738131458572452f,0.3069647658527152f,-0.05233595624294383f,0.9986295347545738f,0f,0.8125f,0.1871245150064425f,0.00980678028090377f,-0.9822872507286887f,-0.08980666080803891f,0f,0f,0f,1f],start_interpolation:0}
execute if entity @s[tag=aj.lysander.bone.torso] run data modify entity @s {} merge value {transformation:[-0.9822872507286887f,0f,-0.18738131458572452f,3.827021247335479e-18f,0f,1f,0f,0.5f,0.18738131458572452f,0f,-0.9822872507286887f,-0.03125f,0f,0f,0f,1f],start_interpolation:0}
execute if entity @s[tag=aj.lysander.bone.head] run data modify entity @s {} merge value {transformation:[-0.9822872507286887f,0.07835625530776925f,-0.17021179251161753f,3.827021247335479e-18f,0f,0.9083712156035059f,0.418164721925474f,0.875f,0.18738131458572452f,0.4107578750519005f,-0.8922814640162448f,-0.03125f,0f,0f,0f,1f],start_interpolation:0}