execute if entity @s[tag=aj.lysander.bone.rightarm] run data modify entity @s {} merge value {transformation:[-0.9898738112999724f,0.0713930279557925f,-0.12269015144570453f,-0.3376263885162388f,0.12620580873662407f,0.8382667565263362f,-0.5304535217565727f,0.8125f,0.06497639220210014f,-0.5405662590858956f,-0.8387885240001077f,-0.01780968722148362f,0f,0f,0f,1f],start_interpolation:0}
execute if entity @s[tag=aj.lysander.bone.leftarm] run data modify entity @s {} merge value {transformation:[-0.9980020395441427f,-0.052303070612454386f,-0.0354445746234891f,0.3123036386403213f,-0.05233595624294383f,0.9986295347545738f,0f,0.8125f,0.035395999065828694f,0.0018550257065446827f,-0.9993716436490281f,-0.04232642956984034f,0f,0f,0f,1f],start_interpolation:0}
execute if entity @s[tag=aj.lysander.bone.torso] run data modify entity @s {} merge value {transformation:[-0.9993716436490281f,0f,-0.0354445746234891f,3.827021247335479e-18f,0f,1f,0f,0.5f,0.0354445746234891f,0f,-0.9993716436490281f,-0.03125f,0f,0f,0f,1f],start_interpolation:0}
execute if entity @s[tag=aj.lysander.bone.head] run data modify entity @s {} merge value {transformation:[-0.9993716436490281f,0.002824310118859896f,-0.03533187148443446f,3.827021247335479e-18f,0f,0.9968202992911657f,0.07968243797143011f,0.875f,0.0354445746234891f,0.07963236900546984f,-0.9961939409253283f,-0.03125f,0f,0f,0f,1f],start_interpolation:0}