execute if entity @s[tag=aj.lysander.bone.rightarm] run data modify entity @s {} merge value {transformation:[-0.854196710513505f,-0.4978086083831687f,0.15011518633209728f,-0.4441423555090093f,0.4167735108927244f,-0.8281596543232774f,-0.37476849863522593f,0.8125f,0.3108823255929154f,-0.2575619854923512f,0.9148846939714196f,0.005110253614472246f,0f,0f,0f,1f],start_interpolation:0}
execute if entity @s[tag=aj.lysander.bone.leftarm] run data modify entity @s {} merge value {transformation:[-0.9825927045866572f,-0.05149550158710403f,-0.1784931096971835f,0.3074816130476197f,-0.05233595624294383f,0.9986295347545738f,0f,0.8125f,0.17824849109379545f,0.009341607578778768f,-0.983941161752383f,-0.08702909678036984f,0f,0f,0f,1f],start_interpolation:0}
execute if entity @s[tag=aj.lysander.bone.torso] run data modify entity @s {} merge value {transformation:[-0.983941161752383f,0f,-0.1784931096971835f,3.827021247335479e-18f,0f,1f,0f,0.5f,0.1784931096971835f,0f,-0.983941161752383f,-0.03125f,0f,0f,0f,1f],start_interpolation:0}
execute if entity @s[tag=aj.lysander.bone.head] run data modify entity @s {} merge value {transformation:[-0.983941161752383f,0.0707114388059446f,-0.1638892389126386f,3.827021247335479e-18f,0f,0.9181824395948919f,0.39615780646047194f,0.875f,0.1784931096971835f,0.38979597232599245f,-0.9034374963156352f,-0.03125f,0f,0f,0f,1f],start_interpolation:0}