execute if entity @s[tag=aj.lysander.bone.rightarm] run data modify entity @s {} merge value {transformation:[-0.8587133991130491f,-0.4959980567589937f,0.12883022112460818f,-0.43349399502350794f,0.4014209673425978f,-0.8073218287732926f,-0.4325421040359884f,0.8125f,0.31854749278788297f,-0.3197145484294527f,0.8923620915083212f,0.03178337432312235f,0f,0f,0f,1f],start_interpolation:0}
execute if entity @s[tag=aj.lysander.bone.leftarm] run data modify entity @s {} merge value {transformation:[-0.9797729450037306f,-0.05134772424925078f,-0.19341248008631612f,0.30659922890114927f,-0.05233595624294383f,0.9986295347545738f,0f,0.8125f,0.19314741500432614f,0.010122427094636685f,-0.9811175324836777f,-0.09169140002697379f,0f,0f,0f,1f],start_interpolation:0}
execute if entity @s[tag=aj.lysander.bone.torso] run data modify entity @s {} merge value {transformation:[-0.9811175324836777f,0f,-0.19341248008631612f,3.827021247335479e-18f,0f,1f,0f,0.5f,0.19341248008631612f,0f,-0.9811175324836777f,-0.03125f,0f,0f,0f,1f],start_interpolation:0}
execute if entity @s[tag=aj.lysander.bone.head] run data modify entity @s {} merge value {transformation:[-0.9811175324836777f,0.07809649302311704f,-0.17694441282682496f,3.827021247335479e-18f,0f,0.914855198319458f,0.40378207749708883f,0.875f,0.19341248008631612f,0.3961576755350769f,-0.8975804747550523f,-0.03125f,0f,0f,0f,1f],start_interpolation:0}