execute if entity @s[tag=aj.lysander.bone.rightarm] run data modify entity @s {} merge value {transformation:[-0.992760325596704f,0.049448370187209864f,-0.10946138409025796f,-0.3009564784905242f,0.03412620069769681f,0.9898903632621381f,0.13766797429574118f,0.8125f,0.11516222621618098f,0.1329358018239669f,-0.9844113643423424f,0.005900301473551708f,0f,0f,0f,1f],start_interpolation:0}
execute if entity @s[tag=aj.lysander.bone.leftarm] run data modify entity @s {} merge value {transformation:[-0.9911070239513785f,-0.05194171815711567f,-0.12251091783644533f,0.310145989284128f,-0.05233595624294383f,0.9986295347545738f,0f,0.8125f,0.12234302088136521f,0.0064117260351710895f,-0.9924671657092096f,-0.06953466182388916f,0f,0f,0f,1f],start_interpolation:0}
execute if entity @s[tag=aj.lysander.bone.torso] run data modify entity @s {} merge value {transformation:[-0.9924671657092096f,0f,-0.12251091783644533f,3.827021247335479e-18f,0f,1f,0f,0.5f,0.12251091783644533f,0f,-0.9924671657092096f,-0.03125f,0f,0f,0f,1f],start_interpolation:0}
execute if entity @s[tag=aj.lysander.bone.head] run data modify entity @s {} merge value {transformation:[-0.9924671657092096f,-0.0035631955882334423f,-0.12245908960272509f,3.827021247335479e-18f,0f,0.9995769500822006f,-0.0290847187431114f,0.875f,0.12251091783644533f,-0.028865628376425298f,-0.9920473025563377f,-0.03125f,0f,0f,0f,1f],start_interpolation:0}