execute if entity @s[tag=aj.lysander.bone.rightarm] run data modify entity @s {} merge value {transformation:[-0.9985905356218786f,0.05233391238500531f,0.00883763434907304f,-0.31248779604593785f,0.05233595624294383f,0.9986295347545738f,0f,0.8125f,-0.00882552267834585f,0.000462526044584224f,-0.9999609473470011f,-0.03401176073408532f,0f,0f,0f,1f],start_interpolation:0}
execute if entity @s[tag=aj.lysander.bone.leftarm] run data modify entity @s {} merge value {transformation:[-0.9985905356218786f,-0.05233391238500531f,0.00883763434907304f,0.31248779604593785f,-0.05233595624294383f,0.9986295347545738f,0f,0.8125f,-0.00882552267834585f,-0.000462526044584224f,-0.9999609473470011f,-0.028488239265914674f,0f,0f,0f,1f],start_interpolation:0}
execute if entity @s[tag=aj.lysander.bone.torso] run data modify entity @s {} merge value {transformation:[-0.9999609473470011f,0f,0.00883763434907304f,3.827021247335479e-18f,0f,1f,0f,0.5f,-0.00883763434907304f,0f,-0.9999609473470011f,-0.03125f,0f,0f,0f,1f],start_interpolation:0}
execute if entity @s[tag=aj.lysander.bone.head] run data modify entity @s {} merge value {transformation:[-0.9999609473470011f,0.00017572421358056799f,0.00883588715911861f,3.827021247335479e-18f,0f,0.99980230117185f,-0.019883625712462216f,0.875f,-0.00883763434907304f,-0.019882849204126907f,-0.9997632562395149f,-0.03125f,0f,0f,0f,1f],start_interpolation:0}