execute if entity @s[tag=aj.lysander.bone.rightarm] run data modify entity @s {} merge value {transformation:[-0.994580212275102f,0.05070503117221837f,-0.0907700455251483f,-0.30284548213017926f,0.04765501719506337f,0.9982342137740657f,0.03546059484852145f,0.8125f,0.09240779559621225f,0.030942757871546225f,-0.995240345368068f,-0.0025357648475532804f,0f,0f,0f,1f],start_interpolation:0}
execute if entity @s[tag=aj.lysander.bone.leftarm] run data modify entity @s {} merge value {transformation:[-0.9941708113348766f,-0.052102284450080215f,-0.0943914712505097f,0.31110473677158185f,-0.05233595624294383f,0.9986295347545738f,0f,0.8125f,0.09426211101969624f,0.004940067909073766f,-0.995535157669062f,-0.06074733476578428f,0f,0f,0f,1f],start_interpolation:0}
execute if entity @s[tag=aj.lysander.bone.torso] run data modify entity @s {} merge value {transformation:[-0.995535157669062f,0f,-0.0943914712505097f,3.827021247335479e-18f,0f,1f,0f,0.5f,0.0943914712505097f,0f,-0.995535157669062f,-0.03125f,0f,0f,0f,1f],start_interpolation:0}
execute if entity @s[tag=aj.lysander.bone.head] run data modify entity @s {} merge value {transformation:[-0.995535157669062f,-0.002459901464114659f,-0.09435941251206817f,3.827021247335479e-18f,0f,0.9996603640348347f,-0.026060632719519944f,0.875f,0.0943914712505097f,-0.0259442761033828f,-0.9951970381249311f,-0.03125f,0f,0f,0f,1f],start_interpolation:0}