execute if entity @s[tag=aj.lysander.bone.rightarm] run data modify entity @s {} merge value {transformation:[-0.861351891400682f,-0.4933022483260977f,0.12134995252114633f,-0.43400684395788985f,0.4014209673425978f,-0.8073218287732926f,-0.4325421040359884f,0.8125f,0.31134245800757787f,-0.3238585440938123f,0.8934100498982739f,0.028149574053286094f,0f,0f,0f,1f],start_interpolation:0}
execute if entity @s[tag=aj.lysander.bone.leftarm] run data modify entity @s {} merge value {transformation:[-0.9813566521570494f,-0.05143072282419088f,-0.18518639803422143f,0.3070948165722407f,-0.05233595624294383f,0.9986295347545738f,0f,0.8125f,0.1849326065117899f,0.009691907224307392f,-0.9827034130311703f,-0.0891207493856942f,0f,0f,0f,1f],start_interpolation:0}
execute if entity @s[tag=aj.lysander.bone.torso] run data modify entity @s {} merge value {transformation:[-0.9827034130311703f,0f,-0.18518639803422143f,3.827021247335479e-18f,0f,1f,0f,0.5f,0.18518639803422143f,0f,-0.9827034130311703f,-0.03125f,0f,0f,0f,1f],start_interpolation:0}
execute if entity @s[tag=aj.lysander.bone.head] run data modify entity @s {} merge value {transformation:[-0.9827034130311703f,0.07652045641132842f,-0.16863754554514565f,3.827021247335479e-18f,0f,0.9106367818330932f,0.41320775836456336f,0.875f,0.18518639803422143f,0.4060606744358155f,-0.8948858735391019f,-0.03125f,0f,0f,0f,1f],start_interpolation:0}