execute if entity @s[tag=aj.lysander.bone.rightarm] run data modify entity @s {} merge value {transformation:[-0.8520451696167859f,-0.47775543532340115f,0.21393637594305964f,-0.44043988330253625f,0.42185059329809166f,-0.8686595361483893f,-0.2597550522944902f,0.8125f,0.30993726117837256f,-0.13107385047145265f,0.9416785756593578f,0.03652321887330008f,0f,0f,0f,1f],start_interpolation:0}
execute if entity @s[tag=aj.lysander.bone.leftarm] run data modify entity @s {} merge value {transformation:[-0.9831600650475953f,-0.05152523568891481f,-0.17533236034118066f,0.307659156508806f,-0.05233595624294383f,0.9986295347545738f,0f,0.8125f,0.17509207343493455f,0.00917618673878809f,-0.9845093008281792f,-0.08604136260661896f,0f,0f,0f,1f],start_interpolation:0}
execute if entity @s[tag=aj.lysander.bone.torso] run data modify entity @s {} merge value {transformation:[-0.9845093008281792f,0f,-0.17533236034118066f,3.827021247335479e-18f,0f,1f,0f,0.5f,0.17533236034118066f,0f,-0.9845093008281792f,-0.03125f,0f,0f,0f,1f],start_interpolation:0}
execute if entity @s[tag=aj.lysander.bone.head] run data modify entity @s {} merge value {transformation:[-0.9845093008281792f,0.06793227660536316f,-0.16163737927231453f,3.827021247335479e-18f,0f,0.9218913094980472f,0.3874485946186613f,0.875f,0.17533236034118066f,0.3814467449948789f,-0.9076105685534971f,-0.03125f,0f,0f,0f,1f],start_interpolation:0}