execute if entity @s[tag=aj.lysander.bone.rightarm] run data modify entity @s {} merge value {transformation:[-0.9742981322964528f,0.014675616708837574f,-0.22478384211917618f,-0.326092090110126f,0.10767811252244443f,0.9068289136273107f,-0.40751287770218414f,0.8125f,0.1978599845528328f,-0.42124333547692683f,-0.8851019595668207f,0.02839225656034021f,0f,0f,0f,1f],start_interpolation:0}
execute if entity @s[tag=aj.lysander.bone.leftarm] run data modify entity @s {} merge value {transformation:[-0.9828714843216709f,-0.051510111813925216f,-0.17694731896310875f,0.30756885127176575f,-0.05233595624294383f,0.9986295347545738f,0f,0.8125f,0.17670481881219846f,0.009260707142559485f,-0.9842203240696504f,-0.08654603717597148f,0f,0f,0f,1f],start_interpolation:0}
execute if entity @s[tag=aj.lysander.bone.torso] run data modify entity @s {} merge value {transformation:[-0.9842203240696504f,0f,-0.17694731896310875f,3.827021247335479e-18f,0f,1f,0f,0.5f,0.17694731896310875f,0f,-0.9842203240696504f,-0.03125f,0f,0f,0f,1f],start_interpolation:0}
execute if entity @s[tag=aj.lysander.bone.head] run data modify entity @s {} merge value {transformation:[-0.9842203240696504f,0.007556829311900796f,-0.17678588184293154f,3.827021247335479e-18f,0f,0.9990876543305475f,0.042706661825581534f,0.875f,0.17694731896310875f,0.042032764541906825f,-0.9833223749191983f,-0.03125f,0f,0f,0f,1f],start_interpolation:0}