execute if entity @s[tag=aj.lysander.bone.rightarm] run data modify entity @s {} merge value {transformation:[-0.872918832125751f,-0.48241167166621135f,0.07274401391473055f,-0.42150759708589514f,0.38067730984774195f,-0.7667706240570398f,-0.5168632274115315f,0.8125f,0.30511882650420186f,-0.42348764931623406f,0.8529716950692499f,0.05126062250060422f,0f,0f,0f,1f],start_interpolation:0}
execute if entity @s[tag=aj.lysander.bone.leftarm] run data modify entity @s {} merge value {transformation:[-0.9811429740466042f,-0.05141952442894106f,-0.18631826798917492f,0.30702795052513293f,-0.05233595624294383f,0.9986295347545738f,0f,0.8125f,0.18606292527830776f,0.00975114472074254f,-0.9824894416804254f,-0.08947445874661716f,0f,0f,0f,1f],start_interpolation:0}
execute if entity @s[tag=aj.lysander.bone.torso] run data modify entity @s {} merge value {transformation:[-0.9824894416804254f,0f,-0.18631826798917492f,3.827021247335479e-18f,0f,1f,0f,0.5f,0.18631826798917492f,0f,-0.9824894416804254f,-0.03125f,0f,0f,0f,1f],start_interpolation:0}
execute if entity @s[tag=aj.lysander.bone.head] run data modify entity @s {} merge value {transformation:[-0.9824894416804254f,0.052912989530682845f,-0.17864689341102982f,3.827021247335479e-18f,0f,0.9588265033754457f,0.28399249360646206f,0.875f,0.18631826798917492f,0.2790196264848447f,-0.9420369159697362f,-0.03125f,0f,0f,0f,1f],start_interpolation:0}