execute if entity @s[tag=aj.lysander.bone.rightarm] run data modify entity @s {} merge value {transformation:[-0.924056718524592f,-0.31153993816969006f,-0.22149954373494418f,-0.3831039967101116f,0.2756013896445497f,-0.1414516611516905f,-0.9508077100988509f,0.8125f,0.26488309680981126f,-0.9396458346008102f,0.21657019772302719f,0.044524848760909966f,0f,0f,0f,1f],start_interpolation:0}
execute if entity @s[tag=aj.lysander.bone.leftarm] run data modify entity @s {} merge value {transformation:[-0.9818183386111763f,-0.05145491878597674f,-0.18271601270692733f,0.30723929158714214f,-0.05233595624294383f,0.9986295347545738f,0f,0.8125f,0.18246560676172965f,0.009562617245914918f,-0.9831657330788548f,-0.0883487539709148f,0f,0f,0f,1f],start_interpolation:0}
execute if entity @s[tag=aj.lysander.bone.torso] run data modify entity @s {} merge value {transformation:[-0.9831657330788548f,0f,-0.18271601270692733f,3.827021247335479e-18f,0f,1f,0f,0.5f,0.18271601270692733f,0f,-0.9831657330788548f,-0.03125f,0f,0f,0f,1f],start_interpolation:0}
execute if entity @s[tag=aj.lysander.bone.head] run data modify entity @s {} merge value {transformation:[-0.9831657330788548f,0.032260640924404685f,-0.17984546796253903f,3.827021247335479e-18f,0f,0.9842895830427704f,0.17656165131049614f,0.875f,0.18271601270692733f,0.1735893653442971f,-0.9677197894741256f,-0.03125f,0f,0f,0f,1f],start_interpolation:0}