execute if entity @s[tag=aj.lysander.bone.rightarm] run data modify entity @s {} merge value {transformation:[-0.9985036859135183f,0.05232936078465877f,-0.015875365097747233f,-0.31149777665699374f,0.05233595624294383f,0.9986295347545738f,0f,0.8125f,0.01585360846162232f,-0.0008308524130964569f,-0.9998739784507912f,-0.026304235795566636f,0f,0f,0f,1f],start_interpolation:0}
execute if entity @s[tag=aj.lysander.bone.leftarm] run data modify entity @s {} merge value {transformation:[-0.9985036859135183f,-0.05232936078465877f,-0.015875365097747233f,0.31246061826587224f,-0.05233595624294383f,0.9986295347545738f,0f,0.8125f,0.01585360846162232f,0.0008308524130964569f,-0.9998739784507912f,-0.03621105159304601f,0f,0f,0f,1f],start_interpolation:0}
execute if entity @s[tag=aj.lysander.bone.torso] run data modify entity @s {} merge value {transformation:[-0.9998739784507912f,0f,-0.015875365097747233f,3.827021247335479e-18f,0f,1f,0f,0.5f,0.015875365097747233f,0f,-0.9998739784507912f,-0.03125f,0f,0f,0f,1f],start_interpolation:0}
execute if entity @s[tag=aj.lysander.bone.head] run data modify entity @s {} merge value {transformation:[-0.9998739784507912f,-0.000048026674500803786f,-0.015875292451646594f,3.827021247335479e-18f,0f,0.9999954239729172f,-0.0030252327555993614f,0.875f,0.015875365097747233f,-0.0030248515110807834f,-0.9998694030003864f,-0.03125f,0f,0f,0f,1f],start_interpolation:0}