execute if entity @s[tag=aj.lysander.bone.rightarm] run data modify entity @s {} merge value {transformation:[-0.8588800724720471f,-0.5017975691175514f,0.10258762468313146f,-0.43709556651788084f,0.40142096734259775f,-0.7839087816010966f,-0.473654123919995f,0.8125f,0.31809782785826096f,-0.3656312647414074f,0.8747156967583555f,0.013403843400235732f,0f,0f,0f,1f],start_interpolation:0}
execute if entity @s[tag=aj.lysander.bone.leftarm] run data modify entity @s {} merge value {transformation:[-0.9798739424439609f,-0.05135301730080652f,-0.19289874165849832f,0.30663083391479407f,-0.05233595624294383f,0.9986295347545738f,0f,0.8125f,0.19263438063716892f,0.010095540102758094f,-0.981218668527341f,-0.09153085676828072f,0f,0f,0f,1f],start_interpolation:0}
execute if entity @s[tag=aj.lysander.bone.torso] run data modify entity @s {} merge value {transformation:[-0.981218668527341f,0f,-0.19289874165849832f,3.827021247335479e-18f,0f,1f,0f,0.5f,0.19289874165849832f,0f,-0.981218668527341f,-0.03125f,0f,0f,0f,1f],start_interpolation:0}
execute if entity @s[tag=aj.lysander.bone.head] run data modify entity @s {} merge value {transformation:[-0.981218668527341f,0.0824185620151168f,-0.17440500327912734f,3.827021247335479e-18f,0f,0.9041272212541869f,0.4272633471141452f,0.875f,0.19289874165849832f,0.41923877256587666f,-0.8871465082183578f,-0.03125f,0f,0f,0f,1f],start_interpolation:0}