execute if entity @s[tag=aj.lysander.bone.rightarm] run data modify entity @s {} merge value {transformation:[-0.9985460791399898f,0.05233158251951477f,0.01292800468580865f,-0.31247388432982415f,0.05233595624294383f,0.9986295347545738f,0f,0.8125f,-0.012910287304694042f,0.0006765994875450542f,-0.9999164298554373f,-0.035290001464315206f,0f,0f,0f,1f],start_interpolation:0}
execute if entity @s[tag=aj.lysander.bone.leftarm] run data modify entity @s {} merge value {transformation:[-0.9985460791399898f,-0.05233158251951477f,0.01292800468580865f,0.31247388432982415f,-0.05233595624294383f,0.9986295347545738f,0f,0.8125f,-0.012910287304694042f,-0.0006765994875450542f,-0.9999164298554373f,-0.027209998535684798f,0f,0f,0f,1f],start_interpolation:0}
execute if entity @s[tag=aj.lysander.bone.torso] run data modify entity @s {} merge value {transformation:[-0.9999164298554373f,0f,0.01292800468580865f,3.827021247335479e-18f,0f,1f,0f,0.5f,-0.01292800468580865f,0f,-0.9999164298554373f,-0.03125f,0f,0f,0f,1f],start_interpolation:0}
execute if entity @s[tag=aj.lysander.bone.head] run data modify entity @s {} merge value {transformation:[-0.9999164298554373f,0.00037600738019637084f,0.012922535494489008f,3.827021247335479e-18f,0f,0.9995769500822006f,-0.0290847187431114f,0.875f,-0.01292800468580865f,-0.029082288128961475f,-0.9994934152919807f,-0.03125f,0f,0f,0f,1f],start_interpolation:0}