execute if entity @s[tag=aj.lysander.bone.rightarm] run data modify entity @s {} merge value {transformation:[-0.8590686842898759f,-0.5055272960474915f,0.08026922587999341f,-0.44010289251467494f,0.4014209673425978f,-0.7626792399158282f,-0.5071307365750453f,0.8125f,0.31758810218614053f,-0.4034383843318914f,0.8581231073671649f,-0.002066203121998275f,0f,0f,0f,1f],start_interpolation:0}
execute if entity @s[tag=aj.lysander.bone.leftarm] run data modify entity @s {} merge value {transformation:[-0.979988081454579f,-0.051358999072882584f,-0.1923164408499827f,0.3066665513050542f,-0.05233595624294383f,0.9986295347545738f,0f,0.8125f,0.19205287785167374f,0.01006506483312339f,-0.9813329641761736f,-0.09134888776561959f,0f,0f,0f,1f],start_interpolation:0}
execute if entity @s[tag=aj.lysander.bone.torso] run data modify entity @s {} merge value {transformation:[-0.9813329641761736f,0f,-0.1923164408499827f,3.827021247335479e-18f,0f,1f,0f,0.5f,0.1923164408499827f,0f,-0.9813329641761736f,-0.03125f,0f,0f,0f,1f],start_interpolation:0}
execute if entity @s[tag=aj.lysander.bone.head] run data modify entity @s {} merge value {transformation:[-0.9813329641761736f,0.08206999822975546f,-0.17392564161667717f,3.827021247335479e-18f,0f,0.904372194327102f,0.42674457715123026f,0.875f,0.1923164408499827f,0.4187785208419246f,-0.8874902461775255f,-0.03125f,0f,0f,0f,1f],start_interpolation:0}