execute if entity @s[tag=aj.owen.bone.torso] run data modify entity @s {} merge value {transformation:[-1f,0f,1.2246467991473532e-16f,3.827021247335479e-18f,0f,1f,0f,1.075f,-1.2246467991473532e-16f,0f,-1f,-0.03125f,0f,0f,0f,1f],start_interpolation:0}
execute if entity @s[tag=aj.owen.bone.right_arm] run data modify entity @s {} merge value {transformation:[-1f,3.78436673043415e-17f,1.1647083184890926e-16f,-0.3125f,0f,0.9510565162951536f,-0.3090169943749474f,1.3875f,-1.2246467991473532e-16f,-0.3090169943749474f,-0.9510565162951536f,-0.03125000000000004f,0f,0f,0f,1f],start_interpolation:0}
execute if entity @s[tag=aj.owen.bone.left_arm] run data modify entity @s {} merge value {transformation:[-1f,-3.78436673043415e-17f,1.1647083184890926e-16f,0.3125f,0f,0.9510565162951536f,0.3090169943749474f,1.3875f,-1.2246467991473532e-16f,0.3090169943749474f,-0.9510565162951536f,-0.031249999999999962f,0f,0f,0f,1f],start_interpolation:0}
execute if entity @s[tag=aj.owen.bone.head] run data modify entity @s {} merge value {transformation:[-1f,0f,1.2246467991473532e-16f,3.827021247335479e-18f,0f,1f,0f,1.45f,-1.2246467991473532e-16f,0f,-1f,-0.03125f,0f,0f,0f,1f],start_interpolation:0}
execute if entity @s[tag=aj.owen.bone.left_leg] run data modify entity @s {} merge value {transformation:[-0.9993908270190958f,0.03446982598569868f,-0.005459484096828916f,0.125f,0.03489949670250096f,0.987086667544493f,-0.1563391693908461f,0.7f,-1.2282375860961037e-16f,-0.1564344650402308f,-0.9876883405951378f,0.02500000000000001f,0f,0f,0f,1f],start_interpolation:0}
execute if entity @s[tag=aj.owen.bone.right_leg] run data modify entity @s {} merge value {transformation:[-0.9993908270190958f,-0.032998122411281805f,-0.011362164732916746f,-0.125f,-0.03489949670250096f,0.9449425912301186f,0.32536982713401846f,0.7f,-1.2239007774061617e-16f,0.32556815445715664f,-0.9455185755993168f,-0.02500000000000001f,0f,0f,0f,1f],start_interpolation:0}