execute if entity @s[tag=aj.owen.bone.torso] run data modify entity @s {} merge value {transformation:[-1f,0f,1.2246467991473532e-16f,3.827021247335479e-18f,0f,1f,0f,1.0625f,-1.2246467991473532e-16f,0f,-1f,-0.03125f,0f,0f,0f,1f],start_interpolation:0}
execute if entity @s[tag=aj.owen.bone.right_arm] run data modify entity @s {} merge value {transformation:[-1f,-4.6865204053262974e-17f,1.1314261122877003e-16f,-0.3125f,0f,0.9238795325112867f,0.3826834323650897f,1.375f,-1.2246467991473532e-16f,0.3826834323650897f,-0.9238795325112867f,-0.03125000000000004f,0f,0f,0f,1f],start_interpolation:0}
execute if entity @s[tag=aj.owen.bone.left_arm] run data modify entity @s {} merge value {transformation:[-1f,4.6865204053262974e-17f,1.1314261122877003e-16f,0.3125f,0f,0.9238795325112867f,-0.3826834323650897f,1.375f,-1.2246467991473532e-16f,-0.3826834323650897f,-0.9238795325112867f,-0.031249999999999962f,0f,0f,0f,1f],start_interpolation:0}
execute if entity @s[tag=aj.owen.bone.head] run data modify entity @s {} merge value {transformation:[-1f,0f,1.2246467991473532e-16f,3.827021247335479e-18f,0f,1f,0f,1.4375f,-1.2246467991473532e-16f,0f,-1f,-0.03125f,0f,0f,0f,1f],start_interpolation:0}
execute if entity @s[tag=aj.owen.bone.left_leg] run data modify entity @s {} merge value {transformation:[-0.9990482215818578f,-0.0402990592075154f,-0.016692416874629096f,0.125f,-0.04361938736533599f,0.9230002039112792f,0.3823192025331841f,0.6875f,-1.2061339719943099e-16f,0.3826834323650897f,-0.9238795325112867f,-0.031249999999999986f,0f,0f,0f,1f],start_interpolation:0}
execute if entity @s[tag=aj.owen.bone.right_leg] run data modify entity @s {} merge value {transformation:[-0.9990482215818578f,0.04258543371779523f,-0.009440963361569766f,-0.125f,0.04361938736533599f,0.9753667896506382f,-0.21623361138472558f,0.6875f,-1.223481206754078e-16f,-0.2164396139381029f,-0.9762960071199334f,0.031249999999999986f,0f,0f,0f,1f],start_interpolation:0}