execute if entity @s[tag=aj.owen.bone.torso] run data modify entity @s {} merge value {transformation:[-1f,0f,1.2246467991473532e-16f,3.827021247335479e-18f,0f,1f,0f,1.1125f,-1.2246467991473532e-16f,0f,-1f,-0.03125f,0f,0f,0f,1f],start_interpolation:0}
execute if entity @s[tag=aj.owen.bone.right_arm] run data modify entity @s {} merge value {transformation:[-1f,-9.608468044710115e-18f,1.220871621770789e-16f,-0.3125f,0f,0.996917333733128f,0.078459095727845f,1.425f,-1.2246467991473532e-16f,0.078459095727845f,-0.996917333733128f,-0.03125000000000004f,0f,0f,0f,1f],start_interpolation:0}
execute if entity @s[tag=aj.owen.bone.left_arm] run data modify entity @s {} merge value {transformation:[-1f,9.608468044710115e-18f,1.220871621770789e-16f,0.3125f,0f,0.996917333733128f,-0.078459095727845f,1.425f,-1.2246467991473532e-16f,-0.078459095727845f,-0.996917333733128f,-0.031249999999999962f,0f,0f,0f,1f],start_interpolation:0}
execute if entity @s[tag=aj.owen.bone.head] run data modify entity @s {} merge value {transformation:[-1f,0f,1.2246467991473532e-16f,3.827021247335479e-18f,0f,1f,0f,1.4875f,-1.2246467991473532e-16f,0f,-1f,-0.03125f,0f,0f,0f,1f],start_interpolation:0}
execute if entity @s[tag=aj.owen.bone.left_leg] run data modify entity @s {} merge value {transformation:[-0.9999619230641713f,-0.008630682040082738f,-0.0012898640732161746f,0.125f,-0.008726535498373945f,0.9889782046683541f,0.14780378300014815f,0.7375f,-1.2235159661772836e-16f,0.14780941112961063f,-0.9890158633619168f,-0.006249999999999992f,0f,0f,0f,1f],start_interpolation:0}
execute if entity @s[tag=aj.owen.bone.right_leg] run data modify entity @s {} merge value {transformation:[-0.9999619230641713f,0.008723545132608736f,0.0002284340686478767f,-0.125f,0.008726535498373943f,0.9996192610877435f,0.02617595156989218f,0.7375f,-1.2244646430782085e-16f,0.02617694830787309f,-0.9996573249755573f,0.006249999999999992f,0f,0f,0f,1f],start_interpolation:0}