execute if entity @s[tag=aj.owen.bone.torso] run data modify entity @s {} merge value {transformation:[-1f,0f,1.2246467991473532e-16f,3.827021247335479e-18f,0f,1f,0f,1.075f,-1.2246467991473532e-16f,0f,-1f,-0.03125f,0f,0f,0f,1f],start_interpolation:0}
execute if entity @s[tag=aj.owen.bone.right_arm] run data modify entity @s {} merge value {transformation:[-1f,-3.7843667304341506e-17f,1.1647083184890923e-16f,-0.3125f,0f,0.9510565162951535f,0.30901699437494745f,1.3875f,-1.2246467991473532e-16f,0.30901699437494745f,-0.9510565162951535f,-0.03125000000000004f,0f,0f,0f,1f],start_interpolation:0}
execute if entity @s[tag=aj.owen.bone.left_arm] run data modify entity @s {} merge value {transformation:[-1f,3.7843667304341506e-17f,1.1647083184890923e-16f,0.3125f,0f,0.9510565162951535f,-0.30901699437494745f,1.3875f,-1.2246467991473532e-16f,-0.30901699437494745f,-0.9510565162951535f,-0.031249999999999962f,0f,0f,0f,1f],start_interpolation:0}
execute if entity @s[tag=aj.owen.bone.head] run data modify entity @s {} merge value {transformation:[-1f,0f,1.2246467991473532e-16f,3.827021247335479e-18f,0f,1f,0f,1.45f,-1.2246467991473532e-16f,0f,-1f,-0.03125f,0f,0f,0f,1f],start_interpolation:0}
execute if entity @s[tag=aj.owen.bone.left_leg] run data modify entity @s {} merge value {transformation:[-0.9993908270190958f,-0.03299812241128181f,-0.011362164732916749f,0.125f,-0.03489949670250097f,0.9449425912301186f,0.3253698271340185f,0.7f,-1.2239007774061617e-16f,0.3255681544571567f,-0.9455185755993168f,-0.024999999999999984f,0f,0f,0f,1f],start_interpolation:0}
execute if entity @s[tag=aj.owen.bone.right_leg] run data modify entity @s {} merge value {transformation:[-0.9993908270190958f,0.034469825985698685f,-0.00545948409682892f,-0.125f,0.03489949670250097f,0.987086667544493f,-0.15633916939084616f,0.7f,-1.2282375860961037e-16f,-0.15643446504023087f,-0.9876883405951378f,0.024999999999999988f,0f,0f,0f,1f],start_interpolation:0}