execute if entity @s[tag=aj.villager_link.bone.torso] run data modify entity @s {} merge value {transformation:[-0.9807852804032304f,0.0015428602494293871f,-0.1950842211113121f,0.000578572593536024f,0f,0.9999687277936035f,0.007908440733937783f,0.4999882729226013f,0.19509032201612816f,0.007756482262787498f,-0.980754609083511f,-0.02834131915145469f,0f,0f,0f,1f],start_interpolation:0}
execute if entity @s[tag=aj.villager_link.bone.rightarm] run data modify entity @s {} merge value {transformation:[-0.9760538986820251f,0.09754450862060185f,-0.19443213650419125f,-0.3054346837045268f,0.09831546054757007f,0.9951389491561298f,0.005704567446638534f,0.8124785003581024f,0.19404344123143752f,-0.013547719749071468f,-0.9808993843430946f,0.03504830718570646f,0f,0f,0f,1f],start_interpolation:0}
execute if entity @s[tag=aj.villager_link.bone.leftarm] run data modify entity @s {} merge value {transformation:[-0.9761850490319394f,-0.09489413427553212f,-0.1950842211113121f,0.3075561165474922f,-0.09831561066474603f,0.9951238602630207f,0.007908440733937783f,0.8124785003581024f,0.1933824985517772f,0.02689992593524023f,-0.980754609083511f,-0.08688314407437364f,0f,0f,0f,1f],start_interpolation:0}
execute if entity @s[tag=aj.villager_link.bone.head] run data modify entity @s {} merge value {transformation:[-0.9807852804032304f,0.0015428602494293871f,-0.1950842211113121f,0.0011571451870720443f,0f,0.9999687277936035f,0.007908440733937783f,0.8749765458452026f,0.19509032201612816f,0.007756482262787498f,-0.980754609083511f,-0.02543263830290938f,0f,0f,0f,1f],start_interpolation:0}