execute if entity @s[tag=aj.villager_link.bone.torso] run data modify entity @s {} merge value {transformation:[-0.8936326403234123f,0.007832625701578104f,-0.4487308259115098f,0.002937234638091793f,0f,0.9998476951563913f,0.01745240643728351f,0.49994288568364675f,0.44879918020046194f,0.015596040044546981f,-0.8934965357438842f,-0.02540148498329488f,0f,0f,0f,1f],start_interpolation:0}
execute if entity @s[tag=aj.villager_link.bone.rightarm] run data modify entity @s {} merge value {transformation:[-0.8095957533508278f,0.377522316926665f,-0.4494792724682955f,-0.2738752699312314f,0.4226121618182706f,0.9063106312995052f,0.000016636720380311387f,0.812395290420019f,0.4073741239200071f,-0.18994193801216025f,-0.8932907608078074f,0.1197220213432704f,0f,0f,0f,1f],start_interpolation:0}
execute if entity @s[tag=aj.villager_link.bone.leftarm] run data modify entity @s {} merge value {transformation:[-0.8132164313340968f,-0.37056670342194853f,-0.4487308259115098f,0.28464513027090127f,-0.42255389493243883f,0.9061697519708839f,0.01745240643728351f,0.812395290420019f,0.4001590204976786f,0.2038055419462785f,-0.8934965357438842f,-0.1607774662820183f,0f,0f,0f,1f],start_interpolation:0}
execute if entity @s[tag=aj.villager_link.bone.head] run data modify entity @s {} merge value {transformation:[-0.8936326403234123f,0.007832625701578104f,-0.4487308259115098f,0.005874469276183581f,0f,0.9998476951563913f,0.01745240643728351f,0.8748857713672935f,0.44879918020046194f,0.015596040044546981f,-0.8934965357438842f,-0.019552969966589763f,0f,0f,0f,1f],start_interpolation:0}