execute if entity @s[tag=aj.villager_link.bone.torso] run data modify entity @s {} merge value {transformation:[-0.9997399627640416f,0.0006490485838394988f,-0.02279442011739749f,0.00024339321893981588f,0f,0.9995948616691152f,0.028462475730382946f,0.49984807312591817f,0.02280365875364301f,0.028455074426865484f,-0.9993349297842086f,-0.020579347089925443f,0f,0f,0f,1f],start_interpolation:0}
execute if entity @s[tag=aj.villager_link.bone.rightarm] run data modify entity @s {} merge value {transformation:[-0.9994072080812975f,0.02621431704883386f,-0.022316854993688212f,-0.3119725174623733f,0.025381008861475374f,0.998998878922359f,0.03683808221181006f,0.8122214673975167f,0.023260198286338764f,0.036249820600019335f,-0.9990720262734547f,-0.004560992971016537f,0f,0f,0f,1f],start_interpolation:0}
execute if entity @s[tag=aj.villager_link.bone.leftarm] run data modify entity @s {} merge value {transformation:[-0.9994401588926765f,-0.0249166837537211f,-0.022327733053280924f,0.3128649592651527f,-0.025366288894618866f,0.9994764377516776f,0.02008486412530138f,0.8122214673975167f,0.02181559488751701f,0.020639991519720485f,-0.9995489335544157f,-0.018813279692043418f,0f,0f,0f,1f],start_interpolation:0}
execute if entity @s[tag=aj.villager_link.bone.head] run data modify entity @s {} merge value {transformation:[-0.9997399627640416f,0.0006490485838394988f,-0.02279442011739749f,0.00048678643787962797f,0f,0.9995948616691152f,0.028462475730382946f,0.8746961462518363f,0.02280365875364301f,0.028455074426865484f,-0.9993349297842086f,-0.009908694179850887f,0f,0f,0f,1f],start_interpolation:0}