execute if entity @s[tag=aj.villager_link.bone.torso] run data modify entity @s {} merge value {transformation:[-0.8952488885988696f,-0.011169916930432613f,0.4454263804696081f,-0.004188718848912226f,0f,0.9996857225282805f,0.025069028164447248f,0.4998821459481052f,-0.44556641195504043f,0.022443019602475158f,-0.8949675320416011f,-0.022833867649071818f,0f,0f,0f,1f],start_interpolation:0}
execute if entity @s[tag=aj.villager_link.bone.rightarm] run data modify entity @s {} merge value {transformation:[-0.8082227407604562f,0.3852011061068079f,0.44541678142134294f,-0.2874445955768192f,0.4434080813370483f,0.8958222879275011f,0.029861377351604008f,0.8122839342381928f,-0.38751164462846044f,0.2216360446913567f,-0.8948252281707958f,-0.15505992775924846f,0f,0f,0f,1f],start_interpolation:0}
execute if entity @s[tag=aj.villager_link.bone.leftarm] run data modify entity @s {} merge value {transformation:[-0.798095185220605f,-0.40574880818312525f,0.44543459675429575f,0.27208595979747435f,-0.4434966959861556f,0.8960165740222531f,0.021563388573872574f,0.8122839342381928f,-0.4078661005490063f,-0.18033913534060697f,-0.8950547694345582f,0.12341907971265179f,0f,0f,0f,1f],start_interpolation:0}
execute if entity @s[tag=aj.villager_link.bone.head] run data modify entity @s {} merge value {transformation:[-0.8952488885988696f,-0.011169916930432613f,0.4454263804696081f,-0.008377437697824456f,0f,0.9996857225282805f,0.025069028164447248f,0.8747642918962104f,-0.44556641195504043f,0.022443019602475158f,-0.8949675320416011f,-0.014417735298143632f,0f,0f,0f,1f],start_interpolation:0}