execute if entity @s[tag=aj.villager_link.bone.torso] run data modify entity @s {} merge value {transformation:[-0.8966410367852359f,0.015019550749411704f,-0.4425034059168167f,0.005632331531029392f,0f,0.99942445988754f,0.03392269120366068f,0.4997841724578275f,0.4427582310389014f,0.030416477011395715f,-0.8961249839020883f,-0.019843821120726607f,0f,0f,0f,1f],start_interpolation:0}
execute if entity @s[tag=aj.villager_link.bone.rightarm] run data modify entity @s {} merge value {transformation:[-0.8393766663313198f,0.3161906424457988f,-0.4421202208090388f,-0.26987438285516563f,0.34362787459385974f,0.9389117629628948f,0.019094113543589166f,0.8121043161726837f,0.42114925598963937f,-0.13589767841880834f,-0.8967525440051739f,0.12802327514499123f,0f,0f,0f,1f],start_interpolation:0}
execute if entity @s[tag=aj.villager_link.bone.leftarm] run data modify entity @s {} merge value {transformation:[-0.847185215335113f,-0.2940543260515222f,-0.4425034059168167f,0.29052626513560675f,-0.3434837456912355f,0.9385457727076606f,0.03392269120366068f,0.8121043161726837f,0.40533458693222396f,0.18073152979755724f,-0.8961249839020883f,-0.14870061925432215f,0f,0f,0f,1f],start_interpolation:0}
execute if entity @s[tag=aj.villager_link.bone.head] run data modify entity @s {} merge value {transformation:[-0.8966410367852359f,0.015019550749411704f,-0.4425034059168167f,0.011264663062058781f,0f,0.99942445988754f,0.03392269120366068f,0.874568344915655f,0.4427582310389014f,0.030416477011395715f,-0.8961249839020883f,-0.008437642241453214f,0f,0f,0f,1f],start_interpolation:0}