execute if entity @s[tag=aj.villager_link.bone.torso] run data modify entity @s {} merge value {transformation:[-0.9998602441221454f,0.00036787409954580077f,-0.016713972976251722f,0.00013795278732967912f,0f,0.9997578685067643f,0.022004644028282647f,0.49990920069003664f,0.01671802093562481f,0.022001568749939596f,-0.999618146468209f,-0.02299941171877265f,0f,0f,0f,1f],start_interpolation:0}
execute if entity @s[tag=aj.villager_link.bone.rightarm] run data modify entity @s {} merge value {transformation:[-0.9993205182794945f,0.033046952840148004f,-0.016321784632309214f,-0.3122034128447327f,0.032579196296776206f,0.9990730006071912f,0.02813779355954185f,0.8123335345984004f,0.017236522684653508f,0.027586923817713084f,-0.9994707919294177f,-0.010899539942033774f,0f,0f,0f,1f],start_interpolation:0}
execute if entity @s[tag=aj.villager_link.bone.leftarm] run data modify entity @s {} merge value {transformation:[-0.9993444910999755f,-0.032311609150789365f,-0.016326298484893677f,0.3127092397316082f,-0.03257085350459103f,0.9993434152284745f,0.015870662918459684f,0.8123335345984004f,0.01580277222874792f,0.016392021033891042f,-0.9997407534137592f,-0.02134830302679928f,0f,0f,0f,1f],start_interpolation:0}
execute if entity @s[tag=aj.villager_link.bone.head] run data modify entity @s {} merge value {transformation:[-0.9998602441221454f,0.00036787409954580077f,-0.016713972976251722f,0.00027590557465935445f,0f,0.9997578685067643f,0.022004644028282647f,0.8748184013800733f,0.01671802093562481f,0.022001568749939596f,-0.999618146468209f,-0.014748823437545303f,0f,0f,0f,1f],start_interpolation:0}