execute if entity @s[tag=aj.villager_link.bone.torso] run data modify entity @s {} merge value {transformation:[-0.8924283781237179f,-0.015305547985983096f,0.45092940702544476f,-0.005739580494743658f,0f,0.99942445988754f,0.03392269120366068f,0.4997841724578275f,-0.45118908444184513f,0.030273572292474616f,-0.89191474979461f,-0.01989741039032202f,0f,0f,0f,1f],start_interpolation:0}
execute if entity @s[tag=aj.villager_link.bone.rightarm] run data modify entity @s {} merge value {transformation:[-0.8116874714629954f,0.37122514872880147f,0.4509493736787849f,-0.2894064324040252f,0.4318323879093551f,0.9012607700976805f,0.035352694882290654f,0.8121043161726837f,-0.393299170381166f,0.22342988438034703f,-0.891849118036942f,-0.15143350793700028f,0f,0f,0f,1f],start_interpolation:0}
execute if entity @s[tag=aj.villager_link.bone.leftarm] run data modify entity @s {} merge value {transformation:[-0.7983393924869635f,-0.39912353290869773f,0.4509485778689468f,0.2683613039232985f,-0.4318603400176585f,0.9013293156952923f,0.033198063017117814f,0.8121043161726837f,-0.41970330130150063f,-0.16824348470813313f,-0.8919323229538696f,0.1305596698391529f,0f,0f,0f,1f],start_interpolation:0}
execute if entity @s[tag=aj.villager_link.bone.head] run data modify entity @s {} merge value {transformation:[-0.8924283781237179f,-0.015305547985983096f,0.45092940702544476f,-0.011479160989487319f,0f,0.99942445988754f,0.03392269120366068f,0.874568344915655f,-0.45118908444184513f,0.030273572292474616f,-0.89191474979461f,-0.008544820780644037f,0f,0f,0f,1f],start_interpolation:0}