execute if entity @s[tag=aj.villager_link.bone.torso] run data modify entity @s {} merge value {transformation:[-0.9819917011209965f,-0.001858024975693565f,0.18891491913737551f,-0.0006967593658850831f,0f,0.9999516374624805f,0.009834771787081089f,0.4999818640484302f,-0.18892405598412138f,0.009657664277332542f,-0.9819442095105072f,-0.0276283758960003f,0f,0f,0f,1f],start_interpolation:0}
execute if entity @s[tag=aj.villager_link.bone.rightarm] run data modify entity @s {} merge value {transformation:[-0.8791133048838922f,0.43783517482070605f,0.18830867443068763f,-0.3081497987711007f,0.44595499262622185f,0.895054990992948f,0.0008412195669990769f,0.8124667507554554f,-0.16817830338027348f,0.08471672083086848f,-0.9821095333433014f,-0.08364912330437181f,0f,0f,0f,1f],start_interpolation:0}
execute if entity @s[tag=aj.villager_link.bone.leftarm] run data modify entity @s {} merge value {transformation:[-0.8780434213250522f,-0.4397412495814587f,0.18885810462973016f,0.3055950144295221f,-0.4459433429671972f,0.8949979197009161f,0.01064230211342227f,0.8124667507554554f,-0.17370746999204614f,-0.07487561116658645f,-0.981946718371925f,0.034428411685704055f,0f,0f,0f,1f],start_interpolation:0}
execute if entity @s[tag=aj.villager_link.bone.head] run data modify entity @s {} merge value {transformation:[-0.9819917011209965f,-0.001858024975693565f,0.18891491913737551f,-0.00139351873177017f,0f,0.9999516374624805f,0.009834771787081089f,0.8749637280968604f,-0.18892405598412138f,0.009657664277332542f,-0.9819442095105072f,-0.024006751792000593f,0f,0f,0f,1f],start_interpolation:0}