execute if entity @s[tag=aj.villager_link.bone.torso] run data modify entity @s {} merge value {transformation:[-0.892366027952372f,0.011313962982240171f,-0.45117055134188766f,0.004242736118340067f,0f,0.9996857225282805f,0.025069028164447272f,0.4998821459481052f,0.4513123886583509f,0.022370749087733954f,-0.8920855774132587f,-0.022860969092099767f,0f,0f,0f,1f],start_interpolation:0}
execute if entity @s[tag=aj.villager_link.bone.rightarm] run data modify entity @s {} merge value {transformation:[-0.8163271027263215f,0.36011606441832644f,-0.45158219794662563f,-0.27108603418482613f,0.3998782284642188f,0.9165330864074258f,0.008031433296498004f,0.8122839342381928f,0.41678227380104305f,-0.17402161264720492f,-0.8921933728608942f,0.12516501145355174f,0f,0f,0f,1f],start_interpolation:0}
execute if entity @s[tag=aj.villager_link.bone.leftarm] run data modify entity @s {} merge value {transformation:[-0.8224314394400123f,-0.3464847197532474f,-0.45117055134188766f,0.28664273328540635f,-0.3997714875453335f,0.9162719583031457f,0.025069028164447272f,0.8122839342381928f,0.40470888940869654f,0.20098267936524328f,-0.8920855774132587f,-0.15690523145791757f,0f,0f,0f,1f],start_interpolation:0}
execute if entity @s[tag=aj.villager_link.bone.head] run data modify entity @s {} merge value {transformation:[-0.892366027952372f,0.011313962982240171f,-0.45117055134188766f,0.008485472236680131f,0f,0.9996857225282805f,0.025069028164447272f,0.8747642918962104f,0.4513123886583509f,0.022370749087733954f,-0.8920855774132587f,-0.014471938184199534f,0f,0f,0f,1f],start_interpolation:0}