execute if entity @s[tag=aj.villager_link.bone.torso] run data modify entity @s {} merge value {transformation:[-0.9064398974924472f,-0.004153566712733747f,0.4223144090810125f,-0.0015575875172751511f,0f,0.9999516374624805f,0.009834771787081089f,0.4999818640484302f,-0.4223348342652804f,0.008914629530543394f,-0.9063960597588956f,-0.027907013926046227f,0f,0f,0f,1f],start_interpolation:0}
execute if entity @s[tag=aj.villager_link.bone.rightarm] run data modify entity @s {} merge value {transformation:[-0.8112976366000152f,0.40418917351673195f,0.4224065066486203f,-0.2861180450813942f,0.45341444329944736f,0.8911145757744549f,0.01817018023481298f,0.8124667507554554f,-0.36906840484479553f,0.20626663533924852f,-0.9062243583633931f,-0.15710082790565152f,0f,0f,0f,1f],start_interpolation:0}
execute if entity @s[tag=aj.villager_link.bone.leftarm] run data modify entity @s {} merge value {transformation:[-0.8074199315961273f,-0.4118606823234023f,0.4224261265800289f,0.2804068908513853f,-0.45348196053108863f,0.8912627609901875f,0.002191425341664632f,0.8124667507554554f,-0.3773952378265858f,-0.18979322756160047f,-0.9063947071985611f,0.1068584435101487f,0f,0f,0f,1f],start_interpolation:0}
execute if entity @s[tag=aj.villager_link.bone.head] run data modify entity @s {} merge value {transformation:[-0.9064398974924472f,-0.004153566712733747f,0.4223144090810125f,-0.003115175034550306f,0f,0.9999516374624805f,0.009834771787081089f,0.8749637280968604f,-0.4223348342652804f,0.008914629530543394f,-0.9063960597588956f,-0.024564027852092454f,0f,0f,0f,1f],start_interpolation:0}