execute if entity @s[tag=aj.villager_link.bone.torso] run data modify entity @s {} merge value {transformation:[-0.9450630751798047f,0.004837894368336275f,-0.3268522276347088f,0.0018142103881261071f,0f,0.9998904761967832f,0.014799851721224154f,0.4999589285737937f,0.3268880296549426f,0.013986793379865225f,-0.9449595682775312f,-0.02600495248255054f,0f,0f,0f,1f],start_interpolation:0}
execute if entity @s[tag=aj.villager_link.bone.rightarm] run data modify entity @s {} merge value {transformation:[-0.9360866280736105f,0.1325559862440938f,-0.3258385110029714f,-0.29200615861545776f,0.13657235013396934f,0.9905730916190597f,0.01062748037600169f,0.8124247023852884f,0.32417559735529505f,-0.03455228894173913f,-0.9453657077598193f,0.0805184297158269f,0f,0f,0f,1f],start_interpolation:0}
execute if entity @s[tag=aj.villager_link.bone.leftarm] run data modify entity @s {} merge value {transformation:[-0.9368681587459776f,-0.12428062768649804f,-0.3268522276347088f,0.29865826337192014f,-0.13656131072407854f,0.9905210612613704f,0.014799851721224154f,0.8124247023852884f,0.32191468053079386f,0.05850087845065747f,-0.9449595682775312f,-0.12378658881851223f,0f,0f,0f,1f],start_interpolation:0}
execute if entity @s[tag=aj.villager_link.bone.head] run data modify entity @s {} merge value {transformation:[-0.9450630751798047f,0.004837894368336275f,-0.3268522276347088f,0.0036284207762522103f,0f,0.9998904761967832f,0.014799851721224154f,0.8749178571475874f,0.3268880296549426f,0.013986793379865225f,-0.9449595682775312f,-0.02075990496510108f,0f,0f,0f,1f],start_interpolation:0}