execute if entity @s[tag=aj.villager_link.bone.torso] run data modify entity @s {} merge value {transformation:[-0.8948077767698381f,0.006626895657799074f,-0.44640242706123373f,0.0024850858716746567f,0f,0.9998898294796048f,0.014843480159544311f,0.49995868605485183f,0.44645161286775464f,0.013282061481089047f,-0.8947091953314177f,-0.026269226944591606f,0f,0f,0f,1f],start_interpolation:0}
execute if entity @s[tag=aj.villager_link.bone.rightarm] run data modify entity @s {} merge value {transformation:[-0.8087729259095692f,0.3819372486642819f,-0.44722510260318904f,-0.27507143947583756f,0.4281711643019244f,0.9036940687253175f,-0.0025464113994657523f,0.8124242577672283f,0.4031821032436943f,-0.1935483614847705f,-0.8944178125409575f,0.11739754628942205f,0f,0f,0f,1f],start_interpolation:0}
execute if entity @s[tag=aj.villager_link.bone.leftarm] run data modify entity @s {} merge value {transformation:[-0.8114715444278636f,-0.37714532243305626f,-0.446402663915353f,0.28418342100531124f,-0.42813032857781236f,0.903594990886319f,0.014849720435332935f,0.8124242577672283f,0.39776670843059747f,0.20316864475607246f,-0.8947089736066519f,-0.1616347117529246f,0f,0f,0f,1f],start_interpolation:0}
execute if entity @s[tag=aj.villager_link.bone.head] run data modify entity @s {} merge value {transformation:[-0.8948077767698381f,0.006626895657799074f,-0.44640242706123373f,0.004970171743349309f,0f,0.9998898294796048f,0.014843480159544311f,0.8749173721097037f,0.44645161286775464f,0.013282061481089047f,-0.8947091953314177f,-0.021288453889183215f,0f,0f,0f,1f],start_interpolation:0}