execute if entity @s[tag=aj.villager_link.bone.torso] run data modify entity @s {} merge value {transformation:[-0.9238795325112867f,0.00751348882083382f,-0.38260966649114514f,0.0028175583078126863f,0f,0.9998072404820648f,0.0196336924606283f,0.4999277151807743f,0.3826834323650896f,0.01813916661199565f,-0.9237014459379697f,-0.02444781252050163f,0f,0f,0f,1f],start_interpolation:0}
execute if entity @s[tag=aj.villager_link.bone.rightarm] run data modify entity @s {} merge value {transformation:[-0.9108214133301183f,0.157830269678737f,-0.3814367037825055f,-0.28354683034545386f,0.16504136564833735f,0.9861877630107638f,0.013965805123843798f,0.8123674778314196f,0.3783724364224454f,-0.050232480139472624f,-0.9242894553627559f,0.10080924965983751f,0f,0f,0f,1f],start_interpolation:0}
execute if entity @s[tag=aj.villager_link.bone.leftarm] run data modify entity @s {} merge value {transformation:[-0.9124491638123702f,-0.14507365910337067f,-0.38260966649114514f,0.2938778774741004f,-0.16501579136373565f,0.9860954856001327f,0.0196336924606283f,0.8123674778314196f,0.37444133326691703f,0.08105138316770083f,-0.9237014459379697f,-0.1383678955683435f,0f,0f,0f,1f],start_interpolation:0}
execute if entity @s[tag=aj.villager_link.bone.head] run data modify entity @s {} merge value {transformation:[-0.9238795325112867f,0.00751348882083382f,-0.38260966649114514f,0.005635116615625368f,0f,0.9998072404820648f,0.0196336924606283f,0.8748554303615486f,0.3826834323650896f,0.01813916661199565f,-0.9237014459379697f,-0.01764562504100326f,0f,0f,0f,1f],start_interpolation:0}