execute if entity @s[tag=aj.villager_link.bone.torso] run data modify entity @s {} merge value {transformation:[-0.9112386098104445f,-0.002246439562403234f,0.41187273459167095f,-0.0008424148359012089f,0f,0.9999851261394216f,0.005454126871013843f,0.4999944223022831f,-0.41187886082042197f,0.004970010987672443f,-0.9112250561744085f,-0.029386245879622835f,0f,0f,0f,1f],start_interpolation:0}
execute if entity @s[tag=aj.villager_link.bone.rightarm] run data modify entity @s {} merge value {transformation:[-0.8157432325927797f,0.40592563863417536f,0.4120526111778918f,-0.2863064927649161f,0.45144853798885964f,0.8921739491982388f,0.01482774155897668f,0.8124897742208523f,-0.36160364493019587f,0.1981161787221212f,-0.9110393974476303f,-0.15654526145235706f,0f,0f,0f,1f],start_interpolation:0}
execute if entity @s[tag=aj.villager_link.bone.leftarm] run data modify entity @s {} merge value {transformation:[-0.8136513513512756f,-0.41008799094960174f,0.4120671281759349f,0.2832176383666117f,-0.45149066241043156f,0.8922689320101405f,-0.0035120828112429735f,0.8124897742208523f,-0.3662344333899158f,-0.18890207158314246f,-0.9111467209792091f,0.10087902656040668f,0f,0f,0f,1f],start_interpolation:0}
execute if entity @s[tag=aj.villager_link.bone.head] run data modify entity @s {} merge value {transformation:[-0.9112386098104445f,-0.002246439562403234f,0.41187273459167095f,-0.0016848296718024215f,0f,0.9999851261394216f,0.005454126871013843f,0.8749888446045662f,-0.41187886082042197f,0.004970010987672443f,-0.9112250561744085f,-0.02752249175924567f,0f,0f,0f,1f],start_interpolation:0}