execute if entity @s[tag=aj.villager_link.bone.torso] run data modify entity @s {} merge value {transformation:[-0.8926382743939029f,-0.014096234518840857f,0.4505532235590656f,-0.0052860879445653175f,0f,0.9995109363921015f,0.03127120132940795f,0.4998166011470381f,-0.4507736805616267f,0.027913871192907034f,-0.8922017174988796f,-0.02078229830265986f,0f,0f,0f,1f],start_interpolation:0}
execute if entity @s[tag=aj.villager_link.bone.rightarm] run data modify entity @s {} merge value {transformation:[-0.8100345457893005f,0.37528251716635574f,0.4505630554508498f,-0.28864062197979773f,0.4356716122598622f,0.8994600959487697f,0.034084924332059f,0.8121637687695697f,-0.3924720128860324f,0.2239074989925835f,-0.892093689584268f,-0.15292598873038474f,0f,0f,0f,1f],start_interpolation:0}
execute if entity @s[tag=aj.villager_link.bone.leftarm] run data modify entity @s {} merge value {transformation:[-0.7975539678628095f,-0.401116757842916f,0.4505696560176643f,0.2692582995163915f,-0.4357288382027266f,0.8995920652544309f,0.0295718732881365f,0.8121637687695697f,-0.417190661334588f,-0.1727410278678895f,-0.8922513599801091f,0.12880756162063192f,0f,0f,0f,1f],start_interpolation:0}
execute if entity @s[tag=aj.villager_link.bone.head] run data modify entity @s {} merge value {transformation:[-0.8926382743939029f,-0.014096234518840857f,0.4505532235590656f,-0.010572175889130639f,0f,0.9995109363921015f,0.03127120132940795f,0.8746332022940762f,-0.4507736805616267f,0.027913871192907034f,-0.8922017174988796f,-0.010314596605319724f,0f,0f,0f,1f],start_interpolation:0}