execute if entity @s[tag=aj.villager_link.bone.torso] run data modify entity @s {} merge value {transformation:[-0.8932243011955153f,-0.013240232329915938f,0.4494163370435406f,-0.004965087123718473f,0f,0.9995663085020212f,0.02944817324796316f,0.499837365688258f,-0.44961132965460676f,0.026303823970896364f,-0.8928369174102988f,-0.021386066010913862f,0f,0f,0f,1f],start_interpolation:0}
execute if entity @s[tag=aj.villager_link.bone.rightarm] run data modify entity @s {} merge value {transformation:[-0.8093016009027157f,0.37822546574911803f,0.4494178632800038f,-0.28823525385041576f,0.4381151480998585f,0.8983153148936119f,0.03293496672276681f,0.8122018370951396f,-0.39126210624304075f,0.2235510950240537f,-0.8927143284006402f,-0.15366966153707337f,0f,0f,0f,1f],start_interpolation:0}
execute if entity @s[tag=aj.villager_link.bone.leftarm] run data modify entity @s {} merge value {transformation:[-0.797484867734814f,-0.4025316666517667f,0.44942868519547935f,0.2700299343967813f,-0.43818524153255456f,0.8984735072599069f,0.02718548979030469f,0.8122018370951396f,-0.41474278756482696f,-0.1752530002443123f,-0.8929024616767075f,0.12733741949705588f,0f,0f,0f,1f],start_interpolation:0}
execute if entity @s[tag=aj.villager_link.bone.head] run data modify entity @s {} merge value {transformation:[-0.8932243011955153f,-0.013240232329915938f,0.4494163370435406f,-0.00993017424743695f,0f,0.9995663085020212f,0.02944817324796316f,0.874674731376516f,-0.44961132965460676f,0.026303823970896364f,-0.8928369174102988f,-0.011522132021827728f,0f,0f,0f,1f],start_interpolation:0}