execute if entity @s[tag=aj.villager_link.bone.torso] run data modify entity @s {} merge value {transformation:[-0.9998942319271075f,0.0002855504136700256f,-0.014541094176882315f,0.00010708140512626343f,0f,0.9998072404820648f,0.0196336924606283f,0.4999277151807743f,0.014543897651582533f,0.019631615842812974f,-0.9997014927969751f,-0.023888144058945134f,0f,0f,0f,1f],start_interpolation:0}
execute if entity @s[tag=aj.villager_link.bone.rightarm] run data modify entity @s {} merge value {transformation:[-0.9992699072020716f,0.03547477433716898f,-0.014184249930465019f,-0.3122706315678229f,0.03511218877943475f,0.9990695627475259f,0.025042823135276032f,0.8123674778314196f,0.015059440875420863f,0.024526499489212f,-0.999585746228569f,-0.01320829609194654f,0f,0f,0f,1f],start_interpolation:0}
execute if entity @s[tag=aj.villager_link.bone.leftarm] run data modify entity @s {} merge value {transformation:[-0.9992899618186983f,-0.03490403409876074f,-0.01418733984990511f,0.31266326338661926f,-0.03510571302923902f,0.9992823760958447f,0.014223984566618537f,0.8123674778314196f,0.013680684233358944f,0.01471194167590505f,-0.9997981784595488f,-0.02229823212418562f,0f,0f,0f,1f],start_interpolation:0}
execute if entity @s[tag=aj.villager_link.bone.head] run data modify entity @s {} merge value {transformation:[-0.9998942319271075f,0.0002855504136700256f,-0.014541094176882315f,0.00021416281025252304f,0f,0.9998072404820648f,0.0196336924606283f,0.8748554303615486f,0.014543897651582533f,0.019631615842812974f,-0.9997014927969751f,-0.01652628811789027f,0f,0f,0f,1f],start_interpolation:0}