execute if entity @s[tag=aj.villager_link.bone.torso] run data modify entity @s {} merge value {transformation:[-0.9036002611337219f,0.0023364206856194094f,-0.4283702945086752f,0.0008761577571072824f,0f,0.9999851261394216f,0.005454126871013843f,0.4999944223022831f,0.4283766661234822f,0.004928350464904558f,-0.9035868211094192f,-0.02940186857566079f,0f,0f,0f,1f],start_interpolation:0}
execute if entity @s[tag=aj.villager_link.bone.rightarm] run data modify entity @s {} merge value {transformation:[-0.8114771760099044f,0.3964405893322737f,-0.4293479380931855f,-0.28076879238292474f,0.44362694606885633f,0.8961439649955273f,-0.011005758661500465f,0.8124897742208523f,0.38039443415566737f,-0.1994012365357212f,-0.9030721019561034f,0.10600594910821005f,0f,0f,0f,1f],start_interpolation:0}
execute if entity @s[tag=aj.villager_link.bone.leftarm] run data modify entity @s {} merge value {transformation:[-0.8108638493814675f,-0.39873801359212435f,-0.428378120686474f,0.28398137082565145f,-0.44364638413632906f,0.8961844980728436f,0.005588493239327971f,0.8124897742208523f,0.38167748637957316f,0.194579911425954f,-0.9035822898111929f,-0.16172946721896628f,0f,0f,0f,1f],start_interpolation:0}
execute if entity @s[tag=aj.villager_link.bone.head] run data modify entity @s {} merge value {transformation:[-0.9036002611337219f,0.0023364206856194094f,-0.4283702945086752f,0.001752315514214561f,0f,0.9999851261394216f,0.005454126871013843f,0.8749888446045662f,0.4283766661234822f,0.004928350464904558f,-0.9035868211094192f,-0.027553737151321582f,0f,0f,0f,1f],start_interpolation:0}