execute if entity @s[tag=aj.villager_link.bone.torso] run data modify entity @s {} merge value {transformation:[-0.9162666263050439f,-0.0008494358434634883f,0.40056803164796007f,-0.0003185384412988043f,0f,0.99999775158159f,0.002120573451859549f,0.49999915684309626f,-0.4005689322945219f,0.0019430106825673904f,-0.9162645661542927f,-0.03052137099403723f,0f,0f,0f,1f],start_interpolation:0}
execute if entity @s[tag=aj.villager_link.bone.rightarm] run data modify entity @s {} merge value {transformation:[-0.8225605204012382f,0.4033709733532701f,0.40085664287034084f,-0.28691730786270736f,0.44514549503699774f,0.8953716501468991f,0.012453768967067073f,0.8124984542123431f,-0.35389218488900065f,0.18868350741189432f,-0.9160561421142457f,-0.155091971497773f,0f,0f,0f,1f],start_interpolation:0}
execute if entity @s[tag=aj.villager_link.bone.leftarm] run data modify entity @s {} merge value {transformation:[-0.8217791092112467f,-0.40495303143700995f,0.4008642388564312f,0.285749333577945f,-0.44516320748406574f,0.8954132983889043f,-0.008046351396871572f,0.8124984542123431f,-0.3556807759304239f,-0.18506233381830933f,-0.9161021330808331f,0.09526361118630318f,0f,0f,0f,1f],start_interpolation:0}
execute if entity @s[tag=aj.villager_link.bone.head] run data modify entity @s {} merge value {transformation:[-0.9162666263050439f,-0.0008494358434634883f,0.40056803164796007f,-0.0006370768825976125f,0f,0.99999775158159f,0.002120573451859549f,0.8749983136861925f,-0.4005689322945219f,0.0019430106825673904f,-0.9162645661542927f,-0.029792741988074457f,0f,0f,0f,1f],start_interpolation:0}