execute if entity @s[tag=aj.villager_link.bone.torso] run data modify entity @s {} merge value {transformation:[-0.9999896709223299f,0.00003594475371630421f,-0.004544970475697049f,0.000013479282643617908f,0f,0.9999687277936035f,0.007908440733937783f,0.4999882729226013f,0.004545112611396728f,0.007908359047039192f,-0.9999583990389465f,-0.028284365357360303f,0f,0f,0f,1f],start_interpolation:0}
execute if entity @s[tag=aj.villager_link.bone.rightarm] run data modify entity @s {} merge value {transformation:[-0.998896544847996f,0.04675902252374643f,-0.004391640167336073f,-0.3124720601450482f,0.0467128682877354f,0.9988574778038976f,0.010082012277760889f,0.8124785003581024f,0.004858047660148106f,0.009865741120666524f,-0.9999395314343121f,-0.024392655464099078f,0f,0f,0f,1f],start_interpolation:0}
execute if entity @s[tag=aj.villager_link.bone.leftarm] run data modify entity @s {} merge value {transformation:[-0.9988999030888078f,-0.04668721166746859f,-0.004391796430560204f,0.31252148418140807f,-0.04671205315376762f,0.9988919339929802f,0.005734831638628248f,0.8124785003581024f,0.004119186731635816f,0.005933672596361241f,-0.9999739115747915f,-0.027233350846222033f,0f,0f,0f,1f],start_interpolation:0}
execute if entity @s[tag=aj.villager_link.bone.head] run data modify entity @s {} merge value {transformation:[-0.9999896709223299f,0.00003594475371630421f,-0.004544970475697049f,0.00002695856528723199f,0f,0.9999687277936035f,0.007908440733937783f,0.8749765458452026f,0.004545112611396728f,0.007908359047039192f,-0.9999583990389465f,-0.025318730714720607f,0f,0f,0f,1f],start_interpolation:0}