execute if entity @s[tag=aj.villager_link.bone.torso] run data modify entity @s {} merge value {transformation:[-0.914583634493982f,-0.009146460221667986f,0.40429335609330996f,-0.003429922583125491f,0f,0.9997441907610622f,0.02261753831672976f,0.49990407153539834f,-0.4043968045321062f,0.020685630397021603f,-0.9143496755504971f,-0.0234928886011169f,0f,0f,0f,1f],start_interpolation:0}
execute if entity @s[tag=aj.villager_link.bone.rightarm] run data modify entity @s {} merge value {transformation:[-0.8253274902640773f,0.39443532913277674f,0.40404864180729216f,-0.2920955771817661f,0.43808857246707245f,0.8987618269480441f,0.017480877974990087f,0.8123241311482303f,-0.3562484196290027f,0.19143654184332726f,-0.9145704532505442f,-0.14340263051833083f,0f,0f,0f,1f],start_interpolation:0}
execute if entity @s[tag=aj.villager_link.bone.leftarm] run data modify entity @s {} merge value {transformation:[-0.8179756833079572f,-0.409275534684014f,0.4042391844267389f,0.27951919437697265f,-0.4380496055239966f,0.8986448891231328f,0.02345008215642785f,0.8123241311482303f,-0.3728650219813486f,-0.15789521829994327f,-0.914352653750653f,0.10934537231423554f,0f,0f,0f,1f],start_interpolation:0}
execute if entity @s[tag=aj.villager_link.bone.head] run data modify entity @s {} merge value {transformation:[-0.914583634493982f,-0.009146460221667986f,0.40429335609330996f,-0.006859845166250987f,0f,0.9997441907610622f,0.02261753831672976f,0.8748081430707967f,-0.4043968045321062f,0.020685630397021603f,-0.9143496755504971f,-0.0157357772022338f,0f,0f,0f,1f],start_interpolation:0}