execute if entity @s[tag=aj.villager_link.bone.torso] run data modify entity @s {} merge value {transformation:[-0.8941021316511188f,0.01400521793041772f,-0.44764409082176737f,0.0052519567239066485f,0f,0.9995109363921015f,0.03127120132940795f,0.4998166011470381f,0.44786312437722f,0.02795964776791495f,-0.8936648588367838f,-0.020765132087031894f,0f,0f,0f,1f],start_interpolation:0}
execute if entity @s[tag=aj.villager_link.bone.rightarm] run data modify entity @s {} merge value {transformation:[-0.8287442315020658f,0.3359223676675788f,-0.4475926291312876f,-0.2697783288138124f,0.36847169932191953f,0.9295120612970402f,0.015360166084532074f,0.8121637687695697f,0.42120257068406797f,-0.15219556762250158f,-0.894105644566232f,0.12792948420832279f,0f,0f,0f,1f],start_interpolation:0}
execute if entity @s[tag=aj.villager_link.bone.leftarm] run data modify entity @s {} merge value {transformation:[-0.836338313486797f,-0.3164695772841574f,-0.44764409082176737f,0.28903550346813683f,-0.3683337574627684f,0.929167560282199f,0.03127120132940795f,0.8121637687695697f,0.40603998387771917f,0.1910357337589295f,-0.8936648588367838f,-0.1519849685274397f,0f,0f,0f,1f],start_interpolation:0}
execute if entity @s[tag=aj.villager_link.bone.head] run data modify entity @s {} merge value {transformation:[-0.8941021316511188f,0.01400521793041772f,-0.44764409082176737f,0.010503913447813294f,0f,0.9995109363921015f,0.03127120132940795f,0.8746332022940762f,0.44786312437722f,0.02795964776791495f,-0.8936648588367838f,-0.010280264174063788f,0f,0f,0f,1f],start_interpolation:0}