execute if entity @s[tag=aj.villager_link.bone.torso] run data modify entity @s {} merge value {transformation:[-0.9332046326338986f,-0.00009094052355596538f,0.35934538449860687f,-0.00003410269633348319f,0f,0.9999999679770939f,0.00025307273883780216f,0.4999999879914102f,-0.3593453960058907f,0.00023616865227678573f,-0.9332046027499743f,-0.031161436755396205f,0f,0f,0f,1f],start_interpolation:0}
execute if entity @s[tag=aj.villager_link.bone.rightarm] run data modify entity @s {} merge value {transformation:[-0.8560985934191009f,0.37081628608625244f,0.3599867779780746f,-0.29168896930803806f,0.40192553145369786f,0.9155841845999753f,0.0127070089344821f,0.8124999779842521f,-0.3248862347214782f,0.15556632953051605f,-0.9328708654497168f,-0.14338307030340056f,0f,0f,0f,1f],start_interpolation:0}
execute if entity @s[tag=aj.villager_link.bone.leftarm] run data modify entity @s {} merge value {transformation:[-0.856025490580102f,-0.3709828140399896f,0.35998904311668467f,0.2915639260881486f,-0.4019277321905396f,0.9155901026474886f,-0.012200902840819467f,0.8124999779842521f,-0.3250760796694608f,-0.15513386355316408f,-0.9328767479178601f,0.08120780220028115f,0f,0f,0f,1f],start_interpolation:0}
execute if entity @s[tag=aj.villager_link.bone.head] run data modify entity @s {} merge value {transformation:[-0.9332046326338986f,-0.00009094052355596538f,0.35934538449860687f,-0.00006820539266697022f,0f,0.9999999679770939f,0.00025307273883780216f,0.8749999759828204f,-0.3593453960058907f,0.00023616865227678573f,-0.9332046027499743f,-0.03107287351079241f,0f,0f,0f,1f],start_interpolation:0}