execute if entity @s[tag=aj.villager_link.bone.torso] run data modify entity @s {} merge value {transformation:[-0.9087996823560401f,-0.003145830741006706f,0.4172208541030873f,-0.001179686527877511f,0f,0.999971575673983f,0.0075397509303570835f,0.4999893408777436f,-0.4172327136617654f,0.006852123250552175f,-0.9087738503375847f,-0.028680453781042933f,0f,0f,0f,1f],start_interpolation:0}
execute if entity @s[tag=aj.villager_link.bone.rightarm] run data modify entity @s {} merge value {transformation:[-0.8132471877782164f,0.4055179391170556f,0.4173538218647084f,-0.2861626593707046f,0.4529093075180586f,0.8914056715497959f,0.016403898694215158f,0.8124804582758633f,-0.36537948866122116f,0.20236385493242945f,-0.9085960045490798f,-0.15692438828454708f,0f,0f,0f,1f],start_interpolation:0}
execute if entity @s[tag=aj.villager_link.bone.leftarm] run data modify entity @s {} merge value {transformation:[-0.8103109364306527f,-0.41133621450365637f,0.4173711836467404f,0.2818371421018204f,-0.452964491312421f,0.8915282194644696f,-0.0007768581545787093f,0.8124804582758633f,-0.3717786383198459f,-0.1896838225477193f,-0.9087357655296323f,0.10384605775405631f,0f,0f,0f,1f],start_interpolation:0}
execute if entity @s[tag=aj.villager_link.bone.head] run data modify entity @s {} merge value {transformation:[-0.9087996823560401f,-0.003145830741006706f,0.4172208541030873f,-0.0023593730557550257f,0f,0.999971575673983f,0.0075397509303570835f,0.8749786817554872f,-0.4172327136617654f,0.006852123250552175f,-0.9087738503375847f,-0.026110907562085867f,0f,0f,0f,1f],start_interpolation:0}