execute if entity @s[tag=aj.villager_link.bone.torso] run data modify entity @s {} merge value {transformation:[-0.9996267862546871f,0.0009046105495132896f,-0.027303294341155398f,0.00033922895606748745f,0f,0.9994515894173018f,0.03311374957973136f,0.4997943460314882f,0.02731827597279995f,0.033101391073229354f,-0.9990785803463565f,-0.01883697834753899f,0f,0f,0f,1f],start_interpolation:0}
execute if entity @s[tag=aj.villager_link.bone.rightarm] run data modify entity @s {} merge value {transformation:[-0.9994223894828251f,0.020931401744334797f,-0.026772445190115034f,-0.3117614509517993f,0.01974766476987894f,0.9988477594117255f,0.043739950323613004f,0.812122967724395f,0.027657135364620427f,0.043185992395601024f,-0.9986841607456435f,0.00004416760434516366f,0f,0f,0f,1f],start_interpolation:0}
execute if entity @s[tag=aj.villager_link.bone.leftarm] run data modify entity @s {} merge value {transformation:[-0.999458118409075f,-0.01912263578758646f,-0.02679168428313531f,0.3130052904573801f,-0.01972714806280303f,0.999552559188005f,0.02248379527610917f,0.812122967724395f,0.02634974716197726f,0.0230001352440602f,-0.9993881551245516f,-0.017029754878654803f,0f,0f,0f,1f],start_interpolation:0}
execute if entity @s[tag=aj.villager_link.bone.head] run data modify entity @s {} merge value {transformation:[-0.9996267862546871f,0.0009046105495132896f,-0.027303294341155398f,0.000678457912134971f,0f,0.9994515894173018f,0.03311374957973136f,0.8745886920629764f,0.02731827597279995f,0.033101391073229354f,-0.9990785803463565f,-0.006423956695077983f,0f,0f,0f,1f],start_interpolation:0}