execute if entity @s[tag=aj.villager_link.bone.torso] run data modify entity @s {} merge value {transformation:[-0.9190465062809202f,0.00009974839425779469f,-0.39414909532192544f,0.000037405647846676836f,0f,0.9999999679770939f,0.0002530727388378011f,0.4999999879914102f,0.3941491079437253f,0.00023258561646382486f,-0.9190464768503802f,-0.031162780393826067f,0f,0f,0f,1f],start_interpolation:0}
execute if entity @s[tag=aj.villager_link.bone.rightarm] run data modify entity @s {} merge value {transformation:[-0.8228044656526827f,0.40851605641943367f,-0.39510434438198394f,-0.28713345619173536f,0.4501555165292562f,0.8928355691805758f,-0.014305850001862177f,0.8124999779842521f,0.3469190427755182f,-0.18962931749471473f,-0.9185248498033173f,0.09208149884373304f,0f,0f,0f,1f],start_interpolation:0}
execute if entity @s[tag=aj.villager_link.bone.leftarm] run data modify entity @s {} merge value {transformation:[-0.82074211543428f,-0.41353259841805895f,-0.3941740351647624f,0.2872706102338398f,-0.45020035996147234f,0.892927350487579f,0.000618580466036757f,0.8124999779842521f,0.35171297366321813f,0.17796498755890344f,-0.9190356072319156f,-0.1542616936210953f,0f,0f,0f,1f],start_interpolation:0}
execute if entity @s[tag=aj.villager_link.bone.head] run data modify entity @s {} merge value {transformation:[-0.9190465062809202f,0.00009974839425779469f,-0.39414909532192544f,0.00007481129569334984f,0f,0.9999999679770939f,0.0002530727388378011f,0.8749999759828204f,0.3941491079437253f,0.00023258561646382486f,-0.9190464768503802f,-0.031075560787652133f,0f,0f,0f,1f],start_interpolation:0}