execute if entity @s[tag=aj.villager_link.bone.torso] run data modify entity @s {} merge value {transformation:[-0.9007740506053981f,0.0032744237236757663f,-0.4342757049447062f,0.0012279088963784161f,0f,0.999971575673983f,0.0075397509303570835f,0.4999893408777436f,0.43428804928980447f,0.006791611986093568f,-0.900748446710116f,-0.02870314550521491f,0f,0f,0f,1f],start_interpolation:0}
execute if entity @s[tag=aj.villager_link.bone.rightarm] run data modify entity @s {} merge value {transformation:[-0.8099335493912387f,0.3931652942595514f,-0.4352340714607603f,-0.2792407245041598f,0.44069827579473364f,0.8976075820523891f,-0.009255179826055532f,0.8124804582758633f,0.38703058701097354f,-0.19930298550665027f,-0.9002697621746923f,0.10913424864350324f,0f,0f,0f,1f],start_interpolation:0}
execute if entity @s[tag=aj.villager_link.bone.leftarm] run data modify entity @s {} merge value {transformation:[-0.8100339485024579f,-0.39401193625511166f,-0.4342805502921067f,0.283743057124214f,-0.4407050292233861f,0.8976195588760411f,0.007629203129806139f,0.8124804582758633f,0.3868127188843867f,0.19756953614279524f,-0.9007453574110661f,-0.16229578216262458f,0f,0f,0f,1f],start_interpolation:0}
execute if entity @s[tag=aj.villager_link.bone.head] run data modify entity @s {} merge value {transformation:[-0.9007740506053981f,0.0032744237236757663f,-0.4342757049447062f,0.0024558177927568284f,0f,0.999971575673983f,0.0075397509303570835f,0.8749786817554872f,0.43428804928980447f,0.006791611986093568f,-0.900748446710116f,-0.026156291010429822f,0f,0f,0f,1f],start_interpolation:0}