execute if entity @s[tag=aj.villager_link.bone.torso] run data modify entity @s {} merge value {transformation:[-0.9105123443019563f,0.0008768187123884689f,-0.4134809573156924f,0.00032880701714567965f,0f,0.99999775158159f,0.002120573451859561f,0.49999915684309626f,0.4134818869959793f,0.0019308083049171406f,-0.9105102970892388f,-0.03052594688565607f,0f,0f,0f,1f],start_interpolation:0}
execute if entity @s[tag=aj.villager_link.bone.rightarm] run data modify entity @s {} merge value {transformation:[-0.8161673475182938f,0.402603575477109f,-0.4144649826680181f,-0.28393229472959425f,0.44785172306772014f,0.8940060416596467f,-0.013491909476575876f,0.8124984542123431f,0.36510230756628603f,-0.19663051260955852f,-0.9099652446773313f,0.09929052039587408f,0f,0f,0f,1f],start_interpolation:0}
execute if entity @s[tag=aj.villager_link.bone.leftarm] run data modify entity @s {} merge value {transformation:[-0.8145096191138679f,-0.40693324176664747f,-0.41349657449157784f,0.28513792045912845f,-0.44788943119948493f,0.8940858318196228f,0.0023627863244867118f,0.8124984542123431f,0.36873993246024167f,0.18712525774117336f,-0.910502608521533f,-0.159135658976613f,0f,0f,0f,1f],start_interpolation:0}
execute if entity @s[tag=aj.villager_link.bone.head] run data modify entity @s {} merge value {transformation:[-0.9105123443019563f,0.0008768187123884689f,-0.4134809573156924f,0.0006576140342913554f,0f,0.99999775158159f,0.002120573451859561f,0.8749983136861925f,0.4134818869959793f,0.0019308083049171406f,-0.9105102970892388f,-0.029801893771312146f,0f,0f,0f,1f],start_interpolation:0}