execute if entity @s[tag=aj.villager_link.bone.torso] run data modify entity @s {} merge value {transformation:[-0.9996841892832999f,0.0007858482740358403f,-0.025117805228193006f,0.0002946931027634439f,0f,0.9995109363921015f,0.031271201329407965f,0.4998166011470381f,0.025130095443337358f,0.031261325548904054f,-0.99919528012693f,-0.019527002919160978f,0f,0f,0f,1f],start_interpolation:0}
execute if entity @s[tag=aj.villager_link.bone.rightarm] run data modify entity @s {} merge value {transformation:[-0.9994830288713598f,0.020796338278863218f,-0.024519121361169405f,-0.31186103846263163f,0.01964034028677969f,0.9987261023575345f,0.04648042064296685f,0.8121637687695697f,0.02545450906130708f,0.04597482772038116f,-0.9986182369577121f,-0.0019046838590855378f,0f,0f,0f,1f],start_interpolation:0}
execute if entity @s[tag=aj.villager_link.bone.leftarm] run data modify entity @s {} merge value {transformation:[-0.9995138986176292f,-0.01922512701003448f,-0.024543043039439848f,0.3129415798394309f,-0.01962251746750921f,0.9996785496137621f,0.01605472672960024f,0.8121637687695697f,0.024226499508287407f,0.01652851879549063f,-0.999569849879438f,-0.01761099351117139f,0f,0f,0f,1f],start_interpolation:0}
execute if entity @s[tag=aj.villager_link.bone.head] run data modify entity @s {} merge value {transformation:[-0.9996841892832999f,0.0007858482740358403f,-0.025117805228193006f,0.0005893862055268839f,0f,0.9995109363921015f,0.031271201329407965f,0.8746332022940762f,0.025130095443337358f,0.031261325548904054f,-0.99919528012693f,-0.00780400583832196f,0f,0f,0f,1f],start_interpolation:0}