execute if entity @s[tag=aj.villager_link.bone.torso] run data modify entity @s {} merge value {transformation:[-0.9999664148217825f,0.00010175364798216398f,-0.008195051840344142f,0.00003815761799331532f,0f,0.9999229244987539f,0.012415516979142066f,0.4999710966870327f,0.008195683526760022f,0.012415100001791659f,-0.9998893419091308f,-0.02659433749932813f,0f,0f,0f,1f],start_interpolation:0}
execute if entity @s[tag=aj.villager_link.bone.rightarm] run data modify entity @s {} merge value {transformation:[-0.9990605727926344f,0.042598563595339166f,-0.007958283160769948f,-0.3124195489988193f,0.042469067987797586f,0.9989730323519682f,0.015787935196261947f,0.8124470105928933f,0.00862265362292702f,0.015435122711769571f,-0.9998436911994653f,-0.020153467646655727f,0f,0f,0f,1f],start_interpolation:0}
execute if entity @s[tag=aj.villager_link.bone.leftarm] run data modify entity @s {} merge value {transformation:[-0.9990692159892022f,-0.04239524108417133f,-0.007958969539826683f,0.31255946026479475f,-0.04246676046057477f,0.9990569549268188f,0.009042956835926671f,0.8124470105928933f,0.007568085537641685f,0.009372531449254288f,-0.9999274372350864f,-0.02527576985088074f,0f,0f,0f,1f],start_interpolation:0}
execute if entity @s[tag=aj.villager_link.bone.head] run data modify entity @s {} merge value {transformation:[-0.9999664148217825f,0.00010175364798216398f,-0.008195051840344142f,0.00007631523598662681f,0f,0.9999229244987539f,0.012415516979142066f,0.8749421933740654f,0.008195683526760022f,0.012415100001791659f,-0.9998893419091308f,-0.021938674998656257f,0f,0f,0f,1f],start_interpolation:0}