execute if entity @s[tag=aj.villager_link.bone.torso] run data modify entity @s {} merge value {transformation:[-0.8941021316511188f,-0.012255033986796324f,0.44769542360728676f,-0.004595637745048618f,0f,0.9996255535211418f,0.02736334679002131f,0.4998595825704282f,-0.44786312437722026f,0.024465626694066853f,-0.8937673382561825f,-0.022075389989724928f,0f,0f,0f,1f],start_interpolation:0}
execute if entity @s[tag=aj.villager_link.bone.rightarm] run data modify entity @s {} merge value {transformation:[-0.8086839561501903f,0.38158102807727845f,0.4476898235126244f,-0.2878322520068971f,0.4407365940767407f,0.897083263279013f,0.03150989346715799f,0.812242568045785f,-0.38959147026970675f,0.22279483332466357f,-0.8936335650236755f,-0.15438710801571037f,0f,0f,0f,1f],start_interpolation:0}
execute if entity @s[tag=aj.villager_link.bone.leftarm] run data modify entity @s {} merge value {transformation:[-0.7976586669489624f,-0.4041056181529376f,0.44770447889030174f,0.27098158027505215f,-0.4408173477806506f,0.8972625055913606f,0.024496162057486833f,0.812242568045785f,-0.4116074792042017f,-0.17781632500180036f,-0.893845980930729f,0.12552734472005228f,0f,0f,0f,1f],start_interpolation:0}
execute if entity @s[tag=aj.villager_link.bone.head] run data modify entity @s {} merge value {transformation:[-0.8941021316511188f,-0.012255033986796324f,0.44769542360728676f,-0.00919127549009724f,0f,0.9996255535211418f,0.02736334679002131f,0.8747191651408563f,-0.44786312437722026f,0.024465626694066853f,-0.8937673382561825f,-0.012900779979449859f,0f,0f,0f,1f],start_interpolation:0}