execute if entity @s[tag=aj.villager_link.bone.torso] run data modify entity @s {} merge value {transformation:[-0.9137346625207118f,-0.0014750229344458665f,0.40630873829577424f,-0.0005531336004171961f,0f,0.999993410523212f,0.0036302768702521377f,0.49999752894620453f,-0.4063114156754165f,0.003317109810896583f,-0.9137286414873627f,-0.03000608382091378f,0f,0f,0f,1f],start_interpolation:0}
execute if entity @s[tag=aj.villager_link.bone.rightarm] run data modify entity @s {} merge value {transformation:[-0.8188333275679192f,0.4052611037580307f,0.4065407967779763f,-0.28655616030515396f,0.44890409039136125f,0.8934780571215589f,0.013493667855283987f,0.8124954697347082f,-0.3577668225170602f,0.19354689153563517f,-0.9135329777752631f,-0.15594180440357625f,0f,0f,0f,1f],start_interpolation:0}
execute if entity @s[tag=aj.villager_link.bone.leftarm] run data modify entity @s {} merge value {transformation:[-0.8174662818798109f,-0.40800043634039435f,0.40655199167590544f,0.28452800377029086f,-0.4489333885791918f,0.8935453827527704f,-0.005954962637081791f,0.8124954697347082f,-0.36084302765662796f,-0.18738274442235206f,-0.9136082401578619f,0.09800283039355906f,0f,0f,0f,1f],start_interpolation:0}
execute if entity @s[tag=aj.villager_link.bone.head] run data modify entity @s {} merge value {transformation:[-0.9137346625207118f,-0.0014750229344458665f,0.40630873829577424f,-0.001106267200834396f,0f,0.999993410523212f,0.0036302768702521377f,0.8749950578924091f,-0.4063114156754165f,0.003317109810896583f,-0.9137286414873627f,-0.02876216764182756f,0f,0f,0f,1f],start_interpolation:0}