execute if entity @s[tag=aj.villager_link.bone.torso] run data modify entity @s {} merge value {transformation:[-0.8928447021829083f,-0.01560359429148391f,0.450094285265988f,-0.005851347859306463f,0f,0.9993996271269117f,0.03464657701115457f,0.4997748601725919f,-0.45036467199805297f,0.0309340127331815f,-0.8923086624438371f,-0.019649745225056938f,0f,0f,0f,1f],start_interpolation:0}
execute if entity @s[tag=aj.villager_link.bone.rightarm] run data modify entity @s {} merge value {transformation:[-0.8125280596258713f,0.3704041546836037f,0.4501098915973093f,-0.289741440507554f,0.4306943477338696f,0.9018046068583778f,0.03536707337486462f,0.8120872436497517f,-0.3928110629179289f,0.22259652567399046f,-0.8922725231716795f,-0.1507218262453293f,0f,0f,0f,1f],start_interpolation:0}
execute if entity @s[tag=aj.villager_link.bone.leftarm] run data modify entity @s {} merge value {transformation:[-0.7990116039102251f,-0.3987272972018688f,0.4501077640775623f,0.26828649835676366f,-0.43070768319715674f,0.9018387287827305f,0.034319074907199924f,0.8120872436497517f,-0.4196085657511624f,-0.1664435331685823f,-0.8923145195583291f,0.13075609375345384f,0f,0f,0f,1f],start_interpolation:0}
execute if entity @s[tag=aj.villager_link.bone.head] run data modify entity @s {} merge value {transformation:[-0.8928447021829083f,-0.01560359429148391f,0.450094285265988f,-0.011702695718612929f,0f,0.9993996271269117f,0.03464657701115457f,0.8745497203451837f,-0.45036467199805297f,0.0309340127331815f,-0.8923086624438371f,-0.008049490450113876f,0f,0f,0f,1f],start_interpolation:0}