execute if entity @s[tag=aj.alden.bone.rightarm] run data modify entity @s {} merge value {transformation:[-0.9966754693982314f,0.07291613123577179f,-0.036348954667540415f,-0.3125f,0.06664664578375652f,0.9862771918001223f,0.15104809015886048f,1.4272886767903121f,0.046863987299307866f,0.1481233902544513f,-0.9878578986645488f,0.20388884853639722f,0f,0f,0f,1f],start_interpolation:0}
execute if entity @s[tag=aj.alden.bone.leftarm] run data modify entity @s {} merge value {transformation:[-0.9966754693982314f,-0.072916131235772f,0.03634895466754045f,0.3125f,-0.06664664578375668f,0.9862771918001222f,0.15104809015886164f,1.4272886767903121f,-0.04686398729930801f,0.14812339025445243f,-0.9878578986645485f,0.20388884853639722f,0f,0f,0f,1f],start_interpolation:0}
execute if entity @s[tag=aj.alden.bone.torso] run data modify entity @s {} merge value {transformation:[-1f,-4.188538737676991e-17f,-8.933946128632994e-18f,-1.1879999018953237e-17f,-4.241497897208878e-17f,0.9396926207859084f,0.34202014332566866f,1.1336347327947156f,-5.930482942278753e-18f,0.34202014332566866f,-0.9396926207859084f,0.09700755374712575f,0f,0f,0f,1f],start_interpolation:0}
execute if entity @s[tag=aj.alden.bone.head] run data modify entity @s {} merge value {transformation:[-1f,-6.162975822039155e-33f,1.2246467991473532e-16f,-2.7587019285241954e-17f,0f,1f,0f,1.4860194655894312f,-1.2246467991473532e-16f,0f,-1f,0.2252651074942515f,0f,0f,0f,1f],start_interpolation:0}
execute if entity @s[tag=aj.alden.bone.leftleg] run data modify entity @s {} merge value {transformation:[-1f,-4.686520405326293e-17f,1.1314261122877005e-16f,0.125f,0f,0.923879532511287f,0.38268343236508934f,0.78125f,-1.2246467991473532e-16f,0.38268343236508934f,-0.923879532511287f,3.469446951953614e-17f,0f,0f,0f,1f],start_interpolation:0}
execute if entity @s[tag=aj.alden.bone.rightleg] run data modify entity @s {} merge value {transformation:[-1f,-4.6865204053263035e-17f,1.1314261122877e-16f,-0.125f,0f,0.9238795325112865f,0.3826834323650902f,0.78125f,-1.2246467991473532e-16f,0.3826834323650902f,-0.9238795325112865f,-3.469446951953614e-17f,0f,0f,0f,1f],start_interpolation:0}