execute if entity @s[tag=aj.alden.bone.rightarm] run data modify entity @s {} merge value {transformation:[-0.9956089548770553f,0.09240384909532719f,0.014977905093363372f,-0.3119712994597713f,0.08885958551290118f,0.8825875174055149f,0.46167439628210405f,1.4230866047228974f,0.029441179172940833f,0.4609780936143688f,-0.886923003522047f,0.18681439020388677f,0f,0f,0f,1f],start_interpolation:0}
execute if entity @s[tag=aj.alden.bone.leftarm] run data modify entity @s {} merge value {transformation:[-0.9969443827093499f,-0.03214189963529077f,0.07119547789086175f,0.3119712994597713f,-0.044268449907515675f,0.9834089913200494f,-0.17591776525885222f,1.410657415524393f,-0.06435994194418658f,-0.17853194134024797f,-0.9818269418763285f,0.22096330686890767f,0f,0f,0f,1f],start_interpolation:0}
execute if entity @s[tag=aj.alden.bone.torso] run data modify entity @s {} merge value {transformation:[-0.9983081582712682f,-4.188538737676991e-17f,0.058144828910475975f,-1.1879999018953237e-17f,0.019886702717607434f,0.9396926207859084f,0.34144149937512347f,1.1232180661280489f,-0.05463826666403344f,0.34202014332566866f,-0.9381028095978815f,0.09700755374712575f,0f,0f,0f,1f],start_interpolation:0}
execute if entity @s[tag=aj.alden.bone.head] run data modify entity @s {} merge value {transformation:[-1f,-6.162975822039155e-33f,1.2246467991473532e-16f,-2.7587019285241954e-17f,0f,1f,0f,1.4756027989227647f,-1.2246467991473532e-16f,0f,-1f,0.2252651074942515f,0f,0f,0f,1f],start_interpolation:0}
execute if entity @s[tag=aj.alden.bone.leftleg] run data modify entity @s {} merge value {transformation:[-1f,-7.455177354798985e-17f,9.715776287805219e-17f,0.125f,0f,0.793353340291235f,0.6087614290087208f,0.7708333333333333f,-1.2246467991473532e-16f,0.6087614290087208f,-0.793353340291235f,-0.010416666666666657f,0f,0f,0f,1f],start_interpolation:0}
execute if entity @s[tag=aj.alden.bone.rightleg] run data modify entity @s {} merge value {transformation:[-1f,-1.5984848350717817e-17f,1.2141697760125282e-16f,-0.125f,0f,0.9914448613738104f,0.13052619222005146f,0.7708333333333333f,-1.2246467991473532e-16f,0.13052619222005146f,-0.9914448613738104f,0.010416666666666657f,0f,0f,0f,1f],start_interpolation:0}