execute if entity @s[tag=aj.thaddeus.bone.rightarm] run data modify entity @s {} merge value {transformation:[-0.9993113231320825f,0.03710632625550965f,-0.0000034389368666076304f,-0.3125f,0.03463260366914065f,0.9326581632531765f,-0.3590951590878209f,1.3845495592381927f,-0.01332149477734527f,-0.35884797765771353f,-0.9333009518412946f,-0.014015043136942539f,0f,0f,0f,1f],start_interpolation:0}
execute if entity @s[tag=aj.thaddeus.bone.leftarm] run data modify entity @s {} merge value {transformation:[-0.9993113231320825f,-0.03710632625550955f,0.0000034389368668362235f,0.3125f,-0.03463260366914065f,0.9326581632531765f,-0.3590951590878209f,1.3845495592381927f,0.013321494777345025f,-0.35884797765771353f,-0.9333009518412946f,-0.014015043136942462f,0f,0f,0f,1f],start_interpolation:0}
execute if entity @s[tag=aj.thaddeus.bone.torso] run data modify entity @s {} merge value {transformation:[-1f,-3.07007050993252e-18f,1.2242619202475678e-16f,2.6757448061107838e-18f,0f,0.9996857225282805f,0.025069028164447272f,1.072147770948105f,-1.2246467991473532e-16f,0.025069028164447272f,-0.9996857225282805f,-0.021849114438332273f,0f,0f,0f,1f],start_interpolation:0}
execute if entity @s[tag=aj.thaddeus.bone.head] run data modify entity @s {} merge value {transformation:[-1f,-3.07007050993252e-18f,1.2242619202475678e-16f,1.5244683648860888e-18f,0f,0.9996857225282805f,0.025069028164447272f,1.4470299168962104f,-1.2246467991473532e-16f,0.025069028164447272f,-0.9996857225282805f,-0.012448228876664545f,0f,0f,0f,1f],start_interpolation:0}
execute if entity @s[tag=aj.thaddeus.bone.leftleg] run data modify entity @s {} merge value {transformation:[-0.42261826174069916f,0.8848246737055844f,0.1961609075353089f,0.4375f,2.012407545130324e-16f,0.216439613938103f,-0.9762960071199334f,0.822265625f,-0.9063077870366502f,-0.4126005214734115f,-0.09147133341434929f,-0.03124999999999992f,0f,0f,0f,1f],start_interpolation:0}
execute if entity @s[tag=aj.thaddeus.bone.rightleg] run data modify entity @s {} merge value {transformation:[-0.4226182617406994f,-0.8848246737055844f,-0.1961609075353089f,-0.5f,-2.012407545130324e-16f,0.216439613938103f,-0.9762960071199334f,0.822265625f,0.9063077870366502f,-0.4126005214734117f,-0.09147133341434935f,-0.031250000000000035f,0f,0f,0f,1f],start_interpolation:0}