execute if entity @s[tag=aj.thaddeus.bone.rightarm] run data modify entity @s {} merge value {transformation:[-0.9993113231320825f,0.03710632625550961f,-0.000003438936866609365f,-0.3125f,0.03463260366914061f,0.9326581632531765f,-0.3590951590878209f,1.3845495592381927f,-0.01332149477734525f,-0.3588479776577136f,-0.9333009518412945f,-0.014015043136942556f,0f,0f,0f,1f],start_interpolation:0}
execute if entity @s[tag=aj.thaddeus.bone.leftarm] run data modify entity @s {} merge value {transformation:[-0.9993113231320825f,-0.03710632625550951f,0.000003438936866837958f,0.3125f,-0.03463260366914061f,0.9326581632531765f,-0.3590951590878209f,1.3845495592381927f,0.013321494777345006f,-0.3588479776577136f,-0.9333009518412945f,-0.01401504313694248f,0f,0f,0f,1f],start_interpolation:0}
execute if entity @s[tag=aj.thaddeus.bone.torso] run data modify entity @s {} merge value {transformation:[-1f,-3.070070509932517e-18f,1.2242619202475678e-16f,2.675744806110785e-18f,0f,0.9996857225282805f,0.025069028164447248f,1.072147770948105f,-1.2246467991473532e-16f,0.025069028164447248f,-0.9996857225282805f,-0.021849114438332283f,0f,0f,0f,1f],start_interpolation:0}
execute if entity @s[tag=aj.thaddeus.bone.head] run data modify entity @s {} merge value {transformation:[-1f,-3.070070509932517e-18f,1.2242619202475678e-16f,1.524468364886091e-18f,0f,0.9996857225282805f,0.025069028164447248f,1.4470299168962104f,-1.2246467991473532e-16f,0.025069028164447248f,-0.9996857225282805f,-0.012448228876664566f,0f,0f,0f,1f],start_interpolation:0}
execute if entity @s[tag=aj.thaddeus.bone.leftleg] run data modify entity @s {} merge value {transformation:[-0.42261826174069916f,0.8848246737055844f,0.1961609075353089f,0.4375f,2.012407545130324e-16f,0.216439613938103f,-0.9762960071199334f,0.822265625f,-0.9063077870366502f,-0.4126005214734115f,-0.09147133341434929f,-0.03124999999999992f,0f,0f,0f,1f],start_interpolation:0}
execute if entity @s[tag=aj.thaddeus.bone.rightleg] run data modify entity @s {} merge value {transformation:[-0.4226182617406994f,-0.8848246737055844f,-0.1961609075353089f,-0.5f,-2.012407545130324e-16f,0.216439613938103f,-0.9762960071199334f,0.822265625f,0.9063077870366502f,-0.4126005214734117f,-0.09147133341434935f,-0.031250000000000035f,0f,0f,0f,1f],start_interpolation:0}