execute if entity @s[tag=aj.thaddeus.bone.rightarm] run data modify entity @s {} merge value {transformation:[-0.9998801220906716f,0.01548358569775932f,-0.000004678025592226942f,-0.3125f,0.014354277331000665f,0.9268396697854537f,-0.37518286372687104f,1.421162270934234f,-0.005804840243150616f,-0.3751379547392283f,-0.9269508178667412f,-0.025812946995417814f,0f,0f,0f,1f],start_interpolation:0}
execute if entity @s[tag=aj.thaddeus.bone.leftarm] run data modify entity @s {} merge value {transformation:[-0.9998801220906716f,-0.01548358569775923f,0.000004678025592453979f,0.3125f,-0.014354277331000665f,0.9268396697854537f,-0.37518286372687104f,1.421162270934234f,0.005804840243150372f,-0.3751379547392283f,-0.9269508178667412f,-0.025812946995417738f,0f,0f,0f,1f],start_interpolation:0}
execute if entity @s[tag=aj.thaddeus.bone.torso] run data modify entity @s {} merge value {transformation:[-1f,-9.68504663106345e-19f,1.2246085017398874e-16f,3.4638319986705993e-18f,0f,0.9999687277936035f,0.007908440733937783f,1.108672043498733f,-1.2246467991473532e-16f,0.007908440733937783f,-0.9999687277936035f,-0.028284334724773333f,0f,0f,0f,1f],start_interpolation:0}
execute if entity @s[tag=aj.thaddeus.bone.head] run data modify entity @s {} merge value {transformation:[-1f,-9.68504663106345e-19f,1.2246085017398874e-16f,3.10064275000572e-18f,0f,0.9999687277936035f,0.007908440733937783f,1.4836603164213342f,-1.2246467991473532e-16f,0.007908440733937783f,-0.9999687277936035f,-0.025318669449546662f,0f,0f,0f,1f],start_interpolation:0}
execute if entity @s[tag=aj.thaddeus.bone.leftleg] run data modify entity @s {} merge value {transformation:[-0.42261826174069916f,0.8848246737055844f,0.1961609075353089f,0.4375f,2.012407545130324e-16f,0.216439613938103f,-0.9762960071199334f,0.8586837705761317f,-0.9063077870366502f,-0.4126005214734115f,-0.09147133341434929f,-0.03124999999999992f,0f,0f,0f,1f],start_interpolation:0}
execute if entity @s[tag=aj.thaddeus.bone.rightleg] run data modify entity @s {} merge value {transformation:[-0.4226182617406994f,-0.8848246737055844f,-0.1961609075353089f,-0.5f,-2.012407545130324e-16f,0.216439613938103f,-0.9762960071199334f,0.8586837705761317f,0.9063077870366502f,-0.4126005214734117f,-0.09147133341434935f,-0.031250000000000035f,0f,0f,0f,1f],start_interpolation:0}