execute if entity @s[tag=aj.thaddeus.bone.rightarm] run data modify entity @s {} merge value {transformation:[-0.9966426285096036f,0.0818747276990054f,0.0000012969355732801047f,-0.3125f,0.07668427468550822f,0.9334659625289415f,-0.35037240019138793f,1.3783841186497516f,-0.028687855504130094f,-0.34919597042939987f,-0.9366104746277631f,-0.007430478304831272f,0f,0f,0f,1f],start_interpolation:0}
execute if entity @s[tag=aj.thaddeus.bone.leftarm] run data modify entity @s {} merge value {transformation:[-0.9966426285096036f,-0.08187472769900532f,-0.0000012969355730507015f,0.3125f,-0.07668427468550822f,0.9334659625289415f,-0.35037240019138793f,1.3783841186497516f,0.02868785550412985f,-0.34919597042939987f,-0.9366104746277631f,-0.007430478304831196f,0f,0f,0f,1f],start_interpolation:0}
execute if entity @s[tag=aj.thaddeus.bone.torso] run data modify entity @s {} merge value {transformation:[-1f,-4.242981963812272e-18f,1.2239115544300308e-16f,2.235903010905877e-18f,0f,0.9993996271269117f,0.03464657701115457f,1.0660717351725917f,-1.2246467991473532e-16f,0.03464657701115457f,-0.9993996271269117f,-0.018257533620817036f,0f,0f,0f,1f],start_interpolation:0}
execute if entity @s[tag=aj.thaddeus.bone.head] run data modify entity @s {} merge value {transformation:[-1f,-4.242981963812272e-18f,1.2239115544300308e-16f,6.44784774476275e-19f,0f,0.9993996271269117f,0.03464657701115457f,1.4408465953451837f,-1.2246467991473532e-16f,0.03464657701115457f,-0.9993996271269117f,-0.005265067241634072f,0f,0f,0f,1f],start_interpolation:0}
execute if entity @s[tag=aj.thaddeus.bone.leftleg] run data modify entity @s {} merge value {transformation:[-0.42261826174069916f,0.8848246737055844f,0.1961609075353089f,0.4375f,2.012407545130324e-16f,0.216439613938103f,-0.9762960071199334f,0.8162968749999999f,-0.9063077870366502f,-0.4126005214734115f,-0.09147133341434929f,-0.03124999999999992f,0f,0f,0f,1f],start_interpolation:0}
execute if entity @s[tag=aj.thaddeus.bone.rightleg] run data modify entity @s {} merge value {transformation:[-0.4226182617406994f,-0.8848246737055844f,-0.1961609075353089f,-0.5f,-2.012407545130324e-16f,0.216439613938103f,-0.9762960071199334f,0.8162968749999999f,0.9063077870366502f,-0.4126005214734117f,-0.09147133341434935f,-0.031250000000000035f,0f,0f,0f,1f],start_interpolation:0}