execute if entity @s[tag=aj.thaddeus.bone.rightarm] run data modify entity @s {} merge value {transformation:[-0.99874216687899f,0.05014064316735884f,-7.895339738202044e-7f,-0.3125f,0.046516842257885695f,0.9265544713088174f,-0.37327335169282144f,1.4277011257554553f,-0.018715434384880106f,-0.3728038728344991f,-0.9277214047953102f,-0.02448859439638179f,0f,0f,0f,1f],start_interpolation:0}
execute if entity @s[tag=aj.thaddeus.bone.leftarm] run data modify entity @s {} merge value {transformation:[-0.99874216687899f,-0.050140643167358744f,7.895339740474307e-7f,0.3125f,-0.046516842257885695f,0.9265544713088174f,-0.37327335169282144f,1.4277011257554553f,0.018715434384879864f,-0.3728038728344991f,-0.9277214047953102f,-0.024488594396381715f,0f,0f,0f,1f],start_interpolation:0}
execute if entity @s[tag=aj.thaddeus.bone.torso] run data modify entity @s {} merge value {transformation:[-1f,-1.204412178939355e-18f,1.2245875721205813e-16f,3.3753666802332207e-18f,0f,0.9999516374624805f,0.009834771787081089f,1.1152162390484301f,-1.2246467991473532e-16f,0.009834771787081089f,-0.9999516374624805f,-0.027561960579844592f,0f,0f,0f,1f],start_interpolation:0}
execute if entity @s[tag=aj.thaddeus.bone.head] run data modify entity @s {} merge value {transformation:[-1f,-1.204412178939355e-18f,1.2245875721205813e-16f,2.9237121131309627e-18f,0f,0.9999516374624805f,0.009834771787081089f,1.4901981030968603f,-1.2246467991473532e-16f,0.009834771787081089f,-0.9999516374624805f,-0.023873921159689185f,0f,0f,0f,1f],start_interpolation:0}
execute if entity @s[tag=aj.thaddeus.bone.leftleg] run data modify entity @s {} merge value {transformation:[-0.42261826174069916f,0.8848246737055844f,0.1961609075353089f,0.4375f,2.012407545130324e-16f,0.216439613938103f,-0.9762960071199334f,0.865234375f,-0.9063077870366502f,-0.4126005214734115f,-0.09147133341434929f,-0.03124999999999992f,0f,0f,0f,1f],start_interpolation:0}
execute if entity @s[tag=aj.thaddeus.bone.rightleg] run data modify entity @s {} merge value {transformation:[-0.4226182617406994f,-0.8848246737055844f,-0.1961609075353089f,-0.5f,-2.012407545130324e-16f,0.216439613938103f,-0.9762960071199334f,0.865234375f,0.9063077870366502f,-0.4126005214734117f,-0.09147133341434935f,-0.031250000000000035f,0f,0f,0f,1f],start_interpolation:0}