execute if entity @s[tag=aj.thaddeus.bone.rightarm] run data modify entity @s {} merge value {transformation:[-0.9999970138107745f,0.0024438429103659253f,-0.0000011675312584254872f,-0.3125f,0.0022592093177708043f,0.9242643464966002f,-0.381746399810753f,1.4309996716224478f,-0.0009318491252196414f,-0.3817452624814645f,-0.9242671076210414f,-0.03057804834496592f,0f,0f,0f,1f],start_interpolation:0}
execute if entity @s[tag=aj.thaddeus.bone.leftarm] run data modify entity @s {} merge value {transformation:[-0.9999970138107745f,-0.0024438429103658317f,0.0000011675312586518674f,0.3125f,-0.0022592093177708043f,0.9242643464966002f,-0.381746399810753f,1.4309996716224478f,0.0009318491252193965f,-0.3817452624814645f,-0.9242671076210414f,-0.030578048344965844f,0f,0f,0f,1f],start_interpolation:0}
execute if entity @s[tag=aj.thaddeus.bone.torso] run data modify entity @s {} merge value {transformation:[-1f,-1.196950463300798e-19f,1.224646214206963e-16f,3.782135604961699e-18f,0f,0.9999995223599238f,0.000977384225504171f,1.1184998208849715f,-1.2246467991473532e-16f,0.000977384225504171f,-0.9999995223599238f,-0.030883480915435937f,0f,0f,0f,1f],start_interpolation:0}
execute if entity @s[tag=aj.thaddeus.bone.head] run data modify entity @s {} merge value {transformation:[-1f,-1.196950463300798e-19f,1.224646214206963e-16f,3.737249962587919e-18f,0f,0.9999995223599238f,0.000977384225504171f,1.4934996417699429f,-1.2246467991473532e-16f,0.000977384225504171f,-0.9999995223599238f,-0.030516961830871873f,0f,0f,0f,1f],start_interpolation:0}
execute if entity @s[tag=aj.thaddeus.bone.leftleg] run data modify entity @s {} merge value {transformation:[-0.42261826174069916f,0.8848246737055844f,0.1961609075353089f,0.4375f,2.012407545130324e-16f,0.216439613938103f,-0.9762960071199334f,0.8685f,-0.9063077870366502f,-0.4126005214734115f,-0.09147133341434929f,-0.03124999999999992f,0f,0f,0f,1f],start_interpolation:0}
execute if entity @s[tag=aj.thaddeus.bone.rightleg] run data modify entity @s {} merge value {transformation:[-0.4226182617406994f,-0.8848246737055844f,-0.1961609075353089f,-0.5f,-2.012407545130324e-16f,0.216439613938103f,-0.9762960071199334f,0.8685f,0.9063077870366502f,-0.4126005214734117f,-0.09147133341434935f,-0.031250000000000035f,0f,0f,0f,1f],start_interpolation:0}