execute if entity @s[tag=aj.thaddeus.bone.rightarm] run data modify entity @s {} merge value {transformation:[-0.9998044956482572f,0.01977297288253828f,-0.000004992026272987365f,-0.3125f,0.018346980444260023f,0.9276061353699411f,-0.3731088928618834f,1.4166315631300035f,-0.007372841386593151f,-0.3730360400382634f,-0.9277875586805738f,-0.024302616992435338f,0f,0f,0f,1f],start_interpolation:0}
execute if entity @s[tag=aj.thaddeus.bone.leftarm] run data modify entity @s {} merge value {transformation:[-0.9998044956482572f,-0.019772972882538188f,0.000004992026273214607f,0.3125f,-0.018346980444260023f,0.9276061353699411f,-0.3731088928618834f,1.4166315631300035f,0.007372841386592907f,-0.3730360400382634f,-0.9277875586805738f,-0.02430261699243526f,0f,0f,0f,1f],start_interpolation:0}
execute if entity @s[tag=aj.thaddeus.bone.torso] run data modify entity @s {} merge value {transformation:[-1f,-1.2375404163876104e-18f,1.2245842690618062e-16f,3.3629435911901247e-18f,0f,0.9999489403103079f,0.010105284374639563f,1.1041475192830323f,-1.2246467991473532e-16f,0.010105284374639563f,-0.9999489403103079f,-0.027460518359510164f,0f,0f,0f,1f],start_interpolation:0}
execute if entity @s[tag=aj.thaddeus.bone.head] run data modify entity @s {} merge value {transformation:[-1f,-1.2375404163876104e-18f,1.2245842690618062e-16f,2.898865935044771e-18f,0f,0.9999489403103079f,0.010105284374639563f,1.4791283718993977f,-1.2246467991473532e-16f,0.010105284374639563f,-0.9999489403103079f,-0.02367103671902033f,0f,0f,0f,1f],start_interpolation:0}
execute if entity @s[tag=aj.thaddeus.bone.leftleg] run data modify entity @s {} merge value {transformation:[-0.42261826174069916f,0.8848246737055844f,0.1961609075353089f,0.4375f,2.012407545130324e-16f,0.216439613938103f,-0.9762960071199334f,0.8541666666666667f,-0.9063077870366502f,-0.4126005214734115f,-0.09147133341434929f,-0.03124999999999992f,0f,0f,0f,1f],start_interpolation:0}
execute if entity @s[tag=aj.thaddeus.bone.rightleg] run data modify entity @s {} merge value {transformation:[-0.4226182617406994f,-0.8848246737055844f,-0.1961609075353089f,-0.5f,-2.012407545130324e-16f,0.216439613938103f,-0.9762960071199334f,0.8541666666666667f,0.9063077870366502f,-0.4126005214734117f,-0.09147133341434935f,-0.031250000000000035f,0f,0f,0f,1f],start_interpolation:0}