execute if entity @s[tag=aj.thaddeus.bone.rightarm] run data modify entity @s {} merge value {transformation:[-0.9968824432690171f,0.07890116791849394f,0.0000017585346967689872f,-0.3125f,0.07390126681496748f,0.9337186429102027f,-0.35029715763202035f,1.3750393807028995f,-0.02764049683232576f,-0.3492049564124587f,-0.9366386183325109f,-0.007401997480509086f,0f,0f,0f,1f],start_interpolation:0}
execute if entity @s[tag=aj.thaddeus.bone.leftarm] run data modify entity @s {} merge value {transformation:[-0.9968824432690171f,-0.07890116791849386f,-0.0000017585346965395768f,0.3125f,-0.07390126681496748f,0.9337186429102027f,-0.35029715763202035f,1.3750393807028995f,0.027640496832325518f,-0.3492049564124587f,-0.9366386183325109f,-0.00740199748050901f,0f,0f,0f,1f],start_interpolation:0}
execute if entity @s[tag=aj.thaddeus.bone.torso] run data modify entity @s {} merge value {transformation:[-1f,-4.24805526568038e-18f,1.2239097945959212e-16f,2.2340005227053362e-18f,0f,0.9993981901133085f,0.03468800366471411f,1.0627274462924907f,-1.2246467991473532e-16f,0.03468800366471411f,-0.9993981901133085f,-0.018241998625732208f,0f,0f,0f,1f],start_interpolation:0}
execute if entity @s[tag=aj.thaddeus.bone.head] run data modify entity @s {} merge value {transformation:[-1f,-4.24805526568038e-18f,1.2239097945959212e-16f,6.40979798075194e-19f,0f,0.9993981901133085f,0.03468800366471411f,1.4375017675849815f,-1.2246467991473532e-16f,0.03468800366471411f,-0.9993981901133085f,-0.005233997251464416f,0f,0f,0f,1f],start_interpolation:0}
execute if entity @s[tag=aj.thaddeus.bone.leftleg] run data modify entity @s {} merge value {transformation:[-0.42261826174069916f,0.8848246737055844f,0.1961609075353089f,0.4375f,2.012407545130324e-16f,0.216439613938103f,-0.9762960071199334f,0.8129531249999999f,-0.9063077870366502f,-0.4126005214734115f,-0.09147133341434929f,-0.03124999999999992f,0f,0f,0f,1f],start_interpolation:0}
execute if entity @s[tag=aj.thaddeus.bone.rightleg] run data modify entity @s {} merge value {transformation:[-0.4226182617406994f,-0.8848246737055844f,-0.1961609075353089f,-0.5f,-2.012407545130324e-16f,0.216439613938103f,-0.9762960071199334f,0.8129531249999999f,0.9063077870366502f,-0.4126005214734117f,-0.09147133341434935f,-0.031250000000000035f,0f,0f,0f,1f],start_interpolation:0}