execute if entity @s[tag=aj.thaddeus.bone.rightarm] run data modify entity @s {} merge value {transformation:[-0.9962496304644827f,0.08652556731600418f,1.592624071582195e-7f,-0.3125f,0.080992061189718f,0.9325378564234359f,-0.3518713292688456f,1.3815931733968219f,-0.030446014905447155f,-0.3505516688561431f,-0.9360483788985217f,-0.008484297163934739f,0f,0f,0f,1f],start_interpolation:0}
execute if entity @s[tag=aj.thaddeus.bone.leftarm] run data modify entity @s {} merge value {transformation:[-0.9962496304644827f,-0.0865255673160041f,-1.5926240692895377e-7f,0.3125f,-0.080992061189718f,0.9325378564234359f,-0.3518713292688456f,1.3815931733968219f,0.030446014905446912f,-0.35055166885614314f,-0.9360483788985217f,-0.008484297163934663f,0f,0f,0f,1f],start_interpolation:0}
execute if entity @s[tag=aj.thaddeus.bone.torso] run data modify entity @s {} merge value {transformation:[-1f,-4.0552647430585e-18f,1.2239751898826334e-16f,2.306296968688541e-18f,0f,0.9994515894173018f,0.033113749579731344f,1.069264551703915f,-1.2246467991473532e-16f,0.033113749579731344f,-0.9994515894173018f,-0.018832343907600746f,0f,0f,0f,1f],start_interpolation:0}
execute if entity @s[tag=aj.thaddeus.bone.head] run data modify entity @s {} merge value {transformation:[-1f,-4.0552647430585e-18f,1.2239751898826334e-16f,7.855726900416036e-19f,0f,0.9994515894173018f,0.033113749579731344f,1.4440588977354032f,-1.2246467991473532e-16f,0.033113749579731344f,-0.9994515894173018f,-0.006414687815201492f,0f,0f,0f,1f],start_interpolation:0}
execute if entity @s[tag=aj.thaddeus.bone.leftleg] run data modify entity @s {} merge value {transformation:[-0.42261826174069916f,0.8848246737055844f,0.1961609075353089f,0.4375f,2.012407545130324e-16f,0.216439613938103f,-0.9762960071199334f,0.8194702056724268f,-0.9063077870366502f,-0.4126005214734115f,-0.09147133341434929f,-0.03124999999999992f,0f,0f,0f,1f],start_interpolation:0}
execute if entity @s[tag=aj.thaddeus.bone.rightleg] run data modify entity @s {} merge value {transformation:[-0.4226182617406994f,-0.8848246737055844f,-0.1961609075353089f,-0.5f,-2.012407545130324e-16f,0.216439613938103f,-0.9762960071199334f,0.8194702056724268f,0.9063077870366502f,-0.4126005214734117f,-0.09147133341434935f,-0.031250000000000035f,0f,0f,0f,1f],start_interpolation:0}