execute if entity @s[tag=aj.thaddeus.bone.rightarm] run data modify entity @s {} merge value {transformation:[-0.999907011006279f,0.01363705689938667f,-0.000004428528083793199f,-0.3125f,0.012602936543498734f,0.9239582807100896f,-0.3822855758431589f,1.4370468529842522f,-0.00520915837439358f,-0.38225008330460564f,-0.9240442297220693f,-0.03107601249204905f,0f,0f,0f,1f],start_interpolation:0}
execute if entity @s[tag=aj.thaddeus.bone.leftarm] run data modify entity @s {} merge value {transformation:[-0.999907011006279f,-0.013637056899386575f,0.000004428528084019525f,0.3125f,-0.012602936543498734f,0.9239582807100896f,-0.3822855758431589f,1.4370468529842522f,0.005209158374393335f,-0.38225008330460564f,-0.9240442297220693f,-0.031076012492048975f,0f,0f,0f,1f],start_interpolation:0}
execute if entity @s[tag=aj.thaddeus.bone.torso] run data modify entity @s {} merge value {transformation:[-1f,-3.099247195691685e-20f,1.2246467599306038e-16f,3.815399070351635e-18f,0f,0.9999999679770939f,0.00025307273883780216f,1.1245468629914104f,-1.2246467991473532e-16f,0.00025307273883780216f,-0.9999999679770939f,-0.031155097722935825f,0f,0f,0f,1f],start_interpolation:0}
execute if entity @s[tag=aj.thaddeus.bone.head] run data modify entity @s {} merge value {transformation:[-1f,-3.099247195691685e-20f,1.2246467599306038e-16f,3.803776893367791e-18f,0f,0.9999999679770939f,0.00025307273883780216f,1.4995468509828205f,-1.2246467991473532e-16f,0.00025307273883780216f,-0.9999999679770939f,-0.031060195445871647f,0f,0f,0f,1f],start_interpolation:0}
execute if entity @s[tag=aj.thaddeus.bone.leftleg] run data modify entity @s {} merge value {transformation:[-0.42261826174069916f,0.8848246737055844f,0.1961609075353089f,0.4375f,2.012407545130324e-16f,0.216439613938103f,-0.9762960071199334f,0.8745468750000001f,-0.9063077870366502f,-0.4126005214734115f,-0.09147133341434929f,-0.03124999999999992f,0f,0f,0f,1f],start_interpolation:0}
execute if entity @s[tag=aj.thaddeus.bone.rightleg] run data modify entity @s {} merge value {transformation:[-0.4226182617406994f,-0.8848246737055844f,-0.1961609075353089f,-0.5f,-2.012407545130324e-16f,0.216439613938103f,-0.9762960071199334f,0.8745468750000001f,0.9063077870366502f,-0.4126005214734117f,-0.09147133341434935f,-0.031250000000000035f,0f,0f,0f,1f],start_interpolation:0}