execute if entity @s[tag=aj.thaddeus.bone.rightarm] run data modify entity @s {} merge value {transformation:[-0.9964046295018161f,0.08472198243022692f,6.639865270315384e-7f,-0.3125f,0.07913163715361535f,0.9306600781883648f,-0.3572254230423909f,1.396742568045785f,-0.030265463960380996f,-0.3559410127528422f,-0.9340181995720127f,-0.012437699081860393f,0f,0f,0f,1f],start_interpolation:0}
execute if entity @s[tag=aj.thaddeus.bone.leftarm] run data modify entity @s {} merge value {transformation:[-0.9964046295018161f,-0.08472198243022684f,-6.639865268027698e-7f,0.3125f,-0.07913163715361535f,0.9306600781883648f,-0.3572254230423909f,1.396742568045785f,0.030265463960380753f,-0.3559410127528422f,-0.9340181995720127f,-0.012437699081860317f,0f,0f,0f,1f],start_interpolation:0}
execute if entity @s[tag=aj.thaddeus.bone.torso] run data modify entity @s {} merge value {transformation:[-1f,-3.3510435060358595e-18f,1.2241882344655675e-16f,2.5703799325720313e-18f,0f,0.9996255535211418f,0.027363346790021306f,1.0843595825704282f,-1.2246467991473532e-16f,0.027363346790021306f,-0.9996255535211418f,-0.020988744953742013f,0f,0f,0f,1f],start_interpolation:0}
execute if entity @s[tag=aj.thaddeus.bone.head] run data modify entity @s {} merge value {transformation:[-1f,-3.3510435060358595e-18f,1.2241882344655675e-16f,1.3137386178085841e-18f,0f,0.9996255535211418f,0.027363346790021306f,1.4592191651408564f,-1.2246467991473532e-16f,0.027363346790021306f,-0.9996255535211418f,-0.010727489907484022f,0f,0f,0f,1f],start_interpolation:0}
execute if entity @s[tag=aj.thaddeus.bone.leftleg] run data modify entity @s {} merge value {transformation:[-0.42261826174069916f,0.8848246737055844f,0.1961609075353089f,0.4375f,2.012407545130324e-16f,0.216439613938103f,-0.9762960071199334f,0.8345f,-0.9063077870366502f,-0.4126005214734115f,-0.09147133341434929f,-0.03124999999999992f,0f,0f,0f,1f],start_interpolation:0}
execute if entity @s[tag=aj.thaddeus.bone.rightleg] run data modify entity @s {} merge value {transformation:[-0.4226182617406994f,-0.8848246737055844f,-0.1961609075353089f,-0.5f,-2.012407545130324e-16f,0.216439613938103f,-0.9762960071199334f,0.8345f,0.9063077870366502f,-0.4126005214734117f,-0.09147133341434935f,-0.031250000000000035f,0f,0f,0f,1f],start_interpolation:0}