execute if entity @s[tag=aj.thaddeus.bone.rightarm] run data modify entity @s {} merge value {transformation:[-0.9999970138107745f,0.002443842910365902f,-0.000001167531258418298f,-0.3125f,0.0022652758290572063f,0.9267496062031648f,-0.37567277773043023f,1.4154804582758633f,-0.0009170032453400081f,-0.37567165854520945f,-0.9267523747317509f,-0.026066421235379545f,0f,0f,0f,1f],start_interpolation:0}
execute if entity @s[tag=aj.thaddeus.bone.leftarm] run data modify entity @s {} merge value {transformation:[-0.9999970138107745f,-0.00244384291036581f,0.0000011675312586452872f,0.3125f,-0.0022652758290572063f,0.9267496062031648f,-0.37567277773043023f,1.4154804582758633f,0.0009170032453397632f,-0.37567165854520945f,-0.9267523747317509f,-0.02606642123537947f,0f,0f,0f,1f],start_interpolation:0}
execute if entity @s[tag=aj.thaddeus.bone.torso] run data modify entity @s {} merge value {transformation:[-1f,-9.23353184323008e-19f,1.2246119893874784e-16f,3.480763803214351e-18f,0f,0.999971575673983f,0.0075397509303570835f,1.1029893408777436f,-1.2246467991473532e-16f,0.0075397509303570835f,-0.999971575673983f,-0.028422593401116095f,0f,0f,0f,1f],start_interpolation:0}
execute if entity @s[tag=aj.thaddeus.bone.head] run data modify entity @s {} merge value {transformation:[-1f,-9.23353184323008e-19f,1.2246119893874784e-16f,3.1345063590932226e-18f,0f,0.999971575673983f,0.0075397509303570835f,1.4779786817554872f,-1.2246467991473532e-16f,0.0075397509303570835f,-0.999971575673983f,-0.02559518680223219f,0f,0f,0f,1f],start_interpolation:0}
execute if entity @s[tag=aj.thaddeus.bone.leftleg] run data modify entity @s {} merge value {transformation:[-0.42261826174069916f,0.8848246737055844f,0.1961609075353089f,0.4375f,2.012407545130324e-16f,0.216439613938103f,-0.9762960071199334f,0.853f,-0.9063077870366502f,-0.4126005214734115f,-0.09147133341434929f,-0.03124999999999992f,0f,0f,0f,1f],start_interpolation:0}
execute if entity @s[tag=aj.thaddeus.bone.rightleg] run data modify entity @s {} merge value {transformation:[-0.4226182617406994f,-0.8848246737055844f,-0.1961609075353089f,-0.5f,-2.012407545130324e-16f,0.216439613938103f,-0.9762960071199334f,0.853f,0.9063077870366502f,-0.4126005214734117f,-0.09147133341434935f,-0.031250000000000035f,0f,0f,0f,1f],start_interpolation:0}