execute if entity @s[tag=aj.thaddeus.bone.rightarm] run data modify entity @s {} merge value {transformation:[-0.9966426285096036f,0.0818747276990054f,0.0000012969355732801066f,-0.3125f,0.07668546377627014f,0.933480436448101f,-0.3503335759159851f,1.3772540102107884f,-0.028684676795925103f,-0.3491572764999701f,-0.9366249973090814f,-0.007401997480509086f,0f,0f,0f,1f],start_interpolation:0}
execute if entity @s[tag=aj.thaddeus.bone.leftarm] run data modify entity @s {} merge value {transformation:[-0.9966426285096036f,-0.08187472769900532f,-0.0000012969355730506996f,0.3125f,-0.07668546377627014f,0.933480436448101f,-0.3503335759159851f,1.3772540102107884f,0.02868467679592486f,-0.3491572764999701f,-0.9366249973090814f,-0.00740199748050901f,0f,0f,0f,1f],start_interpolation:0}
execute if entity @s[tag=aj.thaddeus.bone.torso] run data modify entity @s {} merge value {transformation:[-1f,-4.24805526568038e-18f,1.2239097945959212e-16f,2.2340005227053362e-18f,0f,0.9993981901133085f,0.03468800366471411f,1.0649420758003796f,-1.2246467991473532e-16f,0.03468800366471411f,-0.9993981901133085f,-0.018241998625732208f,0f,0f,0f,1f],start_interpolation:0}
execute if entity @s[tag=aj.thaddeus.bone.head] run data modify entity @s {} merge value {transformation:[-1f,-4.24805526568038e-18f,1.2239097945959212e-16f,6.40979798075194e-19f,0f,0.9993981901133085f,0.03468800366471411f,1.4397163970928704f,-1.2246467991473532e-16f,0.03468800366471411f,-0.9993981901133085f,-0.005233997251464416f,0f,0f,0f,1f],start_interpolation:0}
execute if entity @s[tag=aj.thaddeus.bone.leftleg] run data modify entity @s {} merge value {transformation:[-0.42261826174069916f,0.8848246737055844f,0.1961609075353089f,0.4375f,2.012407545130324e-16f,0.216439613938103f,-0.9762960071199334f,0.8151677545078888f,-0.9063077870366502f,-0.4126005214734115f,-0.09147133341434929f,-0.03124999999999992f,0f,0f,0f,1f],start_interpolation:0}
execute if entity @s[tag=aj.thaddeus.bone.rightleg] run data modify entity @s {} merge value {transformation:[-0.4226182617406994f,-0.8848246737055844f,-0.1961609075353089f,-0.5f,-2.012407545130324e-16f,0.216439613938103f,-0.9762960071199334f,0.8151677545078888f,0.9063077870366502f,-0.4126005214734117f,-0.09147133341434935f,-0.031250000000000035f,0f,0f,0f,1f],start_interpolation:0}