execute if entity @s[tag=aj.thaddeus.bone.rightarm] run data modify entity @s {} merge value {transformation:[-0.9984012591861552f,0.056523673405715257f,4.730433919185965e-7f,-0.3125f,0.05248916610732654f,0.9271411761669784f,-0.3710176908141568f,1.423948103592345f,-0.020971721361328802f,-0.3704245048595407f,-0.9286257982108331f,-0.02280281897384422f,0f,0f,0f,1f],start_interpolation:0}
execute if entity @s[tag=aj.thaddeus.bone.leftarm] run data modify entity @s {} merge value {transformation:[-0.9984012591861552f,-0.05652367340571516f,-4.730433916911488e-7f,0.3125f,-0.05248916610732654f,0.9271411761669784f,-0.3710176908141568f,1.423948103592345f,0.02097172136132856f,-0.3704245048595407f,-0.9286257982108331f,-0.022802818973844143f,0f,0f,0f,1f],start_interpolation:0}
execute if entity @s[tag=aj.thaddeus.bone.torso] run data modify entity @s {} merge value {transformation:[-1f,-1.5047001026181783e-18f,1.2245543558462302e-16f,3.262758708853662e-18f,0f,0.999924514316138f,0.012286808765317552f,1.1114716928685517f,-1.2246467991473532e-16f,0.012286808765317552f,-0.999924514316138f,-0.02664244671300592f,0f,0f,0f,1f],start_interpolation:0}
execute if entity @s[tag=aj.thaddeus.bone.head] run data modify entity @s {} merge value {transformation:[-1f,-1.5047001026181783e-18f,1.2245543558462302e-16f,2.698496170371845e-18f,0f,0.999924514316138f,0.012286808765317552f,1.4864433857371036f,-1.2246467991473532e-16f,0.012286808765317552f,-0.999924514316138f,-0.022034893426011837f,0f,0f,0f,1f],start_interpolation:0}
execute if entity @s[tag=aj.thaddeus.bone.leftleg] run data modify entity @s {} merge value {transformation:[-0.42261826174069916f,0.8848246737055844f,0.1961609075353089f,0.4375f,2.012407545130324e-16f,0.216439613938103f,-0.9762960071199334f,0.8614999999999999f,-0.9063077870366502f,-0.4126005214734115f,-0.09147133341434929f,-0.03124999999999992f,0f,0f,0f,1f],start_interpolation:0}
execute if entity @s[tag=aj.thaddeus.bone.rightleg] run data modify entity @s {} merge value {transformation:[-0.4226182617406994f,-0.8848246737055844f,-0.1961609075353089f,-0.5f,-2.012407545130324e-16f,0.216439613938103f,-0.9762960071199334f,0.8614999999999999f,0.9063077870366502f,-0.4126005214734117f,-0.09147133341434935f,-0.031250000000000035f,0f,0f,0f,1f],start_interpolation:0}