execute if entity @s[tag=aj.thaddeus.bone.rightarm] run data modify entity @s {} merge value {transformation:[-0.9964046295018161f,0.0847219824302269f,6.639865270283602e-7f,-0.3125f,0.07933321847572788f,0.9330308016323753f,-0.3509412538467506f,1.3792024474637479f,-0.02973305826232779f,-0.3496794373398862f,-0.9363974777561235f,-0.007820219992052058f,0f,0f,0f,1f],start_interpolation:0}
execute if entity @s[tag=aj.thaddeus.bone.leftarm] run data modify entity @s {} merge value {transformation:[-0.9964046295018161f,-0.08472198243022681f,-6.639865267990091e-7f,0.3125f,-0.07933321847572788f,0.9330308016323753f,-0.3509412538467506f,1.3792024474637479f,0.02973305826232755f,-0.3496794373398862f,-0.9363974777561235f,-0.007820219992051982f,0f,0f,0f,1f],start_interpolation:0}
execute if entity @s[tag=aj.thaddeus.bone.torso] run data modify entity @s {} merge value {transformation:[-1f,-4.1735571042123845e-18f,1.2239354250824042e-16f,2.2619373332558347e-18f,0f,0.9994191189937831f,0.0340796800115607f,1.0668839727781907f,-1.2246467991473532e-16f,0.0340796800115607f,-0.9994191189937831f,-0.01847011999566474f,0f,0f,0f,1f],start_interpolation:0}
execute if entity @s[tag=aj.thaddeus.bone.head] run data modify entity @s {} merge value {transformation:[-1f,-4.1735571042123845e-18f,1.2239354250824042e-16f,6.968534191761906e-19f,0f,0.9994191189937831f,0.0340796800115607f,1.4416661424008594f,-1.2246467991473532e-16f,0.0340796800115607f,-0.9994191189937831f,-0.0056902399913294766f,0f,0f,0f,1f],start_interpolation:0}
execute if entity @s[tag=aj.thaddeus.bone.leftleg] run data modify entity @s {} merge value {transformation:[-0.42261826174069916f,0.8848246737055844f,0.1961609075353089f,0.4375f,2.012407545130324e-16f,0.216439613938103f,-0.9762960071199334f,0.8171018031555222f,-0.9063077870366502f,-0.4126005214734115f,-0.09147133341434929f,-0.03124999999999992f,0f,0f,0f,1f],start_interpolation:0}
execute if entity @s[tag=aj.thaddeus.bone.rightleg] run data modify entity @s {} merge value {transformation:[-0.4226182617406994f,-0.8848246737055844f,-0.1961609075353089f,-0.5f,-2.012407545130324e-16f,0.216439613938103f,-0.9762960071199334f,0.8171018031555222f,0.9063077870366502f,-0.4126005214734117f,-0.09147133341434935f,-0.031250000000000035f,0f,0f,0f,1f],start_interpolation:0}