execute if entity @s[tag=aj.thaddeus.bone.rightarm] run data modify entity @s {} merge value {transformation:[-0.996265837667836f,0.08633875546913121f,2.154283436986606e-7f,-0.3125f,0.08073037460217489f,0.931551424594727f,-0.3545342719006544f,1.3874838087340786f,-0.03061024848963756f,-0.35321036598545097f,-0.9350430204262403f,-0.010442172041927312f,0f,0f,0f,1f],start_interpolation:0}
execute if entity @s[tag=aj.thaddeus.bone.leftarm] run data modify entity @s {} merge value {transformation:[-0.996265837667836f,-0.08633875546913113f,-2.154283434696411e-7f,0.3125f,-0.08073037460217489f,0.931551424594727f,-0.3545342719006544f,1.3874838087340786f,0.030610248489637316f,-0.35321036598545097f,-0.9350430204262403f,-0.010442172041927236f,0f,0f,0f,1f],start_interpolation:0}
execute if entity @s[tag=aj.thaddeus.bone.torso] run data modify entity @s {} merge value {transformation:[-1f,-3.70650762270001e-18f,1.2240857661071566e-16f,2.437080888822975e-18f,0f,0.9995418817567748f,0.03026593157537851f,1.0751269706850866f,-1.2246467991473532e-16f,0.03026593157537851f,-0.9995418817567748f,-0.01990027565923306f,0f,0f,0f,1f],start_interpolation:0}
execute if entity @s[tag=aj.thaddeus.bone.head] run data modify entity @s {} merge value {transformation:[-1f,-3.70650762270001e-18f,1.2240857661071566e-16f,1.047140530310471e-18f,0f,0.9995418817567748f,0.03026593157537851f,1.449955176343877f,-1.2246467991473532e-16f,0.03026593157537851f,-0.9995418817567748f,-0.008550551318466118f,0f,0f,0f,1f],start_interpolation:0}
execute if entity @s[tag=aj.thaddeus.bone.leftleg] run data modify entity @s {} merge value {transformation:[-0.42261826174069916f,0.8848246737055844f,0.1961609075353089f,0.4375f,2.012407545130324e-16f,0.216439613938103f,-0.9762960071199334f,0.825298765026296f,-0.9063077870366502f,-0.4126005214734115f,-0.09147133341434929f,-0.03124999999999992f,0f,0f,0f,1f],start_interpolation:0}
execute if entity @s[tag=aj.thaddeus.bone.rightleg] run data modify entity @s {} merge value {transformation:[-0.4226182617406994f,-0.8848246737055844f,-0.1961609075353089f,-0.5f,-2.012407545130324e-16f,0.216439613938103f,-0.9762960071199334f,0.825298765026296f,0.9063077870366502f,-0.4126005214734117f,-0.09147133341434935f,-0.031250000000000035f,0f,0f,0f,1f],start_interpolation:0}