execute if entity @s[tag=aj.thaddeus.bone.rightarm] run data modify entity @s {} merge value {transformation:[-0.9994217911710294f,0.03400122522507036f,-0.000003960485802121521f,-0.3125f,0.03154846022696173f,0.9272825034241171f,-0.3730306334616635f,1.4215464141192344f,-0.01267982609499132f,-0.3728150688031482f,-0.9278190267953684f,-0.024302616992435345f,0f,0f,0f,1f],start_interpolation:0}
execute if entity @s[tag=aj.thaddeus.bone.leftarm] run data modify entity @s {} merge value {transformation:[-0.9994217911710294f,-0.034001225225070264f,0.000003960485802348771f,0.3125f,-0.03154846022696173f,0.9272825034241171f,-0.3730306334616635f,1.4215464141192344f,0.012679826094991076f,-0.3728150688031482f,-0.9278190267953684f,-0.02430261699243527f,0f,0f,0f,1f],start_interpolation:0}
execute if entity @s[tag=aj.thaddeus.bone.torso] run data modify entity @s {} merge value {transformation:[-1f,-1.237540416387609e-18f,1.2245842690618062e-16f,3.3629435911901254e-18f,0f,0.9999489403103079f,0.010105284374639553f,1.1090623702722633f,-1.2246467991473532e-16f,0.010105284374639553f,-0.9999489403103079f,-0.027460518359510168f,0f,0f,0f,1f],start_interpolation:0}
execute if entity @s[tag=aj.thaddeus.bone.head] run data modify entity @s {} merge value {transformation:[-1f,-1.237540416387609e-18f,1.2245842690618062e-16f,2.898865935044772e-18f,0f,0.9999489403103079f,0.010105284374639553f,1.4840432228886289f,-1.2246467991473532e-16f,0.010105284374639553f,-0.9999489403103079f,-0.023671036719020336f,0f,0f,0f,1f],start_interpolation:0}
execute if entity @s[tag=aj.thaddeus.bone.leftleg] run data modify entity @s {} merge value {transformation:[-0.42261826174069916f,0.8848246737055844f,0.1961609075353089f,0.4375f,2.012407545130324e-16f,0.216439613938103f,-0.9762960071199334f,0.8590815176558979f,-0.9063077870366502f,-0.4126005214734115f,-0.09147133341434929f,-0.03124999999999992f,0f,0f,0f,1f],start_interpolation:0}
execute if entity @s[tag=aj.thaddeus.bone.rightleg] run data modify entity @s {} merge value {transformation:[-0.4226182617406994f,-0.8848246737055844f,-0.1961609075353089f,-0.5f,-2.012407545130324e-16f,0.216439613938103f,-0.9762960071199334f,0.8590815176558979f,0.9063077870366502f,-0.4126005214734117f,-0.09147133341434935f,-0.031250000000000035f,0f,0f,0f,1f],start_interpolation:0}