execute if entity @s[tag=aj.thaddeus.bone.rightarm] run data modify entity @s {} merge value {transformation:[-0.9980360082777091f,0.06264284619173854f,0.0000014473005354281858f,-0.3125f,0.058634662822383055f,0.9341851104671327f,-0.35193771565039267f,1.3750836535051294f,-0.02204773223716993f,-0.3512464280281144f,-0.9360234208077748f,-0.008713656102610304f,0f,0f,0f,1f],start_interpolation:0}
execute if entity @s[tag=aj.thaddeus.bone.leftarm] run data modify entity @s {} merge value {transformation:[-0.9980360082777091f,-0.06264284619173846f,-0.0000014473005351989261f,0.3125f,-0.058634662822383055f,0.9341851104671327f,-0.35193771565039267f,1.3750836535051294f,0.022047732237169684f,-0.3512464280281144f,-0.9360234208077748f,-0.008713656102610228f,0f,0f,0f,1f],start_interpolation:0}
execute if entity @s[tag=aj.thaddeus.bone.torso] run data modify entity @s {} merge value {transformation:[-1f,-4.014408933588702e-18f,1.2239886579348887e-16f,2.3216178972397157e-18f,0f,0.999462586916552f,0.03278013657802143f,1.062751595093707f,-1.2246467991473532e-16f,0.03278013657802143f,-0.999462586916552f,-0.018957448783241963f,0f,0f,0f,1f],start_interpolation:0}
execute if entity @s[tag=aj.thaddeus.bone.head] run data modify entity @s {} merge value {transformation:[-1f,-4.014408933588702e-18f,1.2239886579348887e-16f,8.162145471439526e-19f,0f,0.999462586916552f,0.03278013657802143f,1.437550065187414f,-1.2246467991473532e-16f,0.03278013657802143f,-0.999462586916552f,-0.006664897566483925f,0f,0f,0f,1f],start_interpolation:0}
execute if entity @s[tag=aj.thaddeus.bone.leftleg] run data modify entity @s {} merge value {transformation:[-0.42261826174069916f,0.8848246737055844f,0.1961609075353089f,0.4375f,2.012407545130324e-16f,0.216439613938103f,-0.9762960071199334f,0.8129531249999999f,-0.9063077870366502f,-0.4126005214734115f,-0.09147133341434929f,-0.03124999999999992f,0f,0f,0f,1f],start_interpolation:0}
execute if entity @s[tag=aj.thaddeus.bone.rightleg] run data modify entity @s {} merge value {transformation:[-0.4226182617406994f,-0.8848246737055844f,-0.1961609075353089f,-0.5f,-2.012407545130324e-16f,0.216439613938103f,-0.9762960071199334f,0.8129531249999999f,0.9063077870366502f,-0.4126005214734117f,-0.09147133341434935f,-0.031250000000000035f,0f,0f,0f,1f],start_interpolation:0}