execute if entity @s[tag=aj.thaddeus.bone.rightarm] run data modify entity @s {} merge value {transformation:[-0.9961947052712221f,0.08715566068581862f,-3.694371774464744e-8f,-0.3125f,0.08152495482156591f,0.931835231792764f,-0.35360540512139765f,1.3881637687695698f,-0.030818678279974164f,-0.3522598353490567f,-0.9353946853969884f,-0.009751049086032068f,0f,0f,0f,1f],start_interpolation:0}
execute if entity @s[tag=aj.thaddeus.bone.leftarm] run data modify entity @s {} merge value {transformation:[-0.9961947052712221f,-0.08715566068581854f,3.694371797375307e-8f,0.3125f,-0.08152495482156591f,0.931835231792764f,-0.35360540512139765f,1.3881637687695698f,0.03081867827997392f,-0.35225983534905675f,-0.9353946853969884f,-0.009751049086031992f,0f,0f,0f,1f],start_interpolation:0}
execute if entity @s[tag=aj.thaddeus.bone.torso] run data modify entity @s {} merge value {transformation:[-1f,-3.829617661355191e-18f,1.2240478689653608e-16f,2.390914624327282e-18f,0f,0.9995109363921015f,0.03127120132940796f,1.075816601147038f,-1.2246467991473532e-16f,0.03127120132940796f,-0.9995109363921015f,-0.019523299501472018f,0f,0f,0f,1f],start_interpolation:0}
execute if entity @s[tag=aj.thaddeus.bone.head] run data modify entity @s {} merge value {transformation:[-1f,-3.829617661355191e-18f,1.2240478689653608e-16f,9.548080013190853e-19f,0f,0.9995109363921015f,0.03127120132940796f,1.4506332022940762f,-1.2246467991473532e-16f,0.03127120132940796f,-0.9995109363921015f,-0.007796599002944032f,0f,0f,0f,1f],start_interpolation:0}
execute if entity @s[tag=aj.thaddeus.bone.leftleg] run data modify entity @s {} merge value {transformation:[-0.42261826174069916f,0.8848246737055844f,0.1961609075353089f,0.4375f,2.012407545130324e-16f,0.216439613938103f,-0.9762960071199334f,0.8260000000000001f,-0.9063077870366502f,-0.4126005214734115f,-0.09147133341434929f,-0.03124999999999992f,0f,0f,0f,1f],start_interpolation:0}
execute if entity @s[tag=aj.thaddeus.bone.rightleg] run data modify entity @s {} merge value {transformation:[-0.4226182617406994f,-0.8848246737055844f,-0.1961609075353089f,-0.5f,-2.012407545130324e-16f,0.216439613938103f,-0.9762960071199334f,0.8260000000000001f,0.9063077870366502f,-0.4126005214734117f,-0.09147133341434935f,-0.031250000000000035f,0f,0f,0f,1f],start_interpolation:0}