execute if entity @s[tag=aj.thaddeus.bone.rightarm] run data modify entity @s {} merge value {transformation:[-0.9999685830398943f,0.007926722094516506f,-0.000003165793433892589f,-0.3125f,0.007332107975020275f,0.9248051541159841f,-0.38037043406809834f,1.4336945034773763f,-0.003012162981743899f,-0.3803585071972852f,-0.9248342191316367f,-0.029606119577222825f,0f,0f,0f,1f],start_interpolation:0}
execute if entity @s[tag=aj.thaddeus.bone.leftarm] run data modify entity @s {} merge value {transformation:[-0.9999685830398943f,-0.007926722094516413f,0.0000031657934341191084f,0.3125f,-0.007332107975020275f,0.9248051541159841f,-0.38037043406809834f,1.4336945034773763f,0.003012162981743654f,-0.3803585071972852f,-0.9248342191316367f,-0.02960611957722275f,0f,0f,0f,1f],start_interpolation:0}
execute if entity @s[tag=aj.thaddeus.bone.torso] run data modify entity @s {} merge value {transformation:[-1f,-2.9282514879056213e-19f,1.2246432982730445e-16f,3.717211816539018e-18f,0f,0.999997141319186f,0.002391098796766859f,1.1211953968151307f,-1.2246467991473532e-16f,0.002391098796766859f,-0.999997141319186f,-0.03035333795121243f,0f,0f,0f,1f],start_interpolation:0}
execute if entity @s[tag=aj.thaddeus.bone.head] run data modify entity @s {} merge value {transformation:[-1f,-2.9282514879056213e-19f,1.2246432982730445e-16f,3.607402385742557e-18f,0f,0.999997141319186f,0.002391098796766859f,1.4961943248098253f,-1.2246467991473532e-16f,0.002391098796766859f,-0.999997141319186f,-0.029456675902424855f,0f,0f,0f,1f],start_interpolation:0}
execute if entity @s[tag=aj.thaddeus.bone.leftleg] run data modify entity @s {} merge value {transformation:[-0.42261826174069916f,0.8848246737055844f,0.1961609075353089f,0.4375f,2.012407545130324e-16f,0.216439613938103f,-0.9762960071199334f,0.8711964688204359f,-0.9063077870366502f,-0.4126005214734115f,-0.09147133341434929f,-0.03124999999999992f,0f,0f,0f,1f],start_interpolation:0}
execute if entity @s[tag=aj.thaddeus.bone.rightleg] run data modify entity @s {} merge value {transformation:[-0.4226182617406994f,-0.8848246737055844f,-0.1961609075353089f,-0.5f,-2.012407545130324e-16f,0.216439613938103f,-0.9762960071199334f,0.8711964688204359f,0.9063077870366502f,-0.4126005214734117f,-0.09147133341434935f,-0.031250000000000035f,0f,0f,0f,1f],start_interpolation:0}