execute if entity @s[tag=aj.thaddeus.bone.rightarm] run data modify entity @s {} merge value {transformation:[-0.9975538102051629f,0.06990275917863442f,0.0000020918399978548635f,-0.3125f,0.0651593968723698f,0.9298740530288993f,-0.3620614568037267f,1.4021772845984006f,-0.025311039970553548f,-0.36117564945995695f,-0.9321542262376904f,-0.016121807230555726f,0f,0f,0f,1f],start_interpolation:0}
execute if entity @s[tag=aj.thaddeus.bone.leftarm] run data modify entity @s {} merge value {transformation:[-0.9975538102051629f,-0.06990275917863434f,-0.0000020918399976265517f,0.3125f,-0.0651593968723698f,0.9298740530288993f,-0.3620614568037267f,1.4021772845984006f,0.025311039970553305f,-0.36117564945995695f,-0.9321542262376904f,-0.01612180723055565f,0f,0f,0f,1f],start_interpolation:0}
execute if entity @s[tag=aj.thaddeus.bone.torso] run data modify entity @s {} merge value {transformation:[-1f,-2.6947916875613253e-18f,1.2243502735891894e-16f,2.8164743644999817e-18f,0f,0.9997578685067643f,0.022004644028282637f,1.0897529506900367f,-1.2246467991473532e-16f,0.022004644028282637f,-0.9997578685067643f,-0.022998258489394012f,0f,0f,0f,1f],start_interpolation:0}
execute if entity @s[tag=aj.thaddeus.bone.head] run data modify entity @s {} merge value {transformation:[-1f,-2.6947916875613253e-18f,1.2243502735891894e-16f,1.8059274816644846e-18f,0f,0.9997578685067643f,0.022004644028282637f,1.4646621513800733f,-1.2246467991473532e-16f,0.022004644028282637f,-0.9997578685067643f,-0.014746516978788024f,0f,0f,0f,1f],start_interpolation:0}
execute if entity @s[tag=aj.thaddeus.bone.leftleg] run data modify entity @s {} merge value {transformation:[-0.42261826174069916f,0.8848246737055844f,0.1961609075353089f,0.4375f,2.012407545130324e-16f,0.216439613938103f,-0.9762960071199334f,0.83984375f,-0.9063077870366502f,-0.4126005214734115f,-0.09147133341434929f,-0.03124999999999992f,0f,0f,0f,1f],start_interpolation:0}
execute if entity @s[tag=aj.thaddeus.bone.rightleg] run data modify entity @s {} merge value {transformation:[-0.4226182617406994f,-0.8848246737055844f,-0.1961609075353089f,-0.5f,-2.012407545130324e-16f,0.216439613938103f,-0.9762960071199334f,0.83984375f,0.9063077870366502f,-0.4126005214734117f,-0.09147133341434935f,-0.031250000000000035f,0f,0f,0f,1f],start_interpolation:0}