execute if entity @s[tag=aj.thaddeus.bone.rightarm] run data modify entity @s {} merge value {transformation:[-0.9979849052782285f,0.06345178353995266f,0.0000015505807807701956f,-0.3125f,0.05933532114963316f,0.9332488532017719f,-0.35429634158659806f,1.3785912937077827f,-0.022482181853085405f,-0.35358230889451536f,-0.9351332003174457f,-0.010442172041927312f,0f,0f,0f,1f],start_interpolation:0}
execute if entity @s[tag=aj.thaddeus.bone.leftarm] run data modify entity @s {} merge value {transformation:[-0.9979849052782285f,-0.06345178353995258f,-0.000001550580780541154f,0.3125f,-0.05933532114963316f,0.9332488532017719f,-0.35429634158659806f,1.3785912937077827f,0.02248218185308516f,-0.35358230889451536f,-0.9351332003174457f,-0.010442172041927236f,0f,0f,0f,1f],start_interpolation:0}
execute if entity @s[tag=aj.thaddeus.bone.torso] run data modify entity @s {} merge value {transformation:[-1f,-3.70650762270001e-18f,1.2240857661071566e-16f,2.437080888822975e-18f,0f,0.9995418817567748f,0.03026593157537851f,1.0662344556587906f,-1.2246467991473532e-16f,0.03026593157537851f,-0.9995418817567748f,-0.01990027565923306f,0f,0f,0f,1f],start_interpolation:0}
execute if entity @s[tag=aj.thaddeus.bone.head] run data modify entity @s {} merge value {transformation:[-1f,-3.70650762270001e-18f,1.2240857661071566e-16f,1.047140530310471e-18f,0f,0.9995418817567748f,0.03026593157537851f,1.4410626613175812f,-1.2246467991473532e-16f,0.03026593157537851f,-0.9995418817567748f,-0.008550551318466118f,0f,0f,0f,1f],start_interpolation:0}
execute if entity @s[tag=aj.thaddeus.bone.leftleg] run data modify entity @s {} merge value {transformation:[-0.42261826174069916f,0.8848246737055844f,0.1961609075353089f,0.4375f,2.012407545130324e-16f,0.216439613938103f,-0.9762960071199334f,0.81640625f,-0.9063077870366502f,-0.4126005214734115f,-0.09147133341434929f,-0.03124999999999992f,0f,0f,0f,1f],start_interpolation:0}
execute if entity @s[tag=aj.thaddeus.bone.rightleg] run data modify entity @s {} merge value {transformation:[-0.4226182617406994f,-0.8848246737055844f,-0.1961609075353089f,-0.5f,-2.012407545130324e-16f,0.216439613938103f,-0.9762960071199334f,0.81640625f,0.9063077870366502f,-0.4126005214734117f,-0.09147133341434935f,-0.031250000000000035f,0f,0f,0f,1f],start_interpolation:0}