execute if entity @s[tag=aj.thaddeus.bone.rightarm] run data modify entity @s {} merge value {transformation:[-0.9999588031704912f,0.009077001140459333f,-0.000003483525301446436f,-0.3125f,0.008429818005084024f,0.9285200646423426f,-0.37118651339317427f,1.406198103592345f,-0.0033660258822548845f,-0.37117125105115034f,-0.92855833002719f,-0.02280281897384422f,0f,0f,0f,1f],start_interpolation:0}
execute if entity @s[tag=aj.thaddeus.bone.leftarm] run data modify entity @s {} merge value {transformation:[-0.9999588031704912f,-0.009077001140459243f,0.0000034835253016738668f,0.3125f,-0.008429818005084024f,0.9285200646423426f,-0.37118651339317427f,1.406198103592345f,0.0033660258822546395f,-0.37117125105115034f,-0.92855833002719f,-0.022802818973844143f,0f,0f,0f,1f],start_interpolation:0}
execute if entity @s[tag=aj.thaddeus.bone.torso] run data modify entity @s {} merge value {transformation:[-1f,-1.5047001026181783e-18f,1.2245543558462302e-16f,3.262758708853662e-18f,0f,0.999924514316138f,0.012286808765317552f,1.0937216928685518f,-1.2246467991473532e-16f,0.012286808765317552f,-0.999924514316138f,-0.02664244671300592f,0f,0f,0f,1f],start_interpolation:0}
execute if entity @s[tag=aj.thaddeus.bone.head] run data modify entity @s {} merge value {transformation:[-1f,-1.5047001026181783e-18f,1.2245543558462302e-16f,2.698496170371845e-18f,0f,0.999924514316138f,0.012286808765317552f,1.4686933857371036f,-1.2246467991473532e-16f,0.012286808765317552f,-0.999924514316138f,-0.022034893426011837f,0f,0f,0f,1f],start_interpolation:0}
execute if entity @s[tag=aj.thaddeus.bone.leftleg] run data modify entity @s {} merge value {transformation:[-0.42261826174069916f,0.8848246737055844f,0.1961609075353089f,0.4375f,2.012407545130324e-16f,0.216439613938103f,-0.9762960071199334f,0.84375f,-0.9063077870366502f,-0.4126005214734115f,-0.09147133341434929f,-0.03124999999999992f,0f,0f,0f,1f],start_interpolation:0}
execute if entity @s[tag=aj.thaddeus.bone.rightleg] run data modify entity @s {} merge value {transformation:[-0.4226182617406994f,-0.8848246737055844f,-0.1961609075353089f,-0.5f,-2.012407545130324e-16f,0.216439613938103f,-0.9762960071199334f,0.84375f,0.9063077870366502f,-0.4126005214734117f,-0.09147133341434935f,-0.031250000000000035f,0f,0f,0f,1f],start_interpolation:0}