execute if entity @s[tag=aj.thaddeus.bone.rightarm] run data modify entity @s {} merge value {transformation:[-0.9996976592900169f,0.024588411610231474f,-0.000004954518838213854f,-0.3125f,0.022905167104566918f,0.9311882263006485f,-0.3638184169595655f,1.3924710180989597f,-0.008941103397975486f,-0.36370853332515896f,-0.9314698918679489f,-0.017457915447669337f,0f,0f,0f,1f],start_interpolation:0}
execute if entity @s[tag=aj.thaddeus.bone.leftarm] run data modify entity @s {} merge value {transformation:[-0.9996976592900169f,-0.02458841161023139f,0.0000049545188384419976f,0.3125f,-0.022905167104566918f,0.9311882263006485f,-0.3638184169595655f,1.3924710180989597f,0.00894110339797524f,-0.36370853332515896f,-0.9314698918679489f,-0.01745791544766926f,0f,0f,0f,1f],start_interpolation:0}
execute if entity @s[tag=aj.thaddeus.bone.torso] run data modify entity @s {} merge value {transformation:[-1f,-2.4567901382663928e-18f,1.2244003433859e-16f,2.9057249454855815e-18f,0f,0.9997987535984866f,0.020061213894299202f,1.0800339075994327f,-1.2246467991473532e-16f,0.020061213894299202f,-0.9997987535984866f,-0.0237270447896378f,0f,0f,0f,1f],start_interpolation:0}
execute if entity @s[tag=aj.thaddeus.bone.head] run data modify entity @s {} merge value {transformation:[-1f,-2.4567901382663928e-18f,1.2244003433859e-16f,1.9844286436356842e-18f,0f,0.9997987535984866f,0.020061213894299202f,1.454958440198865f,-1.2246467991473532e-16f,0.020061213894299202f,-0.9997987535984866f,-0.016204089579275598f,0f,0f,0f,1f],start_interpolation:0}
execute if entity @s[tag=aj.thaddeus.bone.leftleg] run data modify entity @s {} merge value {transformation:[-0.42261826174069916f,0.8848246737055844f,0.1961609075353089f,0.4375f,2.012407545130324e-16f,0.216439613938103f,-0.9762960071199334f,0.8301093750000001f,-0.9063077870366502f,-0.4126005214734115f,-0.09147133341434929f,-0.03124999999999992f,0f,0f,0f,1f],start_interpolation:0}
execute if entity @s[tag=aj.thaddeus.bone.rightleg] run data modify entity @s {} merge value {transformation:[-0.4226182617406994f,-0.8848246737055844f,-0.1961609075353089f,-0.5f,-2.012407545130324e-16f,0.216439613938103f,-0.9762960071199334f,0.8301093750000001f,0.9063077870366502f,-0.4126005214734117f,-0.09147133341434935f,-0.031250000000000035f,0f,0f,0f,1f],start_interpolation:0}