execute if entity @s[tag=aj.elowen.bone.head] run data modify entity @s {} merge value {transformation:[-0.9991483779667267f,-5.870735483150055e-19f,0.04126158996523381f,-0.24999999999999997f,0.00019780060705563407f,0.9999885095821596f,0.00478973679557652f,1.3761905551671674f,-0.04126111585232435f,0.00479381931773103f,-0.9991368973343793f,-0.24670137661459984f,0f,0f,0f,1f],start_interpolation:0}
execute if entity @s[tag=aj.elowen.bone.rightarm] run data modify entity @s {} merge value {transformation:[-0.9918078201697864f,0.12773898328253822f,1.224632727443924e-16f,-0.59375f,0.12773751550824577f,0.9917964238835153f,0.00479381931773103f,1.28244163239384f,0.0006123576056870314f,0.004754547487806641f,-0.9999885095821596f,-0.24715079717563715f,0f,0f,0f,1f],start_interpolation:0}
execute if entity @s[tag=aj.elowen.bone.leftarm] run data modify entity @s {} merge value {transformation:[-0.9941341969476399f,-0.10815358736200596f,1.224632727443924e-16f,0.09375000000000003f,-0.10815234463209623f,0.9941227739303276f,0.00479381931773103f,1.28244163239384f,-0.0005184687563780165f,0.004765699717744608f,-0.9999885095821596f,-0.24715079717563707f,0f,0f,0f,1f],start_interpolation:0}
execute if entity @s[tag=aj.elowen.bone.torso] run data modify entity @s {} merge value {transformation:[-1f,-5.870735483150055e-19f,1.224632727443924e-16f,-0.24999999999999997f,0f,0.9999885095821596f,0.00479381931773103f,0.7199480957538752f,-1.2246467991473532e-16f,0.00479381931773103f,-0.9999885095821596f,-0.24984732054186082f,0f,0f,0f,1f],start_interpolation:0}