execute if entity @s[tag=aj.elowen.bone.head] run data modify entity @s {} merge value {transformation:[-0.9996073813864592f,-2.906877429743378e-19f,0.028019333998257893f,-0.24999999999999997f,0.00006650796756475793f,0.9999971828994245f,0.0023727136163506617f,1.3755914746317988f,-0.028019255064975962f,0.002373645553777023f,-0.9996045653919299f,-0.24836741440663446f,0f,0f,0f,1f],start_interpolation:0}
execute if entity @s[tag=aj.elowen.bone.rightarm] run data modify entity @s {} merge value {transformation:[-0.9917240760140312f,0.1283875268634614f,1.2246433491941505e-16f,-0.59375f,0.12838716518288557f,0.991721282227566f,0.002373645553777023f,1.2818417387349776f,0.0003047464822997618f,0.0023540014436043474f,-0.9999971828994245f,-0.24858994367730108f,0f,0f,0f,1f],start_interpolation:0}
execute if entity @s[tag=aj.elowen.bone.leftarm] run data modify entity @s {} merge value {transformation:[-0.9936898569964848f,-0.11216268587326886f,1.2246433491941505e-16f,0.09375000000000003f,-0.11216236989970194f,0.9936870576722169f,0.002373645553777023f,1.2818417387349776f,-0.00026623446062289525f,0.002358667510893018f,-0.9999971828994245f,-0.248589943677301f,0f,0f,0f,1f],start_interpolation:0}
execute if entity @s[tag=aj.elowen.bone.torso] run data modify entity @s {} merge value {transformation:[-1f,-2.906877429743378e-19f,1.2246433491941505e-16f,-0.24999999999999997f,0f,0.9999971828994245f,0.002373645553777023f,0.7193433233540513f,-1.2246467991473532e-16f,0.002373645553777023f,-0.9999971828994245f,-0.24992511930130062f,0f,0f,0f,1f],start_interpolation:0}