execute if entity @s[tag=aj.elowen.bone.head] run data modify entity @s {} merge value {transformation:[-0.9987567624795752f,-7.347309266364273e-19f,0.0498490662030633f,-0.24999999999999997f,0.00029907113323480224f,0.9999820026380692f,0.005992074466629307f,1.3764875101415595f,-0.049848169051376935f,0.005999533311547261f,-0.9987387874926401f,-0.2458708215078286f,0f,0f,0f,1f],start_interpolation:0}
execute if entity @s[tag=aj.elowen.bone.rightarm] run data modify entity @s {} merge value {transformation:[-0.991851725691112f,0.12739762259776674f,1.2246247587356716e-16f,-0.59375f,0.12739532977664372f,0.9918338749766231f,0.005999533311547261f,1.2827391973942404f,0.0007643262805871062f,0.005950647468399478f,-0.9999820026380692f,-0.2464332777557862f,0f,0f,0f,1f],start_interpolation:0}
execute if entity @s[tag=aj.elowen.bone.leftarm] run data modify entity @s {} merge value {transformation:[-0.9943495298293181f,-0.10615560526045748f,1.2246247587356716e-16f,0.09375000000000003f,-0.10615369473960863f,0.9943316341609441f,0.005999533311547261f,1.2827391973942404f,-0.000636884089967698f,0.005965633127532338f,-0.9999820026380692f,-0.2464332777557861f,0f,0f,0f,1f],start_interpolation:0}
execute if entity @s[tag=aj.elowen.bone.torso] run data modify entity @s {} merge value {transformation:[-1f,-7.347309266364273e-19f,1.2246247587356716e-16f,-0.24999999999999997f,0f,0.9999820026380692f,0.005999533311547261f,0.7202493209103265f,-1.2246467991473532e-16f,0.005999533311547261f,-0.9999820026380692f,-0.2498080152435315f,0f,0f,0f,1f],start_interpolation:0}