execute if entity @s[tag=aj.elowen.bone.head] run data modify entity @s {} merge value {transformation:[-0.9997152943711473f,-1.008846997459492e-18f,-0.023860641240551442f,-0.24999999999999997f,-0.00019656064336058573f,0.9999660682482708f,0.008235515527765741f,1.377036137143969f,0.02385983160719677f,0.008237860893131723f,-0.9996813722799788f,-0.24432798769803968f,0f,0f,0f,1f],start_interpolation:0}
execute if entity @s[tag=aj.elowen.bone.rightarm] run data modify entity @s {} merge value {transformation:[-0.9717289427633522f,0.23609926259100794f,1.2246052447362085e-16f,-0.59375f,0.23609125132944628f,0.9716959702981183f,0.008237860893131723f,1.2832893182456937f,0.0019449528821955829f,0.008004967856314483f,-0.9999660682482708f,-0.2451002871567708f,0f,0f,0f,1f],start_interpolation:0}
execute if entity @s[tag=aj.elowen.bone.leftarm] run data modify entity @s {} merge value {transformation:[-0.9875239812756824f,-0.15746868388802132f,1.2246052447362085e-16f,0.09375000000000003f,-0.15746334069973453f,0.9874904728571232f,0.008237860893131723f,1.2832893182456937f,-0.0012972051128941732f,0.008135085186380668f,-0.9999660682482708f,-0.2451002871567707f,0f,0f,0f,1f],start_interpolation:0}
execute if entity @s[tag=aj.elowen.bone.torso] run data modify entity @s {} merge value {transformation:[-1f,-1.008846997459492e-18f,1.2246052447362085e-16f,-0.24999999999999997f,0f,0.9999660682482708f,0.008237860893131723f,0.7208084048560414f,-1.2246467991473532e-16f,0.008237860893131723f,-0.9999660682482708f,-0.24973408390915736f,0f,0f,0f,1f],start_interpolation:0}