execute if entity @s[tag=aj.elowen.bone.head] run data modify entity @s {} merge value {transformation:[-0.9999777236738434f,5.300764915302192e-19f,0.00667474015062943f,-0.24999999999999997f,-0.00002889096548804806f,0.999990632419732f,-0.004328306608423405f,1.3739114590312305f,-0.006674677624465301f,-0.004328403029341024f,-0.9999683563022507f,-0.252973435187605f,0f,0f,0f,1f],start_interpolation:0}
execute if entity @s[tag=aj.elowen.bone.rightarm] run data modify entity @s {} merge value {transformation:[-0.9915240430254277f,0.1299233316325816f,1.2246353271701623e-16f,-0.59375f,0.12992211456534383f,0.991514754844367f,-0.004328403029341024f,1.2801623372418804f,-0.0005623605422206662f,-0.004291715671495706f,-0.999990632419732f,-0.2525676474036043f,0f,0f,0f,1f],start_interpolation:0}
execute if entity @s[tag=aj.elowen.bone.leftarm] run data modify entity @s {} merge value {transformation:[-0.9923750224828832f,-0.12325508002551865f,1.2246353271701623e-16f,0.09375000000000003f,-0.12325392542366306f,0.9923657263302041f,-0.004328403029341024f,1.2801623372418804f,0.0005334976617640037f,-0.004295399053557293f,-0.999990632419732f,-0.25256764740360427f,0f,0f,0f,1f],start_interpolation:0}
execute if entity @s[tag=aj.elowen.bone.torso] run data modify entity @s {} merge value {transformation:[-1f,5.300764915302192e-19f,1.2246353271701623e-16f,-0.24999999999999997f,0f,0.999990632419732f,-0.004328403029341024f,0.7176676065057813f,-1.2246467991473532e-16f,-0.004328403029341024f,-0.999990632419732f,-0.25013292069959997f,0f,0f,0f,1f],start_interpolation:0}