execute if entity @s[tag=aj.elowen.bone.head] run data modify entity @s {} merge value {transformation:[-0.944742456515632f,5.063276832724714e-19f,0.3278135001137218f,-0.24999999999999997f,-0.0013553381282961194f,0.999991453003961f,-0.0039060181239990903f,1.3739605041168892f,-0.3278106982930348f,-0.004134479293335813f,-0.9447343818055983f,-0.2528403177651587f,0f,0f,0f,1f],start_interpolation:0}
execute if entity @s[tag=aj.elowen.bone.rightarm] run data modify entity @s {} merge value {transformation:[-0.9922141468447415f,0.12454351368562587f,1.2246363320960117e-16f,-0.59375f,0.12454244921270771f,0.9922056663943586f,-0.004134479293335813f,1.280211305397768f,-0.0005149225784526272f,-0.004102288844684428f,-0.999991453003961f,-0.2524527103314085f,0f,0f,0f,1f],start_interpolation:0}
execute if entity @s[tag=aj.elowen.bone.leftarm] run data modify entity @s {} merge value {transformation:[-0.9924148078144324f,-0.12293432893477467f,1.2246363320960117e-16f,0.09375000000000003f,-0.12293327821555221f,0.9924063256490009f,-0.004134479293335813f,1.280211305397768f,0.000508269437420838f,-0.004103118473308626f,-0.999991453003961f,-0.25245271033140837f,0f,0f,0f,1f],start_interpolation:0}
execute if entity @s[tag=aj.elowen.bone.torso] run data modify entity @s {} merge value {transformation:[-1f,5.063276832724714e-19f,1.2246363320960117e-16f,-0.24999999999999997f,0f,0.999991453003961f,-0.004134479293335813f,0.7177161130830398f,-1.2246467991473532e-16f,-0.004134479293335813f,-0.999991453003961f,-0.250127065728907f,0f,0f,0f,1f],start_interpolation:0}