execute if entity @s[tag=aj.elowen.bone.head] run data modify entity @s {} merge value {transformation:[-0.938505250564975f,-1.936948751657248e-18f,0.3452649629805687f,-0.24999999999999997f,0.005460844216486053f,0.9998749131303156f,0.014843762093456248f,1.3788680994868654f,-0.34522177486713773f,0.015816386839093744f,-0.9383878558809995f,-0.239094962330702f,0f,0f,0f,1f],start_interpolation:0}
execute if entity @s[tag=aj.elowen.bone.rightarm] run data modify entity @s {} merge value {transformation:[-0.9923060338022482f,0.12380926976463186f,1.224493611912779e-16f,-0.59375f,0.12379378285063909f,0.992181909346711f,0.015816386839093744f,1.2851298263808983f,0.001958215304863009f,0.015694696093383205f,-0.9998749131303156f,-0.24057774859686706f,0f,0f,0f,1f],start_interpolation:0}
execute if entity @s[tag=aj.elowen.bone.leftarm] run data modify entity @s {} merge value {transformation:[-0.9959533136465477f,-0.08987211489923498f,1.224493611912779e-16f,0.09375000000000003f,-0.08986087307771032f,0.9958287329641918f,0.015816386839093744f,1.2851298263808983f,-0.0014214521352939027f,0.01575238288231105f,-0.9998749131303156f,-0.24057774859686698f,0f,0f,0f,1f],start_interpolation:0}
execute if entity @s[tag=aj.elowen.bone.torso] run data modify entity @s {} merge value {transformation:[-1f,-1.936948751657248e-18f,1.224493611912779e-16f,-0.24999999999999997f,0f,0.9998749131303156f,0.015816386839093744f,0.7227001877450958f,-1.2246467991473532e-16f,0.015816386839093744f,-0.9998749131303156f,-0.24947446619385724f,0f,0f,0f,1f],start_interpolation:0}