execute if entity @s[tag=aj.elowen.bone.head] run data modify entity @s {} merge value {transformation:[-0.999987380895707f,-1.8039103882776116e-18f,-0.005023748535122537f,-0.24999999999999997f,-0.00007400004782531413f,0.9998915069846752f,0.014729860281349885f,1.3786079225922987f,0.005023203493495728f,0.014730046161338635f,-0.9998788892494669f,-0.23984597001024852f,0f,0f,0f,1f],start_interpolation:0}
execute if entity @s[tag=aj.elowen.bone.rightarm] run data modify entity @s {} merge value {transformation:[-0.9823462732565924f,0.1870716424765772f,1.2245139335234059e-16f,-0.59375f,0.18705134651000316f,0.9822396955473137f,0.014730046161338635f,1.2848680938124857f,0.0027555739291572996f,0.014470005951488606f,-0.9998915069846752f,-0.24122691183787404f,0f,0f,0f,1f],start_interpolation:0}
execute if entity @s[tag=aj.elowen.bone.leftarm] run data modify entity @s {} merge value {transformation:[-0.9965220076166375f,-0.08332999661410335f,1.2245139335234059e-16f,0.09375000000000003f,-0.08332095589150369f,0.9964138919391936f,0.014730046161338635f,1.2848680938124857f,-0.0012274546967500567f,0.01467881517298291f,-0.9998915069846752f,-0.24122691183787398f,0f,0f,0f,1f],start_interpolation:0}
execute if entity @s[tag=aj.elowen.bone.torso] run data modify entity @s {} merge value {transformation:[-1f,-1.8039103882776116e-18f,1.2245139335234059e-16f,-0.24999999999999997f,0f,0.9998915069846752f,0.014730046161338635f,0.7224291211336058f,-1.2246467991473532e-16f,0.014730046161338635f,-0.9998915069846752f,-0.249512562803627f,0f,0f,0f,1f],start_interpolation:0}