execute if entity @s[tag=aj.elowen.bone.head] run data modify entity @s {} merge value {transformation:[-0.9287526838847959f,-8.530579323154388e-19f,0.3706999489840649f,-0.24999999999999997f,0.002582201923117388f,0.9999757388925912f,0.006469455884739947f,1.3767247571480046f,-0.3706909553927861f,0.006965746637392683f,-0.928730151316176f,-0.24520498390994036f,0f,0f,0f,1f],start_interpolation:0}
execute if entity @s[tag=aj.elowen.bone.rightarm] run data modify entity @s {} merge value {transformation:[-0.99263135452441f,0.12117340473484715f,1.2246170878598213e-16f,-0.59375f,0.12117046493385979f,0.9926072721885005f,0.006965746637392683f,1.282977031626824f,0.0008440632365730626f,0.006914418519948968f,-0.9999757388925912f,-0.24585802265719595f,0f,0f,0f,1f],start_interpolation:0}
execute if entity @s[tag=aj.elowen.bone.leftarm] run data modify entity @s {} merge value {transformation:[-0.9945191922716032f,-0.10455417831649694f,1.2246170878598213e-16f,0.09375000000000003f,-0.10455164171634676f,0.9944950641346594f,0.006965746637392683f,1.282977031626824f,-0.0007282979160336153f,0.006927568719388395f,-0.9999757388925912f,-0.24585802265719586f,0f,0f,0f,1f],start_interpolation:0}
execute if entity @s[tag=aj.elowen.bone.torso] run data modify entity @s {} merge value {transformation:[-1f,-8.530579323154388e-19f,1.2246170878598213e-16f,-0.24999999999999997f,0f,0.9999757388925912f,0.006965746637392683f,0.7204906784997417f,-1.2246467991473532e-16f,0.006965746637392683f,-0.9999757388925912f,-0.2497762551407293f,0f,0f,0f,1f],start_interpolation:0}