execute if entity @s[tag=aj.elowen.bone.head] run data modify entity @s {} merge value {transformation:[-0.9971974208301747f,-8.5305793231544e-19f,0.07481513142170833f,-0.24999999999999997f,0.0005211432501268562f,0.9999757388925912f,0.006946224580964455f,1.3767247571480046f,-0.0748133163237691f,0.0069657466373926925f,-0.9971732277164401f,-0.24520498390994033f,0f,0f,0f,1f],start_interpolation:0}
execute if entity @s[tag=aj.elowen.bone.rightarm] run data modify entity @s {} merge value {transformation:[-0.9859272534318315f,0.1671749112168599f,1.2246170878598213e-16f,-0.59375f,0.1671708553683828f,0.9859033337448387f,0.0069657466373926925f,1.282977031626824f,0.001164498075665143f,0.0068677194503066145f,-0.9999757388925912f,-0.24585802265719595f,0f,0f,0f,1f],start_interpolation:0}
execute if entity @s[tag=aj.elowen.bone.leftarm] run data modify entity @s {} merge value {transformation:[-0.9954301343402422f,-0.09549265755736032f,1.2246170878598213e-16f,0.09375000000000003f,-0.09549034079973856f,0.995405984102835f,0.0069657466373926925f,1.282977031626824f,-0.0006651776582759964f,0.006933914111039887f,-0.9999757388925912f,-0.24585802265719586f,0f,0f,0f,1f],start_interpolation:0}
execute if entity @s[tag=aj.elowen.bone.torso] run data modify entity @s {} merge value {transformation:[-1f,-8.5305793231544e-19f,1.2246170878598213e-16f,-0.24999999999999997f,0f,0.9999757388925912f,0.0069657466373926925f,0.7204906784997417f,-1.2246467991473532e-16f,0.0069657466373926925f,-0.9999757388925912f,-0.2497762551407293f,0f,0f,0f,1f],start_interpolation:0}