execute if entity @s[tag=aj.elowen.bone.head] run data modify entity @s {} merge value {transformation:[-0.9998030549335267f,-2.096461155377265e-18f,-0.019845688337451737f,-0.24999999999999997f,-0.00033973644262295835f,0.9998534608181519f,0.017115532977794175f,1.3791789804278722f,0.019842780166519552f,0.01711890446157131f,-0.9996565446118475f,-0.23819411838720772f,0f,0f,0f,1f],start_interpolation:0}
execute if entity @s[tag=aj.elowen.bone.rightarm] run data modify entity @s {} merge value {transformation:[-0.9800490928360096f,0.19875556754796728f,1.2244673404073532e-16f,-0.59375f,0.19872644206971105f,0.9799054772437744f,0.01711890446157131f,1.2854427184761705f,0.0034024775720589147f,0.016777366787909302f,-0.9998534608181519f,-0.23979901568048007f,0f,0f,0f,1f],start_interpolation:0}
execute if entity @s[tag=aj.elowen.bone.leftarm] run data modify entity @s {} merge value {transformation:[-0.9964722746502283f,-0.08392261824681146f,1.2244673404073532e-16f,0.09375000000000003f,-0.08391032029499502f,0.9963262524183667f,0.01711890446157131f,1.2854427184761705f,-0.0014366632839322086f,0.017058513668341893f,-0.9998534608181519f,-0.23979901568047998f,0f,0f,0f,1f],start_interpolation:0}
execute if entity @s[tag=aj.elowen.bone.torso] run data modify entity @s {} merge value {transformation:[-1f,-2.096461155377265e-18f,1.2244673404073532e-16f,-0.24999999999999997f,0f,0.9998534608181519f,0.01711890446157131f,0.7230251467659601f,-1.2246467991473532e-16f,0.01711890446157131f,-0.9998534608181519f,-0.24942839944011388f,0f,0f,0f,1f],start_interpolation:0}