execute if entity @s[tag=aj.elowen.bone.head] run data modify entity @s {} merge value {transformation:[-0.9365975214900439f,-5.98475303114343e-20f,0.3504070243855092f,-0.24999999999999997f,0.00017124116951803634f,0.9999998805899738f,0.00045770787623024f,1.3751220909483837f,-0.35040698254339725f,0.0004886921711068242f,-0.9365974096509093f,-0.24966399427985753f,0f,0f,0f,1f],start_interpolation:0}
execute if entity @s[tag=aj.elowen.bone.rightarm] run data modify entity @s {} merge value {transformation:[-0.9924667193754156f,0.12251453355500286f,1.224646652912247e-16f,-0.59375f,0.12251451892553919f,0.9924666008649387f,0.0004886921711068242f,1.2813721021430737f,0.000059871893395012676f,0.00048501071584285414f,-0.9999998805899738f,-0.24970980917089883f,0f,0f,0f,1f],start_interpolation:0}
execute if entity @s[tag=aj.elowen.bone.leftarm] run data modify entity @s {} merge value {transformation:[-0.9933325844473029f,-0.11528389599264062f,1.224646652912247e-16f,0.09375000000000003f,-0.11528388222658757f,0.9933324658334329f,0.0004886921711068242f,1.2813721021430737f,-0.00005633833742641851f,0.0004854338573246912f,-0.9999998805899738f,-0.24970980917089874f,0f,0f,0f,1f],start_interpolation:0}
execute if entity @s[tag=aj.elowen.bone.torso] run data modify entity @s {} merge value {transformation:[-1f,-5.98475303114343e-20f,1.224646652912247e-16f,-0.24999999999999997f,0f,0.9999998805899738f,0.0004886921711068242f,0.7188721693112133f,-1.2246467991473532e-16f,0.0004886921711068242f,-0.9999998805899738f,-0.2499846985171464f,0f,0f,0f,1f],start_interpolation:0}