execute if entity @s[tag=aj.elowen.bone.head] run data modify entity @s {} merge value {transformation:[-0.9996526141541943f,-1.3061713844055537e-18f,-0.026356232938065022f,-0.24999999999999997f,-0.00028110764090018736f,0.9999431198173294f,0.010661993644726841f,1.3776273195637918f,0.026354733790720997f,0.010665698757510828f,-0.999595753730894f,-0.2426531120585437f,0f,0f,0f,1f],start_interpolation:0}
execute if entity @s[tag=aj.elowen.bone.rightarm] run data modify entity @s {} merge value {transformation:[-0.9728529912930906f,0.2314239774355411f,1.2245771410137109e-16f,-0.59375f,0.23141081399743021f,0.9727976552372342f,0.010665698757510828f,1.283882652080917f,0.0024682984285923455f,0.010376156940475436f,-0.9999431198173294f,-0.24365302131706038f,0f,0f,0f,1f],start_interpolation:0}
execute if entity @s[tag=aj.elowen.bone.leftarm] run data modify entity @s {} merge value {transformation:[-0.989904902699727f,-0.14173314224642042f,1.2245771410137109e-16f,0.09375000000000003f,-0.14172508043939896f,0.9898485967280349f,0.010665698757510828f,1.283882652080917f,-0.001511682999155873f,0.010558027490778337f,-0.9999431198173294f,-0.2436530213170603f,0f,0f,0f,1f],start_interpolation:0}
execute if entity @s[tag=aj.elowen.bone.torso] run data modify entity @s {} merge value {transformation:[-1f,-1.3061713844055537e-18f,1.2245771410137109e-16f,-0.24999999999999997f,0f,0.9999431198173294f,0.010665698757510828f,0.7214146471836692f,-1.2246467991473532e-16f,0.010665698757510828f,-0.9999431198173294f,-0.24965247686816017f,0f,0f,0f,1f],start_interpolation:0}