execute if entity @s[tag=aj.elowen.bone.head] run data modify entity @s {} merge value {transformation:[-0.9255170198885285f,-2.1268553826354416e-18f,0.3787060151313381f,-0.24999999999999997f,0.006577022266985819f,0.9998491806816897f,0.016073539381649755f,1.379238084759093f,-0.378648898948296f,0.017367092161725658f,-0.9253774340425044f,-0.23802241930923607f,0f,0f,0f,1f],start_interpolation:0}
execute if entity @s[tag=aj.elowen.bone.rightarm] run data modify entity @s {} merge value {transformation:[-0.9925276589353139f,0.12201986005722633f,1.224462098751935e-16f,-0.59375f,0.12200145710511218f,0.9923779665903892f,0.017367092161725658f,1.2855022240701848f,0.0021191301551745957f,0.017237319325791423f,-0.9998491806816897f,-0.2396505841993979f,0f,0f,0f,1f],start_interpolation:0}
execute if entity @s[tag=aj.elowen.bone.leftarm] run data modify entity @s {} merge value {transformation:[-0.9961822934245071f,-0.08729741271933113f,1.224462098751935e-16f,0.09375000000000003f,-0.08728424658305454f,0.9960320498901001f,0.017367092161725658f,1.2855022240701848f,-0.0015161022121769475f,0.01730078969978264f,-0.9998491806816897f,-0.2396505841993978f,0f,0f,0f,1f],start_interpolation:0}
execute if entity @s[tag=aj.elowen.bone.torso] run data modify entity @s {} merge value {transformation:[-1f,-2.1268553826354416e-18f,1.224462098751935e-16f,-0.24999999999999997f,0f,0.9998491806816897f,0.017367092161725658f,0.7230870599367342f,-1.2246467991473532e-16f,0.017367092161725658f,-0.9998491806816897f,-0.24941957354036853f,0f,0f,0f,1f],start_interpolation:0}