execute if entity @s[tag=aj.elowen.bone.head] run data modify entity @s {} merge value {transformation:[-0.9934820595920633f,-3.74283986860539e-19f,0.11398858394028784f,-0.24999999999999997f,0.0003483788279482909f,0.9999953296243981f,0.0030363401627100123f,1.3757608542887096f,-0.11398805157078651f,0.0030562606877438466f,-0.9934774196576912f,-0.24789765318327564f,0f,0f,0f,1f],start_interpolation:0}
execute if entity @s[tag=aj.elowen.bone.rightarm] run data modify entity @s {} merge value {transformation:[-0.9872424515251262f,0.15922418756790319f,1.2246410795868216e-16f,-0.59375f,0.15922344393114232f,0.9872378407320674f,0.0030562606877438466f,1.2820112921364224f,0.00048663062500161415f,0.003017270293868123f,-0.9999953296243981f,-0.24818417762275166f,0f,0f,0f,1f],start_interpolation:0}
execute if entity @s[tag=aj.elowen.bone.leftarm] run data modify entity @s {} merge value {transformation:[-0.994632149825293f,-0.10347408629176617f,1.2246410795868216e-16f,0.09375000000000003f,-0.10347360302891813f,0.9946275045195676f,0.0030562606877438466f,1.2820112921364224f,-0.0003162437821338612f,0.003039855138277178f,-0.9999953296243981f,-0.24818417762275158f,0f,0f,0f,1f],start_interpolation:0}
execute if entity @s[tag=aj.elowen.bone.torso] run data modify entity @s {} merge value {transformation:[-1f,-3.74283986860539e-19f,1.2246410795868216e-16f,-0.24999999999999997f,0f,0.9999953296243981f,0.0030562606877438466f,0.7195139192226984f,-1.2246467991473532e-16f,0.0030562606877438466f,-0.9999953296243981f,-0.24990332425960754f,0f,0f,0f,1f],start_interpolation:0}