execute if entity @s[tag=aj.elowen.bone.head] run data modify entity @s {} merge value {transformation:[-0.9995774176276423f,-1.899845459837424e-18f,-0.029068645803580862f,-0.24999999999999997f,-0.00045095397948213286f,0.9998796597293474f,0.01550685977343084f,1.378795619931262f,0.029065147674877355f,0.015513415469343246f,-0.9994571282106668f,-0.2393044417971634f,0f,0f,0f,1f],start_interpolation:0}
execute if entity @s[tag=aj.elowen.bone.rightarm] run data modify entity @s {} merge value {transformation:[-0.975821194083001f,0.2185703483513398f,1.22449942482009e-16f,-0.59375f,0.21854404553646256f,0.9757037634963966f,0.015513415469343246f,1.285056901831636f,0.003390772623253297f,0.015138319607600252f,-0.9998796597293474f,-0.2407588244974144f,0f,0f,0f,1f],start_interpolation:0}
execute if entity @s[tag=aj.elowen.bone.leftarm] run data modify entity @s {} merge value {transformation:[-0.9941984275123756f,-0.10756154857531378f,1.22449942482009e-16f,0.09375000000000003f,-0.10754860458944641f,0.9940787854045264f,0.015513415469343246f,1.285056901831636f,-0.0016686469915749094f,0.015423413264967203f,-0.9998796597293474f,-0.24075882449741431f,0f,0f,0f,1f],start_interpolation:0}
execute if entity @s[tag=aj.elowen.bone.torso] run data modify entity @s {} merge value {transformation:[-1f,-1.899845459837424e-18f,1.22449942482009e-16f,-0.24999999999999997f,0f,0.9998796597293474f,0.015513415469343246f,0.722624593233878f,-1.2246467991473532e-16f,0.015513415469343246f,-0.9998796597293474f,-0.24948512069891993f,0f,0f,0f,1f],start_interpolation:0}