execute if entity @s[tag=aj.elowen.bone.head] run data modify entity @s {} merge value {transformation:[-0.9936592538470658f,-1.2968504201316932e-18f,0.11243347919588999f,-0.24999999999999997f,0.0011906241443130864f,0.999943928748328f,0.0105224414232455f,1.3776088478415334f,-0.11242717490998164f,0.010589587308231329f,-0.9936035381289672f,-0.242705640912673f,0f,0f,0f,1f],start_interpolation:0}
execute if entity @s[tag=aj.elowen.bone.rightarm] run data modify entity @s {} merge value {transformation:[-0.9920350064006955f,0.1259624788402169f,1.224578131668469e-16f,-0.59375f,0.12595541596636464f,0.9919793817561843f,0.010589587308231329f,1.2838641045213777f,0.0013338906672395968f,0.010505241313102006f,-0.999943928748328f,-0.24369841472281975f,0f,0f,0f,1f],start_interpolation:0}
execute if entity @s[tag=aj.elowen.bone.leftarm] run data modify entity @s {} merge value {transformation:[-0.9951325519857515f,-0.09854544118489496f,1.224578131668469e-16f,0.09375000000000003f,-0.09853991561866116f,0.9950767536579821f,0.010589587308231329f,1.2838641045213777f,-0.0010435555532557423f,0.010538043042516154f,-0.999943928748328f,-0.24369841472281967f,0f,0f,0f,1f],start_interpolation:0}
execute if entity @s[tag=aj.elowen.bone.torso] run data modify entity @s {} merge value {transformation:[-1f,-1.2968504201316932e-18f,1.224578131668469e-16f,-0.24999999999999997f,0f,0.999943928748328f,0.010589587308231329f,0.721395644600443f,-1.2246467991473532e-16f,0.010589587308231329f,-0.999943928748328f,-0.24965505758369982f,0f,0f,0f,1f],start_interpolation:0}