execute if entity @s[tag=aj.elowen.bone.head] run data modify entity @s {} merge value {transformation:[-0.9347712334381224f,-2.0062275394636787e-18f,0.3552502514236569f,-0.24999999999999997f,0.0058197419721649915f,0.9998658045418443f,0.01531350747764738f,1.379003263390512f,-0.3552025784534072f,0.016382091071976773f,-0.9346457913841804f,-0.23870376352347705f,0f,0f,0f,1f],start_interpolation:0}
execute if entity @s[tag=aj.elowen.bone.rightarm] run data modify entity @s {} merge value {transformation:[-0.9923477211468185f,0.12347469511894461f,1.2244824571090626e-16f,-0.59375f,0.12345812537566249f,0.9922145525897293f,0.016382091071976773f,1.2852658442147142f,0.0020227737005229954f,0.016256730742895804f,-0.9998658045418443f,-0.24023958456147493f,0f,0f,0f,1f],start_interpolation:0}
execute if entity @s[tag=aj.elowen.bone.leftarm] run data modify entity @s {} merge value {transformation:[-0.9960376168879028f,-0.08893292834640736f,1.2244824571090626e-16f,0.09375000000000003f,-0.08892099395134277f,0.9959039531635642f,0.016382091071976773f,1.2852658442147142f,-0.0014569073314685522f,0.016317178950972323f,-0.9998658045418443f,-0.24023958456147484f,0f,0f,0f,1f],start_interpolation:0}
execute if entity @s[tag=aj.elowen.bone.torso] run data modify entity @s {} merge value {transformation:[-1f,-2.0062275394636787e-18f,1.2244824571090626e-16f,-0.24999999999999997f,0f,0.9998658045418443f,0.016382091071976773f,0.7228413291599268f,-1.2246467991473532e-16f,0.016382091071976773f,-0.9998658045418443f,-0.24945451078946182f,0f,0f,0f,1f],start_interpolation:0}