execute if entity @s[tag=aj.elowen.bone.head] run data modify entity @s {} merge value {transformation:[-0.9999549029281087f,-1.899845459837424e-18f,-0.009496952671073351f,-0.24999999999999997f,-0.00014733017247905192f,0.9998796597293474f,0.015512715859730547f,1.378795619931262f,0.009495809805218539f,0.015513415469343247f,-0.99983456808445f,-0.2393044417971634f,0f,0f,0f,1f],start_interpolation:0}
execute if entity @s[tag=aj.elowen.bone.rightarm] run data modify entity @s {} merge value {transformation:[-0.9817856814294509f,0.1899917780855495f,1.22449942482009e-16f,-0.59375f,0.18996891442355293f,0.9816675330748249f,0.015513415469343247f,1.285056901831636f,0.002947421389200273f,0.015230849177867368f,-0.9998796597293474f,-0.2407588244974144f,0f,0f,0f,1f],start_interpolation:0}
execute if entity @s[tag=aj.elowen.bone.leftarm] run data modify entity @s {} merge value {transformation:[-0.9965638295214345f,-0.08282833868654636f,1.22449942482009e-16f,0.09375000000000003f,-0.08281837110185113f,0.9964439027604673f,0.015513415469343247f,1.285056901831636f,-0.001284950430679992f,0.015460108729085759f,-0.9998796597293474f,-0.24075882449741431f,0f,0f,0f,1f],start_interpolation:0}
execute if entity @s[tag=aj.elowen.bone.torso] run data modify entity @s {} merge value {transformation:[-1f,-1.899845459837424e-18f,1.22449942482009e-16f,-0.24999999999999997f,0f,0.9998796597293474f,0.015513415469343247f,0.722624593233878f,-1.2246467991473532e-16f,0.015513415469343247f,-0.9998796597293474f,-0.24948512069891993f,0f,0f,0f,1f],start_interpolation:0}