execute if entity @s[tag=aj.elowen.bone.head] run data modify entity @s {} merge value {transformation:[-0.9237620659781092f,-1.8039103882776116e-18f,0.3829668986477234f,-0.24999999999999997f,0.005641120095345658f,0.9998915069846752f,0.013607057873951093f,1.3786079225922987f,-0.3829253494141195f,0.014730046161338634f,-0.9236618442461285f,-0.23984597001024852f,0f,0f,0f,1f],start_interpolation:0}
execute if entity @s[tag=aj.elowen.bone.rightarm] run data modify entity @s {} merge value {transformation:[-0.9926400018324624f,0.12110254647219108f,1.2245139335234059e-16f,-0.59375f,0.12108940769176081f,0.9925323073255315f,0.014730046161338634f,1.2848680938124857f,0.00178384609979091f,0.014621633048583452f,-0.9998915069846752f,-0.24122691183787406f,0f,0f,0f,1f],start_interpolation:0}
execute if entity @s[tag=aj.elowen.bone.leftarm] run data modify entity @s {} merge value {transformation:[-0.9957889423626006f,-0.09167541801580827f,1.2245139335234059e-16f,0.09375000000000003f,-0.09166547187327657f,0.9956809062176166f,0.014730046161338634f,1.2848680938124857f,-0.0013503831392329931f,0.014668017087951672f,-0.9998915069846752f,-0.24122691183787398f,0f,0f,0f,1f],start_interpolation:0}
execute if entity @s[tag=aj.elowen.bone.torso] run data modify entity @s {} merge value {transformation:[-1f,-1.8039103882776116e-18f,1.2245139335234059e-16f,-0.24999999999999997f,0f,0.9998915069846752f,0.014730046161338634f,0.7224291211336058f,-1.2246467991473532e-16f,0.014730046161338634f,-0.9998915069846752f,-0.249512562803627f,0f,0f,0f,1f],start_interpolation:0}