execute if entity @s[tag=aj.elowen.bone.head] run data modify entity @s {} merge value {transformation:[-0.9981110332544777f,-1.0088469974594915e-18f,0.06143586326958311f,-0.24999999999999997f,0.000506100095464285f,0.9999660682482708f,0.008222299847850353f,1.377036137143969f,-0.06143377864312338f,0.008237860893131718f,-0.9980771655986992f,-0.24432798769803968f,0f,0f,0f,1f],start_interpolation:0}
execute if entity @s[tag=aj.elowen.bone.rightarm] run data modify entity @s {} merge value {transformation:[-0.9854573789634503f,0.1699227890734102f,1.2246052447362085e-16f,-0.59375f,0.16991702329551825f,0.9854239406683276f,0.008237860893131718f,1.2832893182456937f,0.0013998002989595948f,0.008118060804011111f,-0.9999660682482708f,-0.24510028715677085f,0f,0f,0f,1f],start_interpolation:0}
execute if entity @s[tag=aj.elowen.bone.leftarm] run data modify entity @s {} merge value {transformation:[-0.9956599687024419f,-0.09306571185701268f,1.2246052447362085e-16f,0.09375000000000003f,-0.09306255397438346f,0.9956261842155772f,0.008237860893131718f,1.2832893182456937f,-0.0007666623881984715f,0.008202108319030585f,-0.9999660682482708f,-0.24510028715677076f,0f,0f,0f,1f],start_interpolation:0}
execute if entity @s[tag=aj.elowen.bone.torso] run data modify entity @s {} merge value {transformation:[-1f,-1.0088469974594915e-18f,1.2246052447362085e-16f,-0.24999999999999997f,0f,0.9999660682482708f,0.008237860893131718f,0.7208084048560414f,-1.2246467991473532e-16f,0.008237860893131718f,-0.9999660682482708f,-0.24973408390915738f,0f,0f,0f,1f],start_interpolation:0}