execute if entity @s[tag=aj.elowen.bone.head] run data modify entity @s {} merge value {transformation:[-0.999701819694937f,-2.1373033680837913e-18f,-0.024418675202221796f,-0.24999999999999997f,-0.00042616464428919305f,0.9998476951563913f,0.017447202473407957f,1.3792583920293398f,0.02441495611971399f,0.01745240643728351f,-0.999549560265633f,-0.23796339436346542f,0f,0f,0f,1f],start_interpolation:0}
execute if entity @s[tag=aj.elowen.bone.rightarm] run data modify entity @s {} merge value {transformation:[-0.9788561569525628f,0.204549808105654f,1.2244602795081332e-16f,-0.59375f,0.2045186541791203f,0.9787070724186627f,0.01745240643728351f,1.2855226706084282f,0.0035698863877281035f,0.01708339549477353f,-0.9998476951563913f,-0.2395995574669608f,0f,0f,0f,1f],start_interpolation:0}
execute if entity @s[tag=aj.elowen.bone.leftarm] run data modify entity @s {} merge value {transformation:[-0.9961946980917455f,-0.08715574274765818f,1.2244602795081332e-16f,0.09375000000000003f,-0.0871424685058894f,0.9960429728140489f,0.01745240643728351f,1.2855226706084282f,-0.0015210774457755775f,0.017385994761764074f,-0.9998476951563913f,-0.2395995574669607f,0f,0f,0f,1f],start_interpolation:0}
execute if entity @s[tag=aj.elowen.bone.torso] run data modify entity @s {} merge value {transformation:[-1f,-2.1373033680837913e-18f,1.2244602795081332e-16f,-0.24999999999999997f,0f,0.9998476951563913f,0.01745240643728351f,0.7231083420829582f,-1.2246467991473532e-16f,0.01745240643728351f,-0.9998476951563913f,-0.24941653608793274f,0f,0f,0f,1f],start_interpolation:0}