execute if entity @s[tag=aj.elowen.bone.head] run data modify entity @s {} merge value {transformation:[-0.9803586708015931f,6.264964389346555e-19f,0.1972229109006702f,-0.24999999999999997f,-0.0010089394872188745f,0.9999869145592329f,-0.00501525187967285f,1.373712070847202f,-0.1972203301519517f,-0.005115731649083202f,-0.9803458423762759f,-0.253513794148553f,0f,0f,0f,1f],start_interpolation:0}
execute if entity @s[tag=aj.elowen.bone.rightarm] run data modify entity @s {} merge value {transformation:[-0.9897153465546428f,0.1430508049408435f,1.2246307741042024e-16f,-0.59375f,0.14304893305800875f,0.9897023956930991f,-0.005115731649083202f,1.279963297607274f,-0.000731809530262822f,-0.005063118121952918f,-0.9999869145592329f,-0.2530341943064515f,0f,0f,0f,1f],start_interpolation:0}
execute if entity @s[tag=aj.elowen.bone.leftarm] run data modify entity @s {} merge value {transformation:[-0.9925490070918646f,-0.12184608537394098f,1.2246307741042024e-16f,0.09375000000000003f,-0.12184449096420813f,0.9925360191506238f,-0.005115731649083202f,1.279963297607274f,0.0006233318752642422f,-0.005077614368845974f,-0.9999869145592329f,-0.2530341943064514f,0f,0f,0f,1f],start_interpolation:0}
execute if entity @s[tag=aj.elowen.bone.torso] run data modify entity @s {} merge value {transformation:[-1f,6.264964389346555e-19f,1.2246307741042024e-16f,-0.24999999999999997f,0f,0.9999869145592329f,-0.005115731649083202f,0.7174706581677053f,-1.2246467991473532e-16f,-0.005115731649083202f,-0.9999869145592329f,-0.25015659525384215f,0f,0f,0f,1f],start_interpolation:0}