execute if entity @s[tag=aj.elowen.bone.head] run data modify entity @s {} merge value {transformation:[-0.946970645371972f,6.264964389346551e-19f,0.3213200846567034f,-0.24999999999999997f,-0.0016437873265643902f,0.9999869145592329f,-0.00484444770128214f,1.373712070847202f,-0.32131588004176836f,-0.0051157316490832f,-0.9469582538436838f,-0.253513794148553f,0f,0f,0f,1f],start_interpolation:0}
execute if entity @s[tag=aj.elowen.bone.rightarm] run data modify entity @s {} merge value {transformation:[-0.9921316144708213f,0.12519927942093576f,1.2246307741042024e-16f,-0.59375f,0.12519764113318083f,0.9921186319913471f,-0.0051157316490832f,1.279963297607274f,-0.0006404859161762136f,-0.005075479100204376f,-0.9999869145592329f,-0.25303419430645147f,0f,0f,0f,1f],start_interpolation:0}
execute if entity @s[tag=aj.elowen.bone.leftarm] run data modify entity @s {} merge value {transformation:[-0.9922124292276762f,-0.1245571968459222f,1.2246307741042024e-16f,0.09375000000000003f,-0.12455556696010077f,0.9921994456907052f,-0.0051157316490832f,1.279963297607274f,0.0006372011940256487f,-0.005075892526813763f,-0.9999869145592329f,-0.2530341943064514f,0f,0f,0f,1f],start_interpolation:0}
execute if entity @s[tag=aj.elowen.bone.torso] run data modify entity @s {} merge value {transformation:[-1f,6.264964389346551e-19f,1.2246307741042024e-16f,-0.24999999999999997f,0f,0.9999869145592329f,-0.0051157316490832f,0.7174706581677053f,-1.2246467991473532e-16f,-0.0051157316490832f,-0.9999869145592329f,-0.25015659525384215f,0f,0f,0f,1f],start_interpolation:0}