execute if entity @s[tag=aj.elowen.bone.head] run data modify entity @s {} merge value {transformation:[-0.9948739110753586f,-5.343512749254816e-19f,0.10112319744558869f,-0.24999999999999997f,0.00044123178631759734f,0.9999904807207345f,0.004340942573347247f,1.3760842828166915f,-0.10112223482563198f,0.004363309284746571f,-0.9948644405927651f,-0.24699784504692038f,0f,0f,0f,1f],start_interpolation:0}
execute if entity @s[tag=aj.elowen.bone.rightarm] run data modify entity @s {} merge value {transformation:[-0.986820225686585f,0.1618204009878775f,1.2246351413924705e-16f,-0.59375f,0.16181886057428965f,0.9868108318692719f,0.004363309284746571f,1.2823351752491228f,0.0007060724580916982f,0.004305801853114003f,-0.9999904807207345f,-0.24740690529236542f,0f,0f,0f,1f],start_interpolation:0}
execute if entity @s[tag=aj.elowen.bone.leftarm] run data modify entity @s {} merge value {transformation:[-0.994913726152205f,-0.10073071782696315f,1.2246351413924705e-16f,0.09375000000000003f,-0.10072975894312954f,0.9949042552906007f,0.004363309284746571f,1.2823351752491228f,-0.0004395192763536971f,0.004341116298841711f,-0.9999904807207345f,-0.24740690529236534f,0f,0f,0f,1f],start_interpolation:0}
execute if entity @s[tag=aj.elowen.bone.torso] run data modify entity @s {} merge value {transformation:[-1f,-5.343512749254816e-19f,1.2246351413924705e-16f,-0.24999999999999997f,0f,0.9999904807207345f,0.004363309284746571f,0.7198405298437096f,-1.2246467991473532e-16f,0.004363309284746571f,-0.9999904807207345f,-0.2498612667650353f,0f,0f,0f,1f],start_interpolation:0}