execute if entity @s[tag=aj.elowen.bone.head] run data modify entity @s {} merge value {transformation:[-0.9588358532168705f,1.0278455572939554e-18f,0.2839609243996014f,-0.24999999999999997f,-0.0023832828762744064f,0.9999647781895634f,-0.008047505391671194f,1.372877536028539f,-0.2839509227817508f,-0.008392995907143035f,-0.9588020812822087f,-0.25576137923355174f,0f,0f,0f,1f],start_interpolation:0}
execute if entity @s[tag=aj.elowen.bone.rightarm] run data modify entity @s {} merge value {transformation:[-0.9915842201595751f,0.1294632547502462f,1.2246036648699418e-16f,-0.59375f,0.1294586948200289f,0.9915492947681408f,-0.008392995907143035f,1.2791308380732676f,-0.0010865845672443537f,-0.008322362301386917f,-0.9999647781895634f,-0.25497453586725716f,0f,0f,0f,1f],start_interpolation:0}
execute if entity @s[tag=aj.elowen.bone.leftarm] run data modify entity @s {} merge value {transformation:[-0.991517270248708f,-0.1299750083614177f,1.2246036648699418e-16f,0.09375000000000003f,-0.1299704304063117f,0.9914823472153707f,-0.008392995907143035f,1.2791308380732676f,0.0010908797132081391f,-0.008321800391059056f,-0.9999647781895634f,-0.25497453586725705f,0f,0f,0f,1f],start_interpolation:0}
execute if entity @s[tag=aj.elowen.bone.torso] run data modify entity @s {} merge value {transformation:[-1f,1.0278455572939554e-18f,1.2246036648699418e-16f,-0.24999999999999997f,0f,0.9999647781895634f,-0.008392995907143035f,0.7166506503416381f,-1.2246467991473532e-16f,-0.008392995907143035f,-0.9999647781895634f,-0.25025347566948913f,0f,0f,0f,1f],start_interpolation:0}