execute if entity @s[tag=aj.elowen.bone.head] run data modify entity @s {} merge value {transformation:[-0.9996827834103396f,-1.1603597987557118e-18f,-0.025185959440849715f,-0.24999999999999997f,-0.00023863839638172787f,0.999955110641747f,0.009472051159446158f,1.3773379027673642f,0.02518482885929343f,0.00947505680465257f,-0.9996379082917357f,-0.24347467610723814f,0f,0f,0f,1f],start_interpolation:0}
execute if entity @s[tag=aj.elowen.bone.rightarm] run data modify entity @s {} merge value {transformation:[-0.9722847441506017f,0.23379986375530468f,1.224591825538453e-16f,-0.59375f,0.23378936862946106f,0.9722410989123976f,0.00947505680465257f,1.2835921111447004f,0.0022152669900014237f,0.009212453181124071f,-0.999955110641747f,-0.24436296268267435f,0f,0f,0f,1f],start_interpolation:0}
execute if entity @s[tag=aj.elowen.bone.leftarm] run data modify entity @s {} merge value {transformation:[-0.9887591599195004f,-0.14951696785075572f,1.224591825538453e-16f,0.09375000000000003f,-0.14951025613002097f,0.9887147751553448f,0.00947505680465257f,1.2835921111447004f,-0.0014166817636454435f,0.009368549206357801f,-0.999955110641747f,-0.24436296268267427f,0f,0f,0f,1f],start_interpolation:0}
execute if entity @s[tag=aj.elowen.bone.torso] run data modify entity @s {} merge value {transformation:[-1f,-1.1603597987557118e-18f,1.224591825538453e-16f,-0.24999999999999997f,0f,0.999955110641747f,0.00947505680465257f,0.7211173614087177f,-1.2246467991473532e-16f,0.00947505680465257f,-0.999955110641747f,-0.2496926821352914f,0f,0f,0f,1f],start_interpolation:0}