execute if entity @s[tag=aj.elowen.bone.head] run data modify entity @s {} merge value {transformation:[-0.9275710096105043f,-1.0088469974594902e-18f,0.3736469217458506f,-0.24999999999999997f,0.003078051364489185f,0.9999660682482708f,0.007641200945673068f,1.377036137143969f,-0.3736342432512676f,0.008237860893131707f,-0.9275395355012951f,-0.24432798769803968f,0f,0f,0f,1f],start_interpolation:0}
execute if entity @s[tag=aj.elowen.bone.rightarm] run data modify entity @s {} merge value {transformation:[-0.9926469468967538f,0.12104560634964535f,1.2246052447362085e-16f,-0.59375f,0.12104149906018279f,0.992613264646997f,0.008237860893131707f,1.2832893182456937f,0.000997156866833037f,0.00817728746452737f,-0.9999660682482708f,-0.24510028715677085f,0f,0f,0f,1f],start_interpolation:0}
execute if entity @s[tag=aj.elowen.bone.leftarm] run data modify entity @s {} merge value {transformation:[-0.9947386378799533f,-0.10244531374706749f,1.2246052447362085e-16f,0.09375000000000003f,-0.1024418375981156f,0.9947048846554574f,0.008237860893131707f,1.2832893182456937f,-0.0008439302438016972f,0.008194518523878359f,-0.9999660682482708f,-0.24510028715677076f,0f,0f,0f,1f],start_interpolation:0}
execute if entity @s[tag=aj.elowen.bone.torso] run data modify entity @s {} merge value {transformation:[-1f,-1.0088469974594902e-18f,1.2246052447362085e-16f,-0.24999999999999997f,0f,0.9999660682482708f,0.008237860893131707f,0.7208084048560414f,-1.2246467991473532e-16f,0.008237860893131707f,-0.9999660682482708f,-0.24973408390915738f,0f,0f,0f,1f],start_interpolation:0}