execute if entity @s[tag=aj.elowen.bone.head] run data modify entity @s {} merge value {transformation:[-0.949258683126849f,7.352652699829666e-19f,0.31449634736874194f,-0.24999999999999997f,-0.001888203536870646f,0.9999819764506477f,-0.005699250938465546f,1.3734866346707975f,-0.314490679028304f,-0.006003896556091821f,-0.9492415741161255f,-0.2541231729949751f,0f,0f,0f,1f],start_interpolation:0}
execute if entity @s[tag=aj.elowen.bone.rightarm] run data modify entity @s {} merge value {transformation:[-0.9920406252259857f,0.12591821909968176f,1.2246247266653297e-16f,-0.59375f,0.12591594960644545f,0.9920227451328174f,-0.006003896556091821f,1.2797383243785492f,-0.0007559999620019162f,-0.005956109293297457f,-0.9999819764506477f,-0.25356030769284155f,0f,0f,0f,1f],start_interpolation:0}
execute if entity @s[tag=aj.elowen.bone.leftarm] run data modify entity @s {} merge value {transformation:[-0.9920269604457442f,-0.12602582968890863f,1.2246247266653297e-16f,0.09375000000000003f,-0.12602355825614756f,0.9920090805988638f,-0.006003896556091821f,1.2797383243785492f,0.0007566460448477314f,-0.005956027251370457f,-0.9999819764506477f,-0.25356030769284144f,0f,0f,0f,1f],start_interpolation:0}
execute if entity @s[tag=aj.elowen.bone.torso] run data modify entity @s {} merge value {transformation:[-1f,7.352652699829666e-19f,1.2246247266653297e-16f,-0.24999999999999997f,0f,0.9999819764506477f,-0.006003896556091821f,0.7172484626250598f,-1.2246467991473532e-16f,-0.006003896556091821f,-0.9999819764506477f,-0.25018311588003983f,0f,0f,0f,1f],start_interpolation:0}