execute if entity @s[tag=aj.elowen.bone.head] run data modify entity @s {} merge value {transformation:[-0.9997828687947767f,-6.94417650104948e-19f,-0.020837832528511315f,-0.24999999999999997f,-0.00011815781258566998f,0.9999839234337868f,0.005669119217451334f,1.3764065349675967f,0.020837497527716933f,0.0056703504274736895f,-0.9997667957192877f,-0.24609761493955856f,0f,0f,0f,1f],start_interpolation:0}
execute if entity @s[tag=aj.elowen.bone.rightarm] run data modify entity @s {} merge value {transformation:[-0.9706617962518849f,0.24044890787247167f,1.224627111031999e-16f,-0.59375f,0.24044504227968339f,0.9706461913432468f,0.0056703504274736895f,1.2826580421456795f,0.0013634295675401327f,0.005503992531309284f,-0.9999839234337868f,-0.24662921029213428f,0f,0f,0f,1f],start_interpolation:0}
execute if entity @s[tag=aj.elowen.bone.leftarm] run data modify entity @s {} merge value {transformation:[-0.9848122426569866f,-0.17362271370104929f,1.224627111031999e-16f,0.09375000000000003f,-0.17361992244399635f,0.98479641025776f,0.0056703504274736895f,1.2826580421456795f,-0.0009845016288540073f,0.0055842305211313455f,-0.9999839234337868f,-0.2466292102921342f,0f,0f,0f,1f],start_interpolation:0}
execute if entity @s[tag=aj.elowen.bone.torso] run data modify entity @s {} merge value {transformation:[-1f,-6.94417650104948e-19f,1.224627111031999e-16f,-0.24999999999999997f,0f,0.9999839234337868f,0.0056703504274736895f,0.7201670852141743f,-1.2246467991473532e-16f,0.0056703504274736895f,-0.9999839234337868f,-0.24981878240758817f,0f,0f,0f,1f],start_interpolation:0}