execute if entity @s[tag=aj.elowen.bone.head] run data modify entity @s {} merge value {transformation:[-0.9300728302993453f,-6.94417650104948e-19f,0.36737519015165593f,-0.24999999999999997f,0.0020831460665196697f,0.9999839234337868f,0.0052738388708695565f,1.3764065349675967f,-0.3673692840200864f,0.0056703504274736895f,-0.9300578779219059f,-0.24609761493955856f,0f,0f,0f,1f],start_interpolation:0}
execute if entity @s[tag=aj.elowen.bone.rightarm] run data modify entity @s {} merge value {transformation:[-0.9926103328609271f,0.12134548651564797f,1.224627111031999e-16f,-0.59375f,0.12134353569689933f,0.992594375095187f,0.0056703504274736895f,1.2826580421456795f,0.0006880714313358858f,0.005628448425252774f,-0.9999839234337868f,-0.24662921029213428f,0f,0f,0f,1f],start_interpolation:0}
execute if entity @s[tag=aj.elowen.bone.leftarm] run data modify entity @s {} merge value {transformation:[-0.9942911381700745f,-0.10670113662214524f,1.224627111031999e-16f,0.09375000000000003f,-0.10669942123425731f,0.9942751533827566f,0.0056703504274736895f,1.2826580421456795f,-0.0006050328356574315f,0.00563797918035597f,-0.9999839234337868f,-0.2466292102921342f,0f,0f,0f,1f],start_interpolation:0}
execute if entity @s[tag=aj.elowen.bone.torso] run data modify entity @s {} merge value {transformation:[-1f,-6.94417650104948e-19f,1.224627111031999e-16f,-0.24999999999999997f,0f,0.9999839234337868f,0.0056703504274736895f,0.7201670852141743f,-1.2246467991473532e-16f,0.0056703504274736895f,-0.9999839234337868f,-0.24981878240758817f,0f,0f,0f,1f],start_interpolation:0}