execute if entity @s[tag=aj.melissa.bone.head] run data modify entity @s {} merge value {transformation:[-0.9994190253088757f,-4.38702850464378e-19f,0.03408242729995844f,-0.24999999999999997f,0.0001220928190695215f,0.9999935836121664f,0.003580199413550083f,1.3749955887333645f,-0.03408220861388657f,0.0035822806279314163f,-0.9994126126488011f,-0.2475371820682972f,0f,0f,0f,1f],start_interpolation:0}
execute if entity @s[tag=aj.melissa.bone.broom] run data modify entity @s {} merge value {transformation:[-0.9862790942115803f,0.031287353839000026f,0.16209457057822124f,-0.7719240940015661f,0.03370437644361127f,0.9993575982708333f,0.012182191383303509f,0.6869656275985486f,-0.1616092922134494f,0.017478337109270492f,-0.9867000275677319f,-0.022858621209161184f,0f,0f,0f,1f],start_interpolation:0}
execute if entity @s[tag=aj.melissa.bone.rightarm] run data modify entity @s {} merge value {transformation:[-0.9238795325112867f,0.3649716762170987f,-0.11507512748638361f,-0.59375f,0.3826809769197701f,0.8821911295607399f,-0.2743976691374699f,1.2812461902697239f,0.00137087944639165f,-0.29754745249056885f,-0.9547060459669857f,-0.2478730208771658f,0f,0f,0f,1f],start_interpolation:0}
execute if entity @s[tag=aj.melissa.bone.leftarm] run data modify entity @s {} merge value {transformation:[-0.9939137813508652f,-0.11016076997200308f,1.2246389413385307e-16f,0.09375000000000003f,-0.11016006313777889f,0.9939074040145709f,0.0035822806279314163f,1.2812461902697239f,-0.0003946267922288372f,0.003560478084767252f,-0.9999935836121664f,-0.24787302087716573f,0f,0f,0f,1f],start_interpolation:0}
execute if entity @s[tag=aj.melissa.bone.torso] run data modify entity @s {} merge value {transformation:[-1f,-4.38702850464378e-19f,1.2246389413385307e-16f,-0.24999999999999997f,0f,0.9999935836121664f,0.0035822806279314163f,0.7187497994878802f,-1.2246467991473532e-16f,0.0035822806279314163f,-0.9999935836121664f,-0.2498880537303772f,0f,0f,0f,1f],start_interpolation:0}