execute if entity @s[tag=aj.melissa.bone.head] run data modify entity @s {} merge value {transformation:[-0.9997725670699316f,-1.444856910262217e-18f,0.021326371805798536f,-0.24999999999999997f,0.00025161177652105693f,0.999930399382377f,0.011795468728022833f,1.3749521495753843f,-0.021324887477149196f,0.011798152016305295f,-0.999702982281781f,-0.24188877048879018f,0f,0f,0f,1f],start_interpolation:0}
execute if entity @s[tag=aj.melissa.bone.broom] run data modify entity @s {} merge value {transformation:[-0.9862790942115803f,0.031287353839000026f,0.16209457057822124f,-0.7719240940015661f,0.035031028064280156f,0.9991802648813984f,0.0202885520503083f,0.6850994418417328f,-0.16132692085930467f,0.02568851419003565f,-0.9865666347717035f,-0.022870678173434633f,0f,0f,0f,1f],start_interpolation:0}
execute if entity @s[tag=aj.melissa.bone.rightarm] run data modify entity @s {} merge value {transformation:[-0.9238795325112867f,0.3649716762170987f,-0.11507512748638361f,-0.59375f,0.382656797361843f,0.884606016873784f,-0.2665444997434308f,1.2812086746332865f,0.004514957309164701f,-0.2902892875563611f,-0.9569282860750415f,-0.24299484724031883f,0f,0f,0f,1f],start_interpolation:0}
execute if entity @s[tag=aj.melissa.bone.leftarm] run data modify entity @s {} merge value {transformation:[-0.9953290428423857f,-0.09654064674768088f,1.2245615629737625e-16f,0.09375000000000003f,-0.09653392745904152f,0.9952597673262658f,0.011798152016305295f,1.2812086746332865f,-0.0011390012260816902f,0.0117430433536981f,-0.999930399382377f,-0.24299484724031875f,0f,0f,0f,1f],start_interpolation:0}
execute if entity @s[tag=aj.melissa.bone.torso] run data modify entity @s {} merge value {transformation:[-1f,-1.444856910262217e-18f,1.2245615629737625e-16f,-0.24999999999999997f,0f,0.999930399382377f,0.011798152016305295f,0.7187478249806993f,-1.2246467991473532e-16f,0.011798152016305295f,-0.999930399382377f,-0.24963130774949052f,0f,0f,0f,1f],start_interpolation:0}