execute if entity @s[tag=aj.melissa.bone.head] run data modify entity @s {} merge value {transformation:[-0.9237284205719638f,-1.899845459837424e-18f,0.38304804532542047f,-0.24999999999999997f,0.005942383471853069f,0.9998796597293474f,0.014330182769173107f,1.3749172660639264f,-0.3830019492199731f,0.015513415469343246f,-0.9236172588438227f,-0.23933452686482656f,0f,0f,0f,1f],start_interpolation:0}
execute if entity @s[tag=aj.melissa.bone.broom] run data modify entity @s {} merge value {transformation:[-0.9862790942115803f,0.031287353839000026f,0.16209457057822124f,-0.7719240940015661f,0.03563021312154896f,0.9990779193281119f,0.02395410244455154f,0.6842555359087841f,-0.1611956458285947f,0.029400894557211676f,-0.9864844404070133f,-0.022881165541852155f,0f,0f,0f,1f],start_interpolation:0}
execute if entity @s[tag=aj.melissa.bone.rightarm] run data modify entity @s {} merge value {transformation:[-0.9238795325112867f,0.3649716762170987f,-0.11507512748638361f,-0.59375f,0.3826373801372646f,0.8856785104395087f,-0.26298709372770285f,1.2811785479643f,0.005936727079513839f,-0.2870004385100037f,-0.9579120541921629f,-0.24078890956507756f,0f,0f,0f,1f],start_interpolation:0}
execute if entity @s[tag=aj.melissa.bone.leftarm] run data modify entity @s {} merge value {transformation:[-0.9959077999460093f,-0.09037507403426812f,1.22449942482009e-16f,0.09375000000000003f,-0.09036419827339859f,0.9957879521318188f,0.015513415469343246f,1.2811785479643f,-0.001402026071566378f,0.01544993146972201f,-0.9998796597293474f,-0.24078890956507748f,0f,0f,0f,1f],start_interpolation:0}
execute if entity @s[tag=aj.melissa.bone.torso] run data modify entity @s {} merge value {transformation:[-1f,-1.899845459837424e-18f,1.22449942482009e-16f,-0.24999999999999997f,0f,0.9998796597293474f,0.015513415469343246f,0.7187462393665421f,-1.2246467991473532e-16f,0.015513415469343246f,-0.9998796597293474f,-0.2495152057665831f,0f,0f,0f,1f],start_interpolation:0}