execute if entity @s[tag=aj.melissa.bone.head] run data modify entity @s {} merge value {transformation:[-1f,-1.440971511221686e-19f,1.2246459513928758e-16f,-0.24999999999999997f,0f,0.9999993077559357f,0.0011766425325448501f,1.374999524082206f,-1.2246467991473532e-16f,0.0011766425325448501f,-0.9999993077559357f,-0.24919105825887547f,0f,0f,0f,1f],start_interpolation:0}
execute if entity @s[tag=aj.melissa.bone.broom] run data modify entity @s {} merge value {transformation:[-0.9862790942115803f,0.031287353839000026f,0.16209457057822124f,-0.7719240940015661f,0.03331550462857749f,0.9993967532081666f,0.009808507955768986f,0.6875120502502496f,-0.1616899052895015f,0.015074188758548934f,-0.9867264784937839f,-0.0228579929478957f,0f,0f,0f,1f],start_interpolation:0}
execute if entity @s[tag=aj.melissa.bone.rightarm] run data modify entity @s {} merge value {transformation:[-0.9238795325112867f,0.3649716762170987f,-0.11507512748638361f,-0.59375f,0.3826831674547551f,0.8814727838890488f,-0.2766935572247503f,1.2812495889800868f,0.00045028160302090184f,-0.29966882857943633f,-0.9540431805868675f,-0.2493013684963016f,0f,0f,0f,1f],start_interpolation:0}
execute if entity @s[tag=aj.melissa.bone.leftarm] run data modify entity @s {} merge value {transformation:[-0.9934641141848709f,-0.11414488086142893f,1.2246459513928758e-16f,0.09375000000000003f,-0.11414480184531269f,0.9934634264652348f,0.0011766425325448501f,1.2812495889800868f,-0.0001343077216939436f,0.0011689521313068987f,-0.9999993077559357f,-0.24930136849630152f,0f,0f,0f,1f],start_interpolation:0}
execute if entity @s[tag=aj.melissa.bone.torso] run data modify entity @s {} merge value {transformation:[-1f,-1.440971511221686e-19f,1.2246459513928758e-16f,-0.24999999999999997f,0f,0.9999993077559357f,0.0011766425325448501f,0.718749978367373f,-1.2246467991473532e-16f,0.0011766425325448501f,-0.9999993077559357f,-0.24996322992085804f,0f,0f,0f,1f],start_interpolation:0}