execute if entity @s[tag=aj.melissa.bone.head] run data modify entity @s {} merge value {transformation:[-1f,-2.0964611553772653e-18f,1.2244673404073532e-16f,-0.24999999999999997f,0f,0.9998534608181519f,0.017118904461571313f,1.3748992543124794f,-1.2246467991473532e-16f,0.017118904461571313f,-0.9998534608181519f,-0.23823075318266979f,0f,0f,0f,1f],start_interpolation:0}
execute if entity @s[tag=aj.melissa.bone.broom] run data modify entity @s {} merge value {transformation:[-0.9862790942115803f,0.031287353839000026f,0.16209457057822124f,-0.7719240940015661f,0.035888999395851315f,0.9990294222944454f,0.02553807182211909f,0.6838908548742428f,-0.1611382265123621f,0.031005078290182453f,-0.9864447055343094f,-0.02288666797317257f,0f,0f,0f,1f],start_interpolation:0}
execute if entity @s[tag=aj.melissa.bone.rightarm] run data modify entity @s {} merge value {transformation:[-0.9238795325112867f,0.3649716762170987f,-0.11507512748638361f,-0.59375f,0.38262735424800404f,0.8861382059171291f,-0.26144863318660555f,1.2811629923607777f,0.006551121117684045f,-0.2855779325740228f,-0.9583330982695152f,-0.23983565047594213f,0f,0f,0f,1f],start_interpolation:0}
execute if entity @s[tag=aj.melissa.bone.leftarm] run data modify entity @s {} merge value {transformation:[-0.9961460925656165f,-0.08770953349695991f,1.2244673404073532e-16f,0.09375000000000003f,-0.08769668061368098f,0.9960001181322107f,0.017118904461571313f,1.2811629923607777f,-0.0015014911243035676f,0.01705292978839835f,-0.9998534608181519f,-0.23983565047594205f,0f,0f,0f,1f],start_interpolation:0}
execute if entity @s[tag=aj.melissa.bone.torso] run data modify entity @s {} merge value {transformation:[-1f,-2.0964611553772653e-18f,1.2244673404073532e-16f,-0.24999999999999997f,0f,0.9998534608181519f,0.017118904461571313f,0.7187454206505672f,-1.2246467991473532e-16f,0.017118904461571313f,-0.9998534608181519f,-0.24946503423557595f,0f,0f,0f,1f],start_interpolation:0}