execute if entity @s[tag=aj.melissa.bone.head] run data modify entity @s {} merge value {transformation:[-0.9242177289702673f,-2.0475451754508217e-18f,0.3818659312599667f,-0.24999999999999997f,0.0063845979572621295f,0.9998602198057119f,0.015452435374319624f,1.374903901116427f,-0.3818125539659032f,0.016719475173383888f,-0.9240885416365474f,-0.23850536081829862f,0f,0f,0f,1f],start_interpolation:0}
execute if entity @s[tag=aj.melissa.bone.broom] run data modify entity @s {} merge value {transformation:[-0.9862790942115803f,0.031287353839000026f,0.16209457057822124f,-0.7719240940015661f,0.03582462399199825f,0.9990417286862212f,0.025143998478342866f,0.6839815838638564f,-0.16115255082379765f,0.030605977086186564f,-0.9864548289352044f,-0.022885244290998003f,0f,0f,0f,1f],start_interpolation:0}
execute if entity @s[tag=aj.melissa.bone.rightarm] run data modify entity @s {} merge value {transformation:[-0.9238795325112867f,0.3649716762170987f,-0.11507512748638361f,-0.59375f,0.38262994080056284f,0.8860240506898959f,-0.26183145342381353f,1.2811670055096416f,0.006398266146693336f,-0.2859319100036758f,-0.9582285766099684f,-0.24007281161580343f,0f,0f,0f,1f],start_interpolation:0}
execute if entity @s[tag=aj.melissa.bone.leftarm] run data modify entity @s {} merge value {transformation:[-0.9960874738184862f,-0.08837275882253884f,1.2244756177798341e-16f,0.09375000000000003f,-0.08836040606114084f,0.9959482405178679f,0.016719475173383888f,1.2811670055096416f,-0.0014775461471370022f,0.016654059789026843f,-0.9998602198057119f,-0.24007281161580335f,0f,0f,0f,1f],start_interpolation:0}
execute if entity @s[tag=aj.melissa.bone.torso] run data modify entity @s {} merge value {transformation:[-1f,-2.0475451754508217e-18f,1.2244756177798341e-16f,-0.24999999999999997f,0f,0.9998602198057119f,0.016719475173383888f,0.7187456318689285f,-1.2246467991473532e-16f,0.016719475173383888f,-0.9998602198057119f,-0.24947751640083182f,0f,0f,0f,1f],start_interpolation:0}