execute if entity @s[tag=aj.melissa.bone.head] run data modify entity @s {} merge value {transformation:[-1f,-1.7620571756319567e-18f,1.2245200276487265e-16f,-0.24999999999999997f,0f,0.9998964832156383f,0.014388288744630448f,1.3749288322107514f,-1.2246467991473532e-16f,0.014388288744630448f,-0.9998964832156383f,-0.24010805148806663f,0f,0f,0f,1f],start_interpolation:0}
execute if entity @s[tag=aj.melissa.bone.broom] run data modify entity @s {} merge value {transformation:[-0.9862790942115803f,0.031287353839000026f,0.16209457057822124f,-0.7719240940015661f,0.035448804790321906f,0.9991103702399943f,0.022844043377639595f,0.6845111039574133f,-0.1612356367560298f,0.028276661200626996f,-0.9865107702763426f,-0.02287765848927731f,0f,0f,0f,1f],start_interpolation:0}
execute if entity @s[tag=aj.melissa.bone.rightarm] run data modify entity @s {} merge value {transformation:[-0.9238795325112867f,0.3649716762170987f,-0.11507512748638361f,-0.59375f,0.38264381820674276f,0.885355001811227f,-0.2640648199893494f,1.2811885369092852f,0.005506159722655055f,-0.28799686860645474f,-0.9576155209049116f,-0.24145695355787578f,0f,0f,0f,1f],start_interpolation:0}
execute if entity @s[tag=aj.melissa.bone.leftarm] run data modify entity @s {} merge value {transformation:[-0.9957365573358398f,-0.09224266033116056f,1.2245200276487265e-16f,0.09375000000000003f,-0.09223311166758211f,0.995633481889353f,0.014388288744630448f,1.2811885369092852f,-0.0013272140314177288f,0.014326945100532323f,-0.9998964832156383f,-0.2414569535578757f,0f,0f,0f,1f],start_interpolation:0}
execute if entity @s[tag=aj.melissa.bone.torso] run data modify entity @s {} merge value {transformation:[-1f,-1.7620571756319567e-18f,1.2245200276487265e-16f,-0.24999999999999997f,0f,0.9998964832156383f,0.014388288744630448f,0.7187467651004887f,-1.2246467991473532e-16f,0.014388288744630448f,-0.9998964832156383f,-0.24955036597673036f,0f,0f,0f,1f],start_interpolation:0}