execute if entity @s[tag=aj.melissa.bone.head] run data modify entity @s {} merge value {transformation:[-0.9866078765123383f,2.3749006024622726e-19f,0.1631100794059479f,-0.24999999999999997f,-0.00031631179383194956f,0.9999981196461462f,-0.0019132827864773174f,1.3749987072567253f,-0.1631097727012815f,-0.0019392535089429628f,-0.9866060213404154f,-0.25133323678739833f,0f,0f,0f,1f],start_interpolation:0}
execute if entity @s[tag=aj.melissa.bone.broom] run data modify entity @s {} merge value {transformation:[-0.9862790942115803f,0.031287353839000026f,0.16209457057822124f,-0.7719240940015661f,0.03281153454059063f,0.9994388712832878f,0.006733926720685568f,0.6882198002649058f,-0.16179292791181066f,0.011960102747934409f,-0.9867522507802973f,-0.022859133134423892f,0f,0f,0f,1f],start_interpolation:0}
execute if entity @s[tag=aj.melissa.bone.rightarm] run data modify entity @s {} merge value {transformation:[-0.9238795325112867f,0.3649716762170987f,-0.11507512748638361f,-0.59375f,0.3826827127848228f,0.8805347690119334f,-0.2796649100204563f,1.2812488835398992f,-0.0007421201890284503f,-0.3024139482900589f,-0.9531764018990623f,-0.251151431770935f,0f,0f,0f,1f],start_interpolation:0}
execute if entity @s[tag=aj.melissa.bone.leftarm] run data modify entity @s {} merge value {transformation:[-0.9928579476234318f,-0.11930253912212734f,1.2246444963780249e-16f,0.09375000000000003f,-0.11930231479113812f,0.9928560806991636f,-0.0019392535089429628f,1.2812488835398992f,0.00023135786761826894f,-0.001925403258810663f,-0.9999981196461462f,-0.2511514317709349f,0f,0f,0f,1f],start_interpolation:0}
execute if entity @s[tag=aj.melissa.bone.torso] run data modify entity @s {} merge value {transformation:[-1f,2.3749006024622726e-19f,1.2246444963780249e-16f,-0.24999999999999997f,0f,0.9999981196461462f,-0.0019392535089429628f,0.7187499412389421f,-1.2246467991473532e-16f,-0.0019392535089429628f,-0.9999981196461462f,-0.25006060167215455f,0f,0f,0f,1f],start_interpolation:0}