execute if entity @s[tag=aj.melissa.bone.head] run data modify entity @s {} merge value {transformation:[-0.927908086150436f,-2.1285769267598525e-18f,0.37280904449414204f,-0.24999999999999997f,0.0064798497881194805f,0.9998489364085559f,0.016128109294115407f,1.3748961437808822f,-0.3727527266209579f,0.01738114963630208f,-0.927767913022412f,-0.23805045962504237f,0f,0f,0f,1f],start_interpolation:0}
execute if entity @s[tag=aj.melissa.bone.broom] run data modify entity @s {} merge value {transformation:[-0.9862790942115803f,0.031287353839000026f,0.16209457057822124f,-0.7719240940015661f,0.035931262171979506f,0.9990212557892207f,0.025796799802627807f,0.6838312867601317f,-0.1611288078523304f,0.031267106854993676f,-0.9864379733713649f,-0.022887622406813024f,0f,0f,0f,1f],start_interpolation:0}
execute if entity @s[tag=aj.melissa.bone.rightarm] run data modify entity @s {} merge value {transformation:[-0.9238795325112867f,0.3649716762170987f,-0.11507512748638361f,-0.59375f,0.38262562283141044f,0.8862130780162221f,-0.2611972685651376f,1.28116030599258f,0.006651478001271196f,-0.2853455027020659f,-0.9584016391514071f,-0.23967994240344576f,0f,0f,0f,1f],start_interpolation:0}
execute if entity @s[tag=aj.melissa.bone.leftarm] run data modify entity @s {} merge value {transformation:[-0.9961843387617109f,-0.08727406949313754f,1.2244617996036235e-16f,0.09375000000000003f,-0.08726088555875997f,0.9960338515777571f,0.01738114963630208f,1.28116030599258f,-0.001516923661229372f,0.017314829057357928f,-0.9998489364085559f,-0.23967994240344567f,0f,0f,0f,1f],start_interpolation:0}
execute if entity @s[tag=aj.melissa.bone.torso] run data modify entity @s {} merge value {transformation:[-1f,-2.1285769267598525e-18f,1.2244617996036235e-16f,-0.24999999999999997f,0f,0.9998489364085559f,0.01738114963630208f,0.7187452792627673f,-1.2246467991473532e-16f,0.01738114963630208f,-0.9998489364085559f,-0.24945683907386562f,0f,0f,0f,1f],start_interpolation:0}