execute if entity @s[tag=aj.melissa.bone.head] run data modify entity @s {} merge value {transformation:[-0.9662103803002061f,1.0582432013822992e-18f,0.2577547303157232f,-0.24999999999999997f,-0.002227313141802625f,0.9999626640348513f,-0.008349228257237868f,1.3749743315239602f,-0.25774510679409524f,-0.008641211507833028f,-0.9661743059031209f,-0.2559408329116353f,0f,0f,0f,1f],start_interpolation:0}
execute if entity @s[tag=aj.melissa.bone.broom] run data modify entity @s {} merge value {transformation:[-0.9862790942115803f,0.031287353839000026f,0.16209457057822124f,-0.7719240940015661f,0.03172645914164668f,0.9994965819143802f,0.00012054793364152383f,0.6897420854038355f,-0.16200919761395696f,0.005261580677333733f,-0.9867752204313087f,-0.022869058545717608f,0f,0f,0f,1f],start_interpolation:0}
execute if entity @s[tag=aj.melissa.bone.rightarm] run data modify entity @s {} merge value {transformation:[-0.9238795325112867f,0.3649716762170987f,-0.11507512748638361f,-0.59375f,0.38266914450979594f,0.8784882107406334f,-0.2860468308334518f,1.281227831770693f,-0.0033068484796103686f,-0.3083085129363147f,-0.9512806765640366f,-0.2551307193327759f,0f,0f,0f,1f],start_interpolation:0}
execute if entity @s[tag=aj.melissa.bone.leftarm] run data modify entity @s {} merge value {transformation:[-0.9914634137406914f,-0.1303851955309904f,1.224601075777141e-16f,0.09375000000000003f,-0.13038032747387415f,0.9914263964972297f,-0.008641211507833028f,1.281227831770693f,0.0011266860520733324f,-0.008567445060411497f,-0.9999626640348513f,-0.25513071933277587f,0f,0f,0f,1f],start_interpolation:0}
execute if entity @s[tag=aj.melissa.bone.torso] run data modify entity @s {} merge value {transformation:[-1f,1.0582432013822992e-18f,1.224601075777141e-16f,-0.24999999999999997f,0f,0.9999626640348513f,-0.008641211507833028f,0.7187488332510891f,-1.2246467991473532e-16f,-0.008641211507833028f,-0.9999626640348513f,-0.2502700378596198f,0f,0f,0f,1f],start_interpolation:0}