execute if entity @s[tag=aj.melissa.bone.head] run data modify entity @s {} merge value {transformation:[-1f,5.300764915302173e-19f,1.2246353271701623e-16f,-0.24999999999999997f,0f,0.999990632419732f,-0.0043284030293410086f,1.3749935597885656f,-1.2246467991473532e-16f,-0.0043284030293410086f,-0.999990632419732f,-0.252975777082672f,0f,0f,0f,1f],start_interpolation:0}
execute if entity @s[tag=aj.melissa.bone.broom] run data modify entity @s {} merge value {transformation:[-0.9862790942115803f,0.031287353839000026f,0.16209457057822124f,-0.7719240940015661f,0.03242489177651847f,0.9994645934327002f,0.004376398940701298f,0.6887624739812808f,-0.16187085813841168f,0.00957224969170345f,-0.9867655229695521f,-0.022861501122523636f,0f,0f,0f,1f],start_interpolation:0}
execute if entity @s[tag=aj.melissa.bone.rightarm] run data modify entity @s {} merge value {transformation:[-0.9238795325112867f,0.3649716762170987f,-0.11507512748638361f,-0.59375f,0.38267984754731976f,0.8798097407535438f,-0.28194140234513654f,1.2812444379992158f,-0.0016564081279277824f,-0.30451682323717905f,-0.9525055174001095f,-0.2525699892986713f,0f,0f,0f,1f],start_interpolation:0}
execute if entity @s[tag=aj.melissa.bone.leftarm] run data modify entity @s {} merge value {transformation:[-0.9923750224828832f,-0.1232550800255186f,1.2246353271701623e-16f,0.09375000000000003f,-0.12325392542366302f,0.9923657263302041f,-0.0043284030293410086f,1.2812444379992158f,0.0005334976617640016f,-0.004295399053557278f,-0.999990632419732f,-0.25256998929867125f,0f,0f,0f,1f],start_interpolation:0}
execute if entity @s[tag=aj.melissa.bone.torso] run data modify entity @s {} merge value {transformation:[-1f,5.300764915302173e-19f,1.2246353271701623e-16f,-0.24999999999999997f,0f,0.999990632419732f,-0.0043284030293410086f,0.7187497072631166f,-1.2246467991473532e-16f,-0.0043284030293410086f,-0.999990632419732f,-0.25013526259466695f,0f,0f,0f,1f],start_interpolation:0}