execute if entity @s[tag=aj.melissa.bone.head] run data modify entity @s {} merge value {transformation:[-0.9999256413503754f,9.167121215213088e-20f,-0.012194743541393157f,-0.24999999999999997f,0.000009128402761532724f,0.9999997198347225f,-0.00074849659239224f,1.3749998073863718f,0.012194740124849448f,-0.0007485522537270007f,-0.9999253612059306f,-0.2505146296744374f,0f,0f,0f,1f],start_interpolation:0}
execute if entity @s[tag=aj.melissa.bone.broom] run data modify entity @s {} merge value {transformation:[-0.9862790942115803f,0.031287353839000026f,0.16209457057822124f,-0.7719240940015661f,0.03300415846312882f,0.9994239218753533f,0.007908849943472851f,0.6879493426430595f,-0.16175374445534613f,0.013150128251880111f,-0.986743533184603f,-0.02285843708370791f,0f,0f,0f,1f],start_interpolation:0}
execute if entity @s[tag=aj.melissa.bone.rightarm] run data modify entity @s {} merge value {transformation:[-0.9238795325112867f,0.3649716762170987f,-0.11507512748638361f,-0.59375f,0.38268332515047965f,0.8808942297423251f,-0.2785297626079627f,1.2812498336518665f,-0.00028645854576098525f,-0.3013652792973289f,-0.9535087238067329f,-0.2504444529006505f,0f,0f,0f,1f],start_interpolation:0}
execute if entity @s[tag=aj.melissa.bone.leftarm] run data modify entity @s {} merge value {transformation:[-0.9930927487704805f,-0.11733197492368125f,1.2246464560438428e-16f,0.09375000000000003f,-0.11733194205133593f,0.9930924705403749f,-0.0007485522537270007f,1.2812498336518665f,0.0000878291142632399f,-0.0007433818152520997f,-0.9999997198347225f,-0.2504444529006504f,0f,0f,0f,1f],start_interpolation:0}
execute if entity @s[tag=aj.melissa.bone.torso] run data modify entity @s {} merge value {transformation:[-1f,9.167121215213088e-20f,1.2246464560438428e-16f,-0.24999999999999997f,0f,0.9999997198347225f,-0.0007485522537270007f,0.7187499912448351f,-1.2246467991473532e-16f,-0.0007485522537270007f,-0.9999997198347225f,-0.250023392257929f,0f,0f,0f,1f],start_interpolation:0}