execute if entity @s[tag=aj.melissa.bone.head] run data modify entity @s {} merge value {transformation:[-0.9781207694160688f,7.352652699829661e-19f,0.20803788221599795f,-0.24999999999999997f,-0.0012490379245732647f,0.9999819764506477f,-0.005872535918939014f,1.3749876088098203f,-0.20803413263496068f,-0.0060038965560918174f,-0.9781031402081087f,-0.2541276788823132f,0f,0f,0f,1f],start_interpolation:0}
execute if entity @s[tag=aj.melissa.bone.broom] run data modify entity @s {} merge value {transformation:[-0.9862790942115803f,0.031287353839000026f,0.16209457057822124f,-0.7719240940015661f,0.03215362916334821f,0.9994792289582903f,0.0027230520684232706f,0.689143046238799f,-0.16192495932625897f,0.007897618039299836f,-0.986771470593113f,-0.022863935246020678f,0f,0f,0f,1f],start_interpolation:0}
execute if entity @s[tag=aj.melissa.bone.rightarm] run data modify entity @s {} merge value {transformation:[-0.9238795325112867f,0.3649716762170987f,-0.11507512748638361f,-0.59375f,0.3826765350513601f,0.8792982831892552f,-0.2835369441563365f,1.2812392985175722f,-0.002297591741650271f,-0.3059905304739178f,-0.9520317832575124f,-0.2535648135801796f,0f,0f,0f,1f],start_interpolation:0}
execute if entity @s[tag=aj.melissa.bone.leftarm] run data modify entity @s {} merge value {transformation:[-0.9920269604457442f,-0.12602582968890863f,1.2246247266653297e-16f,0.09375000000000003f,-0.12602355825614756f,0.9920090805988638f,-0.0060038965560918174f,1.2812392985175722f,0.0007566460448477309f,-0.005956027251370453f,-0.9999819764506477f,-0.2535648135801795f,0f,0f,0f,1f],start_interpolation:0}
execute if entity @s[tag=aj.melissa.bone.torso] run data modify entity @s {} merge value {transformation:[-1f,7.352652699829661e-19f,1.2246247266653297e-16f,-0.24999999999999997f,0f,0.9999819764506477f,-0.0060038965560918174f,0.7187494367640828f,-1.2246467991473532e-16f,-0.0060038965560918174f,-0.9999819764506477f,-0.2501876217673779f,0f,0f,0f,1f],start_interpolation:0}