execute if entity @s[tag=aj.melissa.bone.head] run data modify entity @s {} merge value {transformation:[-0.9998764034391984f,-2.1564099842911348e-19f,-0.01572189064627251f,-0.24999999999999997f,-0.00002768377134138609f,0.9999984497158549f,0.0017606247457916757f,1.3749989341796502f,0.01572186627287471f,0.0017608423798539394f,-0.9998748533466632f,-0.24878942086385047f,0f,0f,0f,1f],start_interpolation:0}
execute if entity @s[tag=aj.melissa.bone.broom] run data modify entity @s {} merge value {transformation:[-0.9862790942115803f,0.031287353839000026f,0.16209457057822124f,-0.7719240940015661f,0.03340995825928576f,0.9993877763181147f,0.010384952337231523f,0.6873793537848902f,-0.16167041476503213f,0.01565803422167039f,-0.9867205799789602f,-0.022858024668804294f,0f,0f,0f,1f],start_interpolation:0}
execute if entity @s[tag=aj.melissa.bone.rightarm] run data modify entity @s {} merge value {transformation:[-0.9238795325112867f,0.3649716762170987f,-0.11507512748638361f,-0.59375f,0.3826828390970319f,0.8816477001352966f,-0.2761361575505411f,1.2812490795187887f,0.0006738452057763053f,-0.2991538206431992f,-0.954204662285411f,-0.24895449983696183f,0f,0f,0f,1f],start_interpolation:0}
execute if entity @s[tag=aj.melissa.bone.leftarm] run data modify entity @s {} merge value {transformation:[-0.9935747824093457f,-0.11317752321119821f,1.2246449005968371e-16f,0.09375000000000003f,-0.1131773477538784f,0.9935732420861136f,0.0017608423798539394f,1.2812490795187887f,-0.0001992877793173024f,0.0017495285844205185f,-0.9999984497158549f,-0.24895449983696175f,0f,0f,0f,1f],start_interpolation:0}
execute if entity @s[tag=aj.melissa.bone.torso] run data modify entity @s {} merge value {transformation:[-1f,-2.1564099842911348e-19f,1.2246449005968371e-16f,-0.24999999999999997f,0f,0.9999984497158549f,0.0017608423798539394f,0.7187499515536204f,-1.2246467991473532e-16f,0.0017608423798539394f,-0.9999984497158549f,-0.24994497367562962f,0f,0f,0f,1f],start_interpolation:0}