execute if entity @s[tag=aj.melissa.bone.head] run data modify entity @s {} merge value {transformation:[-1f,-1.981531831573237e-18f,1.2244864784153003e-16f,-0.24999999999999997f,0f,0.9998690881875782f,0.016180435313699074f,1.37490999812896f,-1.2246467991473532e-16f,0.016180435313699074f,-0.9998690881875782f,-0.23887595072183193f,0f,0f,0f,1f],start_interpolation:0}
execute if entity @s[tag=aj.melissa.bone.broom] run data modify entity @s {} merge value {transformation:[-0.9862790942115803f,0.031287353839000026f,0.16209457057822124f,-0.7719240940015661f,0.03573773938506532f,0.9990580835777834f,0.02461218441203203f,0.6841040248441395f,-0.16117184091779152f,0.030067376467525886f,-0.9864682410334f,-0.022883380472481646f,0f,0f,0f,1f],start_interpolation:0}
execute if entity @s[tag=aj.melissa.bone.rightarm] run data modify entity @s {} merge value {transformation:[-0.9238795325112867f,0.3649716762170987f,-0.11507512748638361f,-0.59375f,0.382633334583375f,0.8858697723827467f,-0.2623480086529104f,1.2811722711113744f,0.006191984523007555f,-0.2864095353472399f,-0.9580872806742844f,-0.24039286653249126f,0f,0f,0f,1f],start_interpolation:0}
execute if entity @s[tag=aj.melissa.bone.leftarm] run data modify entity @s {} merge value {transformation:[-0.9960076669271948f,-0.08926772889598061f,1.2244864784153003e-16f,0.09375000000000003f,-0.08925604269580006f,0.9958772777583313f,0.016180435313699074f,1.2811722711113744f,-0.001444390713002362f,0.016115837626663798f,-0.9998690881875782f,-0.2403928665324912f,0f,0f,0f,1f],start_interpolation:0}
execute if entity @s[tag=aj.melissa.bone.torso] run data modify entity @s {} merge value {transformation:[-1f,-1.981531831573237e-18f,1.2244864784153003e-16f,-0.24999999999999997f,0f,0.9998690881875782f,0.016180435313699074f,0.7187459090058618f,-1.2246467991473532e-16f,0.016180435313699074f,-0.9998690881875782f,-0.24949436139644696f,0f,0f,0f,1f],start_interpolation:0}