execute if entity @s[tag=aj.melissa.bone.head] run data modify entity @s {} merge value {transformation:[-1f,1.0278455572939554e-18f,1.2246036648699418e-16f,-0.24999999999999997f,0f,0.9999647781895634f,-0.008392995907143035f,1.3749757850053248f,-1.2246467991473532e-16f,-0.008392995907143035f,-0.9999647781895634f,-0.2557701846861609f,0f,0f,0f,1f],start_interpolation:0}
execute if entity @s[tag=aj.melissa.bone.broom] run data modify entity @s {} merge value {transformation:[-0.9862790942115803f,0.031287353839000026f,0.16209457057822124f,-0.7719240940015661f,0.03176667283285367f,0.9994952450683918f,0.0003654898164593967f,0.6896857058471768f,-0.16200131733512285f,0.005509680156661367f,-0.9867751601080442f,-0.022868509002348242f,0f,0f,0f,1f],start_interpolation:0}
execute if entity @s[tag=aj.melissa.bone.rightarm] run data modify entity @s {} merge value {transformation:[-0.9238795325112867f,0.3649716762170987f,-0.11507512748638361f,-0.59375f,0.3826699535617777f,0.8785647134343805f,-0.2858106907534984f,1.2812290870500533f,-0.003211860481571759f,-0.3080904410514002f,-0.9513516511180294f,-0.2549833413198663f,0f,0f,0f,1f],start_interpolation:0}
execute if entity @s[tag=aj.melissa.bone.leftarm] run data modify entity @s {} merge value {transformation:[-0.991517270248708f,-0.1299750083614177f,1.2246036648699418e-16f,0.09375000000000003f,-0.1299704304063117f,0.9914823472153707f,-0.008392995907143035f,1.2812290870500533f,0.0010908797132081391f,-0.008321800391059056f,-0.9999647781895634f,-0.25498334131986616f,0f,0f,0f,1f],start_interpolation:0}
execute if entity @s[tag=aj.melissa.bone.torso] run data modify entity @s {} merge value {transformation:[-1f,1.0278455572939554e-18f,1.2246036648699418e-16f,-0.24999999999999997f,0f,0.9999647781895634f,-0.008392995907143035f,0.7187488993184239f,-1.2246467991473532e-16f,-0.008392995907143035f,-0.9999647781895634f,-0.25026228112209825f,0f,0f,0f,1f],start_interpolation:0}