execute if entity @s[tag=aj.melissa.bone.head] run data modify entity @s {} merge value {transformation:[-1f,-2.1031099036928537e-18f,1.2244662002420306e-16f,-0.24999999999999997f,0f,0.9998525298025126f,0.017173195611641826f,1.3748986142392274f,-1.2246467991473532e-16f,0.017173195611641826f,-0.9998525298025126f,-0.2381934280169963f,0f,0f,0f,1f],start_interpolation:0}
execute if entity @s[tag=aj.melissa.bone.broom] run data modify entity @s {} merge value {transformation:[-0.9862790942115803f,0.031287353839000026f,0.16209457057822124f,-0.7719240940015661f,0.03589774900881702f,0.9990277372728316f,0.02559163487600144f,0.6838785228227103f,-0.1611362775332877f,0.031059324675205224f,-0.9864433173849553f,-0.022886864281431052f,0f,0f,0f,1f],start_interpolation:0}
execute if entity @s[tag=aj.melissa.bone.rightarm] run data modify entity @s {} merge value {transformation:[-0.9238795325112867f,0.3649716762170987f,-0.11507512748638361f,-0.59375f,0.3826269979637436f,0.8861537112447166f,-0.2613965961455288f,1.281162439570242f,0.006571897441340077f,-0.28552981561738283f,-0.9583472932906546f,-0.23980341510558775f,0f,0f,0f,1f],start_interpolation:0}
execute if entity @s[tag=aj.melissa.bone.leftarm] run data modify entity @s {} merge value {transformation:[-0.9961540260723298f,-0.08761938335715516f,1.2244662002420306e-16f,0.09375000000000003f,-0.08760646210938776f,0.9960071230413771f,0.017173195611641826f,1.281162439570242f,-0.001504704809763982f,0.017107147949064663f,-0.9998525298025126f,-0.23980341510558767f,0f,0f,0f,1f],start_interpolation:0}
execute if entity @s[tag=aj.melissa.bone.torso] run data modify entity @s {} merge value {transformation:[-1f,-2.1031099036928537e-18f,1.2244662002420306e-16f,-0.24999999999999997f,0f,0.9998525298025126f,0.017173195611641826f,0.7187453915563286f,-1.2246467991473532e-16f,0.017173195611641826f,-0.9998525298025126f,-0.24946333763713624f,0f,0f,0f,1f],start_interpolation:0}