execute if entity @s[tag=aj.melissa.bone.head] run data modify entity @s {} merge value {transformation:[-0.9265345453029185f,-1.1603597987557118e-18f,0.3762096973235993f,-0.24999999999999997f,0.0035646082526022524f,0.999955110641747f,0.008778967448218091f,1.374969138566201f,-0.3761928095117179f,0.00947505680465257f,-0.9264929537617806f,-0.2434858984468014f,0f,0f,0f,1f],start_interpolation:0}
execute if entity @s[tag=aj.melissa.bone.broom] run data modify entity @s {} merge value {transformation:[-0.9862790942115803f,0.031287353839000026f,0.16209457057822124f,-0.7719240940015661f,0.034656134779355904f,0.999237248602783f,0.01799648095866227f,0.6856271208546935f,-0.1614078704504209f,0.023367124223866054f,-0.9866111072059582f,-0.022865714088396993f,0f,0f,0f,1f],start_interpolation:0}
execute if entity @s[tag=aj.melissa.bone.rightarm] run data modify entity @s {} merge value {transformation:[-0.9238795325112867f,0.3649716762170987f,-0.11507512748638361f,-0.59375f,0.38266625395139675f,0.8839292222450847f,-0.26876694020657516f,1.2812233469435372f,0.003625947259858531f,-0.2923436430307335f,-0.9563064607572135f,-0.24437418502223762f,0f,0f,0f,1f],start_interpolation:0}
execute if entity @s[tag=aj.melissa.bone.leftarm] run data modify entity @s {} merge value {transformation:[-0.9949477726794559f,-0.10039387252312604f,1.224591825538453e-16f,0.09375000000000003f,-0.10038936590661594f,0.994903110112445f,0.00947505680465257f,1.2812233469435372f,-0.0009512376449957898f,0.009427186663800383f,-0.999955110641747f,-0.24437418502223754f,0f,0f,0f,1f],start_interpolation:0}
execute if entity @s[tag=aj.melissa.bone.torso] run data modify entity @s {} merge value {transformation:[-1f,-1.1603597987557118e-18f,1.224591825538453e-16f,-0.24999999999999997f,0f,0.999955110641747f,0.00947505680465257f,0.7187485972075546f,-1.2246467991473532e-16f,0.00947505680465257f,-0.999955110641747f,-0.24970390447485466f,0f,0f,0f,1f],start_interpolation:0}