execute if entity @s[tag=aj.melissa.bone.head] run data modify entity @s {} merge value {transformation:[-0.9892051490767302f,-1.4249091020909514e-18f,0.14653727525815438f,-0.24999999999999997f,0.0017050001474411029f,0.9999323080037622f,0.01150966484161831f,1.3749534617525865f,-0.1465273558574689f,0.011635265801397012f,-0.9891381878055004f,-0.24200075476153962f,0f,0f,0f,1f],start_interpolation:0}
execute if entity @s[tag=aj.melissa.bone.broom] run data modify entity @s {} merge value {transformation:[-0.9862790942115803f,0.031287353839000026f,0.16209457057822124f,-0.7719240940015661f,0.035004747864162106f,0.9991844362165656f,0.020127842645208838f,0.6851364406486933f,-0.16133262518210995f,0.025525749985790047f,-0.9865699266344539f,-0.02287029014226344f,0f,0f,0f,1f],start_interpolation:0}
execute if entity @s[tag=aj.melissa.bone.rightarm] run data modify entity @s {} merge value {transformation:[-0.9238795325112867f,0.3649716762170987f,-0.11507512748638361f,-0.59375f,0.38265752775962575f,0.8845587177679571f,-0.26670037733306384f,1.2812098078772336f,0.004452623453358642f,-0.2904333837216182f,-0.9568848539737651f,-0.2430915609304206f,0f,0f,0f,1f],start_interpolation:0}
execute if entity @s[tag=aj.melissa.bone.leftarm] run data modify entity @s {} merge value {transformation:[-0.9953027957931658f,-0.09681087070317909f,1.2245639003608327e-16f,0.09375000000000003f,-0.09680431738208367f,0.9952354217600575f,0.011635265801397012f,1.2812098078772336f,-0.0011264202130962895f,0.011580612581927044f,-0.9999323080037622f,-0.24309156093042053f,0f,0f,0f,1f],start_interpolation:0}
execute if entity @s[tag=aj.melissa.bone.torso] run data modify entity @s {} merge value {transformation:[-1f,-1.4249091020909514e-18f,1.2245639003608327e-16f,-0.24999999999999997f,0f,0.9999323080037622f,0.011635265801397012f,0.7187478846251175f,-1.2246467991473532e-16f,0.011635265801397012f,-0.9999323080037622f,-0.2496363979437064f,0f,0f,0f,1f],start_interpolation:0}