execute if entity @s[tag=aj.melissa.bone.head] run data modify entity @s {} merge value {transformation:[-0.9275710096105043f,-1.0088469974594902e-18f,0.3736469217458506f,-0.24999999999999997f,0.003078051364489185f,0.9999660682482708f,0.007641200945673068f,1.3749766719206862f,-0.3736342432512676f,0.008237860893131707f,-0.9275395355012951f,-0.244336470635972f,0f,0f,0f,1f],start_interpolation:0}
execute if entity @s[tag=aj.melissa.bone.broom] run data modify entity @s {} merge value {transformation:[-0.9862790942115803f,0.031287353839000026f,0.16209457057822124f,-0.7719240940015661f,0.03445640730269184f,0.9992653946385689f,0.016775788315791157f,0.6859081428657031f,-0.16145062501265126f,0.02213080585018179f,-0.9866326181084051f,-0.022863570725146082f,0f,0f,0f,1f],start_interpolation:0}
execute if entity @s[tag=aj.melissa.bone.rightarm] run data modify entity @s {} merge value {transformation:[-0.9238795325112867f,0.3649716762170987f,-0.11507512748638361f,-0.59375f,0.3826704472458718f,0.8835668452209225f,-0.26994991911647404f,1.2812298530224107f,0.0031524928819296714f,-0.2934370555768779f,-0.955973198475251f,-0.24510877009470317f,0f,0f,0f,1f],start_interpolation:0}
execute if entity @s[tag=aj.melissa.bone.leftarm] run data modify entity @s {} merge value {transformation:[-0.9947386378799533f,-0.10244531374706749f,1.2246052447362085e-16f,0.09375000000000003f,-0.1024418375981156f,0.9947048846554574f,0.008237860893131707f,1.2812298530224107f,-0.0008439302438016972f,0.008194518523878359f,-0.9999660682482708f,-0.24510877009470308f,0f,0f,0f,1f],start_interpolation:0}
execute if entity @s[tag=aj.melissa.bone.torso] run data modify entity @s {} merge value {transformation:[-1f,-1.0088469974594902e-18f,1.2246052447362085e-16f,-0.24999999999999997f,0f,0.9999660682482708f,0.008237860893131707f,0.7187489396327584f,-1.2246467991473532e-16f,0.008237860893131707f,-0.9999660682482708f,-0.2497425668470897f,0f,0f,0f,1f],start_interpolation:0}