execute if entity @s[tag=aj.melissa.bone.head] run data modify entity @s {} merge value {transformation:[-0.9999452299668359f,2.374900602462261e-19f,-0.010465995727679546f,-0.24999999999999997f,0.000020296218939484754f,0.9999981196461462f,-0.0019391472959639547f,1.3749987072567253f,0.010465976047904144f,-0.0019392535089429533f,-0.9999433497159691f,-0.25133323678739833f,0f,0f,0f,1f],start_interpolation:0}
execute if entity @s[tag=aj.melissa.bone.broom] run data modify entity @s {} merge value {transformation:[-0.9862790942115803f,0.031287353839000026f,0.16209457057822124f,-0.7719240940015661f,0.032811534540590645f,0.9994388712832878f,0.0067339267206856235f,0.6882198002649058f,-0.16179292791181069f,0.011960102747934465f,-0.9867522507802973f,-0.02285913313442392f,0f,0f,0f,1f],start_interpolation:0}
execute if entity @s[tag=aj.melissa.bone.rightarm] run data modify entity @s {} merge value {transformation:[-0.9238795325112867f,0.3649716762170987f,-0.11507512748638361f,-0.59375f,0.3826827127848228f,0.8805347690119334f,-0.27966491002045624f,1.2812488835398992f,-0.0007421201890284466f,-0.30241394829005885f,-0.9531764018990623f,-0.251151431770935f,0f,0f,0f,1f],start_interpolation:0}
execute if entity @s[tag=aj.melissa.bone.leftarm] run data modify entity @s {} merge value {transformation:[-0.9928579476234318f,-0.11930253912212732f,1.2246444963780249e-16f,0.09375000000000003f,-0.1193023147911381f,0.9928560806991636f,-0.0019392535089429533f,1.2812488835398992f,0.00023135786761826777f,-0.0019254032588106537f,-0.9999981196461462f,-0.2511514317709349f,0f,0f,0f,1f],start_interpolation:0}
execute if entity @s[tag=aj.melissa.bone.torso] run data modify entity @s {} merge value {transformation:[-1f,2.374900602462261e-19f,1.2246444963780249e-16f,-0.24999999999999997f,0f,0.9999981196461462f,-0.0019392535089429533f,0.7187499412389421f,-1.2246467991473532e-16f,-0.0019392535089429533f,-0.9999981196461462f,-0.25006060167215455f,0f,0f,0f,1f],start_interpolation:0}