execute if entity @s[tag=aj.melissa.bone.head] run data modify entity @s {} merge value {transformation:[-0.9999884409113253f,6.456735146158952e-19f,0.0048081226832198025f,-0.24999999999999997f,-0.000025349982327478567f,0.9999861012013563f,-0.005272263412340789f,1.3749904445759324f,-0.004808055856090774f,-0.005272324355605537f,-0.9999745422733392f,-0.25362472299447886f,0f,0f,0f,1f],start_interpolation:0}
execute if entity @s[tag=aj.melissa.bone.broom] run data modify entity @s {} merge value {transformation:[-0.9862790942115803f,0.031287353839000026f,0.16209457057822124f,-0.7719240940015661f,0.03227208223254252f,0.999473183720949f,0.0034449573417082435f,0.6889768767383858f,-0.16190139292038452f,0.008628818717726638f,-0.9867692143849928f,-0.02286279400334615f,0f,0f,0f,1f],start_interpolation:0}
execute if entity @s[tag=aj.melissa.bone.rightarm] run data modify entity @s {} merge value {transformation:[-0.9238795325112867f,0.3649716762170987f,-0.11507512748638361f,-0.59375f,0.38267811352511893f,0.8795219055912707f,-0.282840377269505f,1.2812417475883051f,-0.0020176311809452997f,-0.30534716822721814f,-0.9522389595159592f,-0.25313044258614087f,0f,0f,0f,1f],start_interpolation:0}
execute if entity @s[tag=aj.melissa.bone.leftarm] run data modify entity @s {} merge value {transformation:[-0.9921798870822051f,-0.12481615147705405f,1.2246297780280823e-16f,0.09375000000000003f,-0.1248144166824972f,0.9921660969737363f,-0.005272324355605537f,1.2812417475883051f,0.0006580712354053006f,-0.005231094183805477f,-0.9999861012013563f,-0.2531304425861408f,0f,0f,0f,1f],start_interpolation:0}
execute if entity @s[tag=aj.melissa.bone.torso] run data modify entity @s {} merge value {transformation:[-1f,6.456735146158952e-19f,1.2246297780280823e-16f,-0.24999999999999997f,0f,0.9999861012013563f,-0.005272324355605537f,0.7187495656625423f,-1.2246467991473532e-16f,-0.005272324355605537f,-0.9999861012013563f,-0.2501647601361127f,0f,0f,0f,1f],start_interpolation:0}