execute if entity @s[tag=aj.melissa.bone.head] run data modify entity @s {} merge value {transformation:[-0.9239758992249427f,-1.6951509761321009e-18f,0.3824506996352061f,-0.24999999999999997f,0.0052938665847198085f,0.9999041955078218f,0.012789635743009344f,1.3749341344116275f,-0.38241405914014437f,0.013841958165508055f,-0.9238873781831326f,-0.24048365376121328f,0f,0f,0f,1f],start_interpolation:0}
execute if entity @s[tag=aj.melissa.bone.broom] run data modify entity @s {} merge value {transformation:[-0.9862790942115803f,0.031287353839000026f,0.16209457057822124f,-0.7719240940015661f,0.035360702766933094f,0.9991256710477847f,0.02230502528899081f,0.6846352006421793f,-0.1612549813835633f,0.027730758068742478f,-0.9865231046640113f,-0.022876059303502394f,0f,0f,0f,1f],start_interpolation:0}
execute if entity @s[tag=aj.melissa.bone.rightarm] run data modify entity @s {} merge value {transformation:[-0.9238795325112867f,0.3649716762170987f,-0.11507512748638361f,-0.59375f,0.38264676957318694f,0.8851975124892156f,-0.26458800732102267f,1.2811931160827692f,0.005297088061430489f,-0.28848057030272667f,-0.9574710969088744f,-0.24178133733922968f,0f,0f,0f,1f],start_interpolation:0}
execute if entity @s[tag=aj.melissa.bone.leftarm] run data modify entity @s {} merge value {transformation:[-0.9956521444682933f,-0.09314938118790003f,1.2245294724826633e-16f,0.09375000000000003f,-0.09314045705873862f,0.9955567565202065f,0.013841958165508055f,1.2811931160827692f,-0.001289369837545997f,0.013781775331128485f,-0.9999041955078218f,-0.2417813373392296f,0f,0f,0f,1f],start_interpolation:0}
execute if entity @s[tag=aj.melissa.bone.torso] run data modify entity @s {} merge value {transformation:[-1f,-1.6951509761321009e-18f,1.2245294724826633e-16f,-0.24999999999999997f,0f,0.9999041955078218f,0.013841958165508055f,0.7187470061096194f,-1.2246467991473532e-16f,0.013841958165508055f,-0.9999041955078218f,-0.24956743880732793f,0f,0f,0f,1f],start_interpolation:0}