execute if entity @s[tag=aj.lysander.bone.rightarm] run data modify entity @s {} merge value {transformation:[-0.9969443827093499f,0.032141899635290905f,-0.07119547789086147f,-0.3119712994597713f,0.0442684499075157f,0.9834089913200496f,-0.1759177652588516f,1.410657415524393f,0.0643599419441863f,-0.1785319413402473f,-0.9818269418763286f,0.22096330686890756f,0f,0f,0f,1f],start_interpolation:0}
execute if entity @s[tag=aj.lysander.bone.leftarm] run data modify entity @s {} merge value {transformation:[-0.9956089548770553f,-0.09240384909532728f,-0.01497790509336304f,0.3119712994597713f,-0.0888595855129011f,0.8825875174055153f,0.4616743962821034f,1.4230866047228974f,-0.029441179172941097f,0.46097809361436815f,-0.8869230035220474f,0.18681439020388688f,0f,0f,0f,1f],start_interpolation:0}
execute if entity @s[tag=aj.lysander.bone.torso] run data modify entity @s {} merge value {transformation:[-0.9983081582712682f,-4.188538737676991e-17f,-0.05814482891047562f,-1.1879999018953237e-17f,-0.019886702717607396f,0.9396926207859084f,0.34144149937512347f,1.1232180661280489f,0.054638266664033076f,0.34202014332566866f,-0.9381028095978815f,0.09700755374712575f,0f,0f,0f,1f],start_interpolation:0}
execute if entity @s[tag=aj.lysander.bone.head] run data modify entity @s {} merge value {transformation:[-1f,-6.162975822039155e-33f,1.2246467991473532e-16f,-2.7587019285241954e-17f,0f,1f,0f,1.4756027989227647f,-1.2246467991473532e-16f,0f,-1f,0.2252651074942515f,0f,0f,0f,1f],start_interpolation:0}
execute if entity @s[tag=aj.lysander.bone.leftleg] run data modify entity @s {} merge value {transformation:[-1f,-1.598484835071788e-17f,1.2141697760125282e-16f,0.125f,0f,0.9914448613738104f,0.13052619222005196f,0.7708333333333333f,-1.2246467991473532e-16f,0.13052619222005196f,-0.9914448613738104f,0.010416666666666664f,0f,0f,0f,1f],start_interpolation:0}
execute if entity @s[tag=aj.lysander.bone.rightleg] run data modify entity @s {} merge value {transformation:[-1f,-7.45517735479898e-17f,9.715776287805223e-17f,-0.125f,0f,0.7933533402912354f,0.6087614290087203f,0.7708333333333333f,-1.2246467991473532e-16f,0.6087614290087203f,-0.7933533402912354f,-0.010416666666666664f,0f,0f,0f,1f],start_interpolation:0}