execute if entity @s[tag=aj.lysander.bone.rightarm] run data modify entity @s {} merge value {transformation:[-0.9966754693982314f,0.0729161312357719f,-0.03634895466754032f,-0.3125f,0.06664664578375663f,0.9862771918001223f,0.15104809015886098f,1.4272886767903121f,0.046863987299307824f,0.1481233902544518f,-0.9878578986645488f,0.2038888485363972f,0f,0f,0f,1f],start_interpolation:0}
execute if entity @s[tag=aj.lysander.bone.leftarm] run data modify entity @s {} merge value {transformation:[-0.9966754693982314f,-0.07291613123577191f,0.03634895466754055f,0.3125f,-0.06664664578375662f,0.9862771918001222f,0.15104809015886111f,1.4272886767903121f,-0.046863987299308074f,0.14812339025445193f,-0.9878578986645487f,0.20388884853639724f,0f,0f,0f,1f],start_interpolation:0}
execute if entity @s[tag=aj.lysander.bone.torso] run data modify entity @s {} merge value {transformation:[-1f,-4.188538737676991e-17f,1.1507915602278503e-16f,-1.1879999018953237e-17f,0f,0.9396926207859084f,0.34202014332566866f,1.1336347327947156f,-1.2246467991473532e-16f,0.34202014332566866f,-0.9396926207859084f,0.09700755374712575f,0f,0f,0f,1f],start_interpolation:0}
execute if entity @s[tag=aj.lysander.bone.head] run data modify entity @s {} merge value {transformation:[-1f,-6.162975822039155e-33f,1.2246467991473532e-16f,-2.7587019285241954e-17f,0f,1f,0f,1.4860194655894312f,-1.2246467991473532e-16f,0f,-1f,0.2252651074942515f,0f,0f,0f,1f],start_interpolation:0}
execute if entity @s[tag=aj.lysander.bone.leftleg] run data modify entity @s {} merge value {transformation:[-1f,-4.6865204053262974e-17f,1.1314261122877003e-16f,0.125f,0f,0.9238795325112867f,0.3826834323650897f,0.78125f,-1.2246467991473532e-16f,0.3826834323650897f,-0.9238795325112867f,1.3877787807814457e-17f,0f,0f,0f,1f],start_interpolation:0}
execute if entity @s[tag=aj.lysander.bone.rightleg] run data modify entity @s {} merge value {transformation:[-1f,-4.6865204053262974e-17f,1.1314261122877003e-16f,-0.125f,0f,0.9238795325112867f,0.3826834323650897f,0.78125f,-1.2246467991473532e-16f,0.3826834323650897f,-0.9238795325112867f,-1.3877787807814457e-17f,0f,0f,0f,1f],start_interpolation:0}