execute if entity @s[tag=aj.thaddeus.bone.rightarm] run data modify entity @s {} merge value {transformation:[-0.7250003459290663f,0.462074278712188f,-0.5107463747843398f,-0.28535567150160357f,0.6825143959208164f,0.5815404716407667f,-0.44270168195374826f,1.4096430858485598f,0.09245862730744606f,-0.6695506260145274f,-0.7369893903171041f,-0.0809493957120627f,0f,0f,0f,1f],start_interpolation:0}
execute if entity @s[tag=aj.thaddeus.bone.leftarm] run data modify entity @s {} merge value {transformation:[-0.5498279326261019f,-0.7457502051683972f,-0.3762258311113158f,0.28535567150160357f,-0.5736935950473515f,0.6645351744580209f,-0.4788200715401279f,1.3802930220402927f,0.6070954649029692f,-0.04743030043486232f,-0.7932121173399372f,-0.3340346317925704f,0f,0f,0f,1f],start_interpolation:0}
execute if entity @s[tag=aj.thaddeus.bone.torso] run data modify entity @s {} merge value {transformation:[-0.9131381488051313f,1.4107568829771285e-17f,-0.40765024370989617f,2.1473203046771952e-17f,0.04696010209322751f,0.9933426607172222f,-0.10519081333758748f,1.1177389645861626f,0.40493637772881236f,-0.11519704162533656f,-0.9070590783364879f,-0.1753420093182984f,0f,0f,0f,1f],start_interpolation:0}
execute if entity @s[tag=aj.thaddeus.bone.head] run data modify entity @s {} merge value {transformation:[-1f,2.1367816184687548e-18f,1.2244603705687479e-16f,2.6763541357936186e-17f,0f,0.9998477695130259f,-0.017448146028360714f,1.490242462355121f,-1.2246467991473532e-16f,-0.017448146028360714f,-0.9998477695130259f,-0.21854089992779963f,0f,0f,0f,1f],start_interpolation:0}
execute if entity @s[tag=aj.thaddeus.bone.leftleg] run data modify entity @s {} merge value {transformation:[-0.6145662122911314f,-0.16311962076102912f,-0.7718162734957783f,0.07947789781400376f,-0.25981089802691215f,0.9656554826494643f,0.002790357589913396f,0.7446089695378352f,0.7448534540274224f,0.2022411386236939f,-0.635839487505778f,-0.22862042827029835f,0f,0f,0f,1f],start_interpolation:0}
execute if entity @s[tag=aj.thaddeus.bone.rightleg] run data modify entity @s {} merge value {transformation:[-0.611739520831397f,0.17341971808321757f,-0.7718162734957783f,-0.07947789781400373f,0.2694774496923068f,0.963002657323359f,0.002790357589913396f,0.7458619640965735f,0.7437450253684411f,-0.20628010899766044f,-0.635839487505778f,-0.03566580914729603f,0f,0f,0f,1f],start_interpolation:0}