execute if entity @s[tag=aj.thaddeus.bone.rightarm] run data modify entity @s {} merge value {transformation:[-0.9238795325112867f,0.3535533905932738f,-0.1464466094067261f,-0.3125f,0.3736123070089882f,0.9161486214615021f,-0.14520863419786953f,1.4223926617412839f,0.082827854361608f,-0.18886954067342124f,-0.9785028580171153f,0.14478840419108888f,0f,0f,0f,1f],start_interpolation:0}
execute if entity @s[tag=aj.thaddeus.bone.leftarm] run data modify entity @s {} merge value {transformation:[-0.9238795309330872f,-0.3826834361751989f,-3.4648385137525024e-8f,0.3125f,-0.37686960906199685f,0.9098437265530327f,-0.1736481817283097f,1.4223926617412839f,0.06645231439398086f,-0.16042998762461094f,-0.9848077522960766f,0.14478840419108893f,0f,0f,0f,1f],start_interpolation:0}
execute if entity @s[tag=aj.thaddeus.bone.torso] run data modify entity @s {} merge value {transformation:[-1f,-2.6506208041798646e-17f,1.195617780139768e-16f,-9.448275561564943e-18f,0f,0.9762960071199334f,0.21643961393810285f,1.1173001595163046f,-1.2246467991473532e-16f,0.21643961393810285f,-0.9762960071199334f,0.07715102483543175f,0f,0f,0f,1f],start_interpolation:0}
execute if entity @s[tag=aj.thaddeus.bone.head] run data modify entity @s {} merge value {transformation:[-1f,-2.6506208041798646e-17f,1.195617780139768e-16f,-1.9388103577239436e-17f,0f,0.9762960071199334f,0.21643961393810285f,1.4834111621862796f,-1.2246467991473532e-16f,0.21643961393810285f,-0.9762960071199334f,0.1583158800622203f,0f,0f,0f,1f],start_interpolation:0}
execute if entity @s[tag=aj.thaddeus.bone.leftleg] run data modify entity @s {} merge value {transformation:[-0.984807753012208f,-0.17364817766693033f,1.2199866483456202e-16f,0.125f,-0.17298739392508944f,0.9810602621904069f,-0.08715574274765818f,0.7511891568463296f,0.0151344359013385f,-0.08583165117743133f,-0.9961946980917455f,-0.004013830391356802f,0f,0f,0f,1f],start_interpolation:0}
execute if entity @s[tag=aj.thaddeus.bone.rightleg] run data modify entity @s {} merge value {transformation:[-0.984807753012208f,0.17364817766693033f,1.2199866483456202e-16f,-0.125f,0.17298739392508944f,0.9810602621904069f,-0.08715574274765818f,0.7511891568463296f,-0.015134435901338743f,-0.08583165117743127f,-0.9961946980917455f,-0.004013830391356834f,0f,0f,0f,1f],start_interpolation:0}