execute if entity @s[tag=aj.thaddeus.bone.rightarm] run data modify entity @s {} merge value {transformation:[-0.8797506141096698f,0.39492997331452206f,-0.2647058237958691f,-0.30982651917931575f,0.4556516682290592f,0.8593120865743369f,-0.23230216337205067f,1.4207677531771599f,0.13572182659297735f,-0.3249816210881016f,-0.9359308370500543f,0.10219924757809783f,0f,0f,0f,1f],start_interpolation:0}
execute if entity @s[tag=aj.thaddeus.bone.leftarm] run data modify entity @s {} merge value {transformation:[-0.8480762253446483f,-0.5160177722898652f,-0.12038427923187461f,0.30982651917931575f,-0.4751381067787066f,0.841148102623519f,-0.25828985450381275f,1.431154462686878f,0.23454316338772213f,-0.16185032633225988f,-0.958537415218739f,0.02128430261440728f,0f,0f,0f,1f],start_interpolation:0}
execute if entity @s[tag=aj.thaddeus.bone.torso] run data modify entity @s {} merge value {transformation:[-0.9914448613738104f,-1.5592334796137027e-17f,-0.1305261922200515f,-2.8329555710719268e-18f,-0.016618735215549265f,0.9918615546804909f,0.1262318263617986f,1.1251882753784441f,0.12946391194190487f,0.12732107581543525f,-0.9833760415822113f,0.023132837754071954f,0f,0f,0f,1f],start_interpolation:0}
execute if entity @s[tag=aj.thaddeus.bone.head] run data modify entity @s {} merge value {transformation:[-1f,-1.8727538280709804e-17f,1.2102428325159843e-16f,-8.680081119623312e-18f,0f,0.9882382686653838f,0.15292195507920037f,1.4971363583836284f,-1.2246467991473532e-16f,0.15292195507920037f,-0.9882382686653838f,0.07087824118486016f,0f,0f,0f,1f],start_interpolation:0}
execute if entity @s[tag=aj.thaddeus.bone.leftleg] run data modify entity @s {} merge value {transformation:[-0.9500527937618068f,-0.21069718764356213f,-0.2302311538095555f,0.12162261281100553f,-0.20362415091318398f,0.9775398510586749f,-0.054341924488083435f,0.753861312725946f,0.2365098184648377f,-0.004747073970063416f,-0.9716175024455109f,-0.05346658207879988f,0f,0f,0f,1f],start_interpolation:0}
execute if entity @s[tag=aj.thaddeus.bone.rightleg] run data modify entity @s {} merge value {transformation:[-0.9569685465609987f,0.1766488514212596f,-0.2302311538095555f,-0.12162261281100553f,0.19388509219618855f,0.9795180071172797f,-0.054341924488083435f,0.7526190720205742f,0.21591612241100688f,-0.09664190097748929f,-0.9716175024455109f,0.004241450725367361f,0f,0f,0f,1f],start_interpolation:0}