execute if entity @s[tag=aj.thaddeus.bone.rightarm] run data modify entity @s {} merge value {transformation:[-0.7128268928640168f,0.47965619693241f,-0.5116715289657698f,-0.2887123539097771f,0.6874217321674414f,0.6224615462838333f,-0.3741563650960033f,1.4142033234849645f,0.13902943196944312f,-0.6184428479190913f,-0.7734334237049607f,-0.010237929497652343f,0f,0f,0f,1f],start_interpolation:0}
execute if entity @s[tag=aj.thaddeus.bone.leftarm] run data modify entity @s {} merge value {transformation:[-0.5430686925123399f,-0.7721890374954934f,-0.32984918612105246f,0.2887123539097771f,-0.6521739480776994f,0.6353222226681926f,-0.4135635559774261f,1.4127586459922223f,0.5289097623051437f,-0.009474373632632094f,-0.8486251820342037f,-0.24941071161644685f,0f,0f,0f,1f],start_interpolation:0}
execute if entity @s[tag=aj.thaddeus.bone.torso] run data modify entity @s {} merge value {transformation:[-0.9238795325112867f,7.397110060824689e-19f,-0.3826834323650896f,1.569085014170637e-17f,0.002311483988387191f,0.9999817578331645f,-0.005580415993972611f,1.1322361153480158f,0.3826764513900712f,-0.0060401987462628814f,-0.9238626789467187f,-0.12812551465966315f,0f,0f,0f,1f],start_interpolation:0}
execute if entity @s[tag=aj.thaddeus.bone.head] run data modify entity @s {} merge value {transformation:[-0.9995779782417266f,-0.0007118476975306794f,0.029040638543908943f,1.5968241768987297e-17f,-0.00017546391801663406f,0.9998294277103122f,0.018468478466912228f,1.5072292745354525f,-0.029048831759572083f,0.018455588782936367f,-0.9994076028408425f,-0.13039058918951174f,0f,0f,0f,1f],start_interpolation:0}
execute if entity @s[tag=aj.thaddeus.bone.leftleg] run data modify entity @s {} merge value {transformation:[-0.8495615919940774f,-0.24524545057509023f,-0.4670115313144953f,0.11053087457306196f,-0.2809919035052442f,0.9596831377554947f,0.007198977168156304f,0.758104788554004f,0.44641757534060905f,0.1373424336466669f,-0.8842219203045255f,-0.1842315203925585f,0f,0f,0f,1f],start_interpolation:0}
execute if entity @s[tag=aj.thaddeus.bone.rightleg] run data modify entity @s {} merge value {transformation:[-0.8510622678874326f,0.2399859283324548f,-0.4670115313144953f,-0.11053087457306193f,0.26773178286349214f,0.9634665885086354f,0.007198977168156304f,0.7563811237671543f,0.4516776600885147f,-0.11890705206143845f,-0.8842219203045255f,-0.06748935986707064f,0f,0f,0f,1f],start_interpolation:0}