execute if entity @s[tag=aj.thaddeus.bone.rightarm] run data modify entity @s {} merge value {transformation:[-0.750042282027685f,0.45160722038845535f,-0.4832054362936282f,-0.2882440401678828f,0.6238638612585362f,0.7256750834370721f,-0.29015436563006985f,1.3923680158772238f,0.21961433875385405f,-0.5190824518047312f,-0.8260284198755488f,0.03676910399007666f,0f,0f,0f,1f],start_interpolation:0}
execute if entity @s[tag=aj.thaddeus.bone.leftarm] run data modify entity @s {} merge value {transformation:[-0.5952670079626842f,-0.7159033463836023f,-0.364882978320329f,0.2883689994690762f,-0.6461441143057743f,0.696414617633675f,-0.3122570477893954f,1.4090254735804444f,0.4776557052722811f,0.049890670299187756f,-0.877129379417847f,-0.20378220368355077f,0f,0f,0f,1f],start_interpolation:0}
execute if entity @s[tag=aj.thaddeus.bone.torso] run data modify entity @s {} merge value {transformation:[-0.9225808634191344f,0.00009520708662352832f,-0.385803760205127f,0.000035702657483838916f,-0.026651932325152713f,0.9975952561195921f,0.06397952384178007f,1.1201230789451988f,0.3848820922778039f,0.06930870005487105f,-0.9203597552808161f,-0.10299962173716953f,0f,0f,0f,1f],start_interpolation:0}
execute if entity @s[tag=aj.thaddeus.bone.head] run data modify entity @s {} merge value {transformation:[-0.9998931134199105f,0.00006642032112672709f,-0.01462044198302483f,0.00007140531496766204f,-0.0009183448220463925f,0.9977297757958368f,0.06733833331154813f,1.4942212999900457f,0.014591722935482093f,0.06734456235458268f,-0.9976230708754905f,-0.07700885921659288f,0f,0f,0f,1f],start_interpolation:0}
execute if entity @s[tag=aj.thaddeus.bone.leftleg] run data modify entity @s {} merge value {transformation:[-0.9365378491320064f,-0.24343771805931583f,-0.2522596570386712f,0.12095674242018394f,-0.253419932461452f,0.9673284720116466f,0.007346091943756572f,0.7466910810948539f,0.24222963273395787f,0.07080751839802085f,-0.9676316966510997f,-0.16051850836547554f,0f,0f,0f,1f],start_interpolation:0}
execute if entity @s[tag=aj.thaddeus.bone.rightleg] run data modify entity @s {} merge value {transformation:[-0.9381785983846866f,0.23703582632943207f,-0.2522596570386712f,-0.12095674242018391f,0.24309409567500972f,0.9699748943045399f,0.007346091943756572f,0.7453586347058494f,0.24642682114756492f,-0.0544308869597053f,-0.9676316966510997f,-0.0974622601500168f,0f,0f,0f,1f],start_interpolation:0}