execute if entity @s[tag=aj.thaddeus.bone.rightarm] run data modify entity @s {} merge value {transformation:[-0.733718682873277f,0.4660840082416198f,-0.4943911322668815f,-0.2887123539097771f,0.6539820572882423f,0.6818021197382479f,-0.3278007600135634f,1.405471094349734f,0.18429422982758142f,-0.5638364716669697f,-0.8050615318535602f,0.01630048942933776f,0f,0f,0f,1f],start_interpolation:0}
execute if entity @s[tag=aj.thaddeus.bone.leftarm] run data modify entity @s {} merge value {transformation:[-0.5726002617819943f,-0.7423517302785012f,-0.3479121279284567f,0.2887123539097771f,-0.6512544514779512f,0.6696436773647421f,-0.35699437642010323f,1.414436334334147f,0.4979925497809625f,0.02216424864372296f,-0.8668980138659418f,-0.22270857163639726f,0f,0f,0f,1f],start_interpolation:0}
execute if entity @s[tag=aj.thaddeus.bone.torso] run data modify entity @s {} merge value {transformation:[-0.9238795325112867f,-4.590427082832278e-18f,-0.3826834323650896f,1.3929907476697536e-17f,-0.014344383975061149f,0.9992972398667707f,0.034630406336479916f,1.1289013656294111f,0.38241449770517605f,0.03748368171156216f,-0.9232302668079313f,-0.1137463265849066f,0f,0f,0f,1f],start_interpolation:0}
execute if entity @s[tag=aj.thaddeus.bone.head] run data modify entity @s {} merge value {transformation:[-0.9999738041314132f,-0.000014108506839760912f,0.007238152519817683f,1.2208497320635432e-17f,0.00027131312063471334f,0.9992222809222807f,0.039430441256283665f,1.50363783057945f,-0.007233079575165739f,0.03943137214737398f,-0.9991961015988976f,-0.09968994594307079f,0f,0f,0f,1f],start_interpolation:0}
execute if entity @s[tag=aj.thaddeus.bone.leftleg] run data modify entity @s {} merge value {transformation:[-0.9140202575968199f,-0.2523885544554594f,-0.317595633286301f,0.1185275144112836f,-0.2687170896424433f,0.9631865797894433f,0.00792074791982543f,0.7549459973586031f,0.3039047456634037f,0.0925830983138818f,-0.9481931635852813f,-0.16749676491124546f,0f,0f,0f,1f],start_interpolation:0}
execute if entity @s[tag=aj.thaddeus.bone.rightleg] run data modify entity @s {} merge value {transformation:[-0.915811769833111f,0.2458084944679869f,-0.317595633286301f,-0.11852751441128358f,0.25665849103539934f,0.9664696998519003f,0.00792074791982543f,0.7533838040001409f,0.3088935434977183f,-0.0742597018278368f,-0.9481931635852813f,-0.08810864954223938f,0f,0f,0f,1f],start_interpolation:0}