execute if entity @s[tag=aj.thaddeus.bone.rightarm] run data modify entity @s {} merge value {transformation:[-0.7280439811450514f,0.4619940628051822f,-0.5064715662810946f,-0.28603173671345966f,0.6784160061873289f,0.5917151902652892f,-0.43545936223503845f,1.4153219528242618f,0.09850727926045796f,-0.6606319849523438f,-0.7442188497952925f,-0.0728391962191024f,0f,0f,0f,1f],start_interpolation:0}
execute if entity @s[tag=aj.thaddeus.bone.leftarm] run data modify entity @s {} merge value {transformation:[-0.5562520246410287f,-0.7431995604745719f,-0.3718038439730808f,0.28603173671345966f,-0.5769436789716363f,0.6673873059350557f,-0.4708823368649769f,1.3887879788257025f,0.5980967115587824f,-0.04741937565121676f,-0.8000198287763993f,-0.3231676416554372f,0f,0f,0f,1f],start_interpolation:0}
execute if entity @s[tag=aj.thaddeus.bone.torso] run data modify entity @s {} merge value {transformation:[-0.915301557483071f,1.2908531548590892e-17f,-0.4027692377392598f,2.064033677417305e-17f,0.042454358397694736f,0.9944292541959806f,-0.0964784216924488f,1.1241001271698223f,0.40052551269813574f,-0.10540615920915575f,-0.9102026451723098f,-0.16854114009479024f,0f,0f,0f,1f],start_interpolation:0}
execute if entity @s[tag=aj.thaddeus.bone.head] run data modify entity @s {} merge value {transformation:[-1f,1.5409858123109536e-18f,1.2245498433851044e-16f,2.5481036104894634e-17f,0f,0.999920829612002f,-0.01258310407036417f,1.497011097493315f,-1.2246467991473532e-16f,-0.01258310407036417f,-0.999920829612002f,-0.20806844979822364f,0f,0f,0f,1f],start_interpolation:0}
execute if entity @s[tag=aj.thaddeus.bone.leftleg] run data modify entity @s {} merge value {transformation:[-0.647070916049492f,-0.17260106454295976f,-0.742635914914912f,0.08371042524973807f,-0.2610909587552306f,0.9653091003272728f,0.0031388025783269727f,0.7508767241083509f,0.7163314462308253f,0.19592655089085875f,-0.669688021243374f,-0.22184414381478687f,0f,0f,0f,1f],start_interpolation:0}
execute if entity @s[tag=aj.thaddeus.bone.rightleg] run data modify entity @s {} merge value {transformation:[-0.6449603169666732f,0.18032772226349436f,-0.742635914914912f,-0.08371042524973804f,0.2659132118316049f,0.9639918628763285f,0.0031388025783269727f,0.7515015895843082f,0.7164609921772772f,-0.19545229825071309f,-0.669688021243374f,-0.03618351696792679f,0f,0f,0f,1f],start_interpolation:0}