execute if entity @s[tag=aj.thaddeus.bone.rightarm] run data modify entity @s {} merge value {transformation:[-0.7400408431166886f,0.461294035606963f,-0.48943576006722517f,-0.2886262886985527f,0.6643183708855526f,0.6149434714628716f,-0.42488307686839866f,1.4151417213292563f,0.10497929616408144f,-0.6395719972126938f,-0.7615293873241269f,-0.06986462804793411f,0f,0f,0f,1f],start_interpolation:0}
execute if entity @s[tag=aj.thaddeus.bone.leftarm] run data modify entity @s {} merge value {transformation:[-0.581371051214602f,-0.7325159608124875f,-0.3541582527128047f,0.2886262886985527f,-0.574371003735253f,0.677786920990179f,-0.4590237900183506f,1.3932684551811587f,0.5762860842305552f,-0.06344491224370219f,-0.8147816224195303f,-0.3084563758440664f,0f,0f,0f,1f],start_interpolation:0}
execute if entity @s[tag=aj.thaddeus.bone.torso] run data modify entity @s {} merge value {transformation:[-0.9236041238353687f,1.1180253839090622e-17f,-0.3833476521831074f,2.0021673670339584e-17f,0.034997225836956344f,0.9958240106593085f,-0.08431923848165661f,1.1241865667642346f,0.3817467964738116f,-0.09129370073783517f,-0.9197471628592135f,-0.1634893724809427f,0f,0f,0f,1f],start_interpolation:0}
execute if entity @s[tag=aj.thaddeus.bone.head] run data modify entity @s {} merge value {transformation:[-1f,1.9568581900149088e-19f,1.2246452357184436e-16f,2.421426885999857e-17f,0f,0.999998723363413f,-0.0015978959740697019f,1.4976205707614751f,-1.2246467991473532e-16f,-0.0015978959740697019f,-0.999998723363413f,-0.19772451025763088f,0f,0f,0f,1f],start_interpolation:0}
execute if entity @s[tag=aj.thaddeus.bone.leftleg] run data modify entity @s {} merge value {transformation:[-0.667212965424971f,-0.17858025473439867f,-0.7231431057458916f,0.08633727080291584f,-0.2579505323481168f,0.9661579432290486f,-0.000592955932459574f,0.7506202146738332f,0.6987763459291818f,0.18613952120496058f,-0.6906979781463445f,-0.21964703394338758f,0f,0f,0f,1f],start_interpolation:0}
execute if entity @s[tag=aj.thaddeus.bone.rightleg] run data modify entity @s {} merge value {transformation:[-0.667056281910879f,0.17916463204388347f,-0.7231431057458916f,-0.08633727080291581f,0.2599958598064148f,0.9656095490863714f,-0.000592955932459574f,0.7508849108601543f,0.6981676515327511f,-0.18840974852112768f,-0.6906979781463445f,-0.038861435465121455f,0f,0f,0f,1f],start_interpolation:0}