execute if entity @s[tag=aj.thaddeus.bone.rightarm] run data modify entity @s {} merge value {transformation:[-0.7182075710254049f,0.4763561787795855f,-0.5072106819264549f,-0.2887123539097771f,0.6848481104962704f,0.61290445249073f,-0.39412079070600486f,1.4163598789296155f,0.12312981146528237f,-0.6304228129244294f,-0.7664242470544456f,-0.030083574740992658f,0f,0f,0f,1f],start_interpolation:0}
execute if entity @s[tag=aj.thaddeus.bone.leftarm] run data modify entity @s {} merge value {transformation:[-0.5506294105043632f,-0.7647651671404396f,-0.3345765852779785f,0.2887123539097771f,-0.6305420886798417f,0.6437083024733421f,-0.4336545811243672f,1.4078605282491357f,0.5470136439714091f,-0.027818347462481102f,-0.8366613489659821f,-0.2691096566599176f,0f,0f,0f,1f],start_interpolation:0}
execute if entity @s[tag=aj.thaddeus.bone.torso] run data modify entity @s {} merge value {transformation:[-0.9238795325112867f,4.351880107838081e-18f,-0.3826834323650896f,1.7096335377754445e-17f,0.013598961088767347f,0.9993684040792779f,-0.032830796294686125f,1.1310378399420786f,0.3824417310702799f,-0.03553579783875669f,-0.923296013967314f,-0.13960217255830482f,0f,0f,0f,1f],start_interpolation:0}
execute if entity @s[tag=aj.thaddeus.bone.head] run data modify entity @s {} merge value {transformation:[-0.9997233176897955f,-0.0010772680322665407f,0.02349739476824661f,1.8728290418193724e-17f,-0.0008358757434954054f,0.9999468043373767f,0.010280554810379768f,1.5058009914718078f,-0.02350721972181318f,0.010258069460402544f,-0.9996710372076885f,-0.15292809674783858f,0f,0f,0f,1f],start_interpolation:0}
execute if entity @s[tag=aj.thaddeus.bone.leftleg] run data modify entity @s {} merge value {transformation:[-0.7962033341722944f,-0.22640421495200674f,-0.5610716372308329f,0.1034706615884357f,-0.2769477569959189f,0.9608704791107715f,0.005278472162080994f,0.7569936443057232f,0.5379221045354533f,0.1595902685798916f,-0.8277504186811063f,-0.19640687857323166f,0f,0f,0f,1f],start_interpolation:0}
execute if entity @s[tag=aj.thaddeus.bone.rightleg] run data modify entity @s {} merge value {transformation:[-0.7971801582701793f,0.22294038027114943f,-0.5610716372308329f,-0.10347066158843567f,0.2658762857720022f,0.9639927066091937f,0.005278472162080994f,0.7555557325189757f,0.5420457507668671f,-0.14496774968535756f,-0.8277504186811063f,-0.056145618164310435f,0f,0f,0f,1f],start_interpolation:0}