execute if entity @s[tag=aj.thaddeus.bone.rightarm] run data modify entity @s {} merge value {transformation:[-0.7295250340081768f,0.4619407931198747f,-0.5043847027886051f,-0.28635809173416066f,0.6774492978859202f,0.5894988080941036f,-0.4399472741698772f,1.4109855687820696f,0.09410458835382135f,-0.6626476129191234f,-0.742995603986555f,-0.08017525668224841f,0f,0f,0f,1f],start_interpolation:0}
execute if entity @s[tag=aj.thaddeus.bone.leftarm] run data modify entity @s {} merge value {transformation:[-0.559370459149433f,-0.7419351865541888f,-0.36964424570626486f,0.28635809173416066f,-0.5720324416998952f,0.6682441006610383f,-0.47563505713369797f,1.3831152034932805f,0.5999029713827133f,-0.05460769986477265f,-0.7982070057583248f,-0.3288606320708096f,0f,0f,0f,1f],start_interpolation:0}
execute if entity @s[tag=aj.thaddeus.bone.torso] run data modify entity @s {} merge value {transformation:[-0.9163458935493141f,1.3639326093485303e-17f,-0.4003875664594358f,2.123104763219248e-17f,0.04459258446206235f,0.9937786134075913f,-0.1020566947567829f,1.11907174951674f,0.3978966006216979f,-0.11137354952449582f,-0.9106449514931776f,-0.17336466030021358f,0f,0f,0f,1f],start_interpolation:0}
execute if entity @s[tag=aj.thaddeus.bone.head] run data modify entity @s {} merge value {transformation:[-1f,1.6916508234016065e-18f,1.2245299565184294e-16f,2.634579491724947e-17f,0f,0.9999045907530195f,-0.013813377249500852f,1.4917387295445868f,-1.2246467991473532e-16f,-0.013813377249500852f,-0.9999045907530195f,-0.21512974137189952f,0f,0f,0f,1f],start_interpolation:0}
execute if entity @s[tag=aj.thaddeus.bone.leftleg] run data modify entity @s {} merge value {transformation:[-0.6159121598702718f,-0.163751241752688f,-0.7706086828919005f,0.07966203526408494f,-0.2582178140142036f,0.9660861077209649f,0.0010922427761655903f,0.7457925305439668f,0.744295486920123f,0.19965761516408206f,-0.6373076689145741f,-0.22792499280697023f,0f,0f,0f,1f],start_interpolation:0}
execute if entity @s[tag=aj.thaddeus.bone.rightleg] run data modify entity @s {} merge value {transformation:[-0.6138279590235763f,0.17139864227163906f,-0.7706086828919005f,-0.07966203526408491f,0.267668925706609f,0.9635103285470207f,0.0010922427761655903f,0.7470170084338195f,0.7426766341632278f,-0.20559754913580794f,-0.6373076689145741f,-0.03527416565008509f,0f,0f,0f,1f],start_interpolation:0}