execute if entity @s[tag=aj.thaddeus.bone.rightarm] run data modify entity @s {} merge value {transformation:[-0.74044781811645f,0.461259521471036f,-0.4888524138212874f,-0.2887123539097771f,0.6437184112521961f,0.6958656354160953f,-0.3184299365039389f,1.4015981719861021f,0.1932967554345829f,-0.5504640508691415f,-0.8121734377823483f,0.019086143358764865f,0f,0f,0f,1f],start_interpolation:0}
execute if entity @s[tag=aj.thaddeus.bone.leftarm] run data modify entity @s {} merge value {transformation:[-0.5822175744750906f,-0.7321357003480095f,-0.3535534079149454f,0.2887123539097771f,-0.6462956272662814f,0.6806000622279251f,-0.3450876953352987f,1.4120309325327454f,0.4932794929335963f,0.027583900581204412f,-0.8694334191183934f,-0.21986335822447506f,0f,0f,0f,1f],start_interpolation:0}
execute if entity @s[tag=aj.thaddeus.bone.torso] run data modify entity @s {} merge value {transformation:[-0.9238795325112867f,-5.341834311772722e-18f,-0.3826834323650896f,1.3796449576536693e-17f,-0.0166924168746292f,0.9990482215818577f,0.04029905920751533f,1.1258322399395262f,0.3823192025331839f,0.04361938736533598f,-0.9230002039112791f,-0.11265656012935585f,0f,0f,0f,1f],start_interpolation:0}
execute if entity @s[tag=aj.thaddeus.bone.head] run data modify entity @s {} merge value {transformation:[-1f,-5.341834311772722e-18f,1.223481206754078e-16f,1.1793261709621922e-17f,0f,0.9990482215818577f,0.04361938736533598f,1.5004753230327228f,-1.2246467991473532e-16f,0.04361938736533598f,-0.9990482215818577f,-0.09629928986735485f,0f,0f,0f,1f],start_interpolation:0}
execute if entity @s[tag=aj.thaddeus.bone.leftleg] run data modify entity @s {} merge value {transformation:[-0.9218421996477094f,-0.25053141517609784f,-0.2957041916485703f,0.11940918625586336f,-0.26457758471532844f,0.9643329515162834f,0.007788471358146434f,0.751935980404002f,0.2832060391567876f,0.08541644238526422f,-0.9552478059411438f,-0.16597175907095468f,0f,0f,0f,1f],start_interpolation:0}
execute if entity @s[tag=aj.thaddeus.bone.rightleg] run data modify entity @s {} merge value {transformation:[-0.9236044707634915f,0.24395452983528773f,-0.2957041916485703f,-0.11940918625586333f,0.2530355661227378f,0.9674256260771931f,0.007788471358146434f,0.7504423332886572f,0.28797184560758066f,-0.06763021057186511f,-0.9552478059411438f,-0.09205590171175898f,0f,0f,0f,1f],start_interpolation:0}