execute if entity @s[tag=aj.thaddeus.bone.rightarm] run data modify entity @s {} merge value {transformation:[-0.9723448635559867f,0.08658121429965741f,-0.2169081825258939f,-0.31233556882362185f,0.07395202849449252f,0.9950956271039137f,0.06569467558499825f,1.3908379294444435f,0.22153230869974577f,0.04783708027320645f,-0.9739789781884901f,0.11627913240910462f,0f,0f,0f,1f],start_interpolation:0}
execute if entity @s[tag=aj.thaddeus.bone.leftarm] run data modify entity @s {} merge value {transformation:[-0.9623121682444856f,-0.12200983173228831f,-0.24304092620226644f,0.2966200875344935f,-0.14281045825777405f,0.9872841059594495f,0.0698231131650196f,1.4125360526350552f,0.23143133724887258f,0.10190041746974965f,-0.9674997886607982f,-0.022743168102223564f,0f,0f,0f,1f],start_interpolation:0}
execute if entity @s[tag=aj.thaddeus.bone.torso] run data modify entity @s {} merge value {transformation:[-0.9743290501729845f,-0.011973700029812058f,-0.22480999198569f,-0.004490137511179519f,-0.03471699710497846f,0.9946309578283561f,0.09748839849674296f,1.1219470341505242f,0.22243568081812512f,0.10279050655115442f,-0.9695135273228188f,0.01785815218592835f,0f,0f,0f,1f],start_interpolation:0}
execute if entity @s[tag=aj.thaddeus.bone.head] run data modify entity @s {} merge value {transformation:[-0.9812122214710643f,-0.01208856896437997f,-0.1925524420416748f,-0.008980275022359041f,-0.03148347588864463f,0.9946895886525934f,0.09798679998909844f,1.4949336433361577f,0.19034538917921873f,0.10220806585846284f,-0.9763821711254685f,0.05640459214261126f,0f,0f,0f,1f],start_interpolation:0}
execute if entity @s[tag=aj.thaddeus.bone.leftleg] run data modify entity @s {} merge value {transformation:[-0.9974873642595198f,-0.07084460559983412f,1.2246467991473535e-16f,0.125f,-0.07084460559983412f,0.9974873642595198f,0f,0.7489604249648907f,-1.221569707830351e-16f,-8.67596194846935e-18f,-1f,-0.020688287770754543f,0f,0f,0f,1f],start_interpolation:0}
execute if entity @s[tag=aj.thaddeus.bone.rightleg] run data modify entity @s {} merge value {transformation:[-0.9974873642595198f,0.07084460559983412f,1.2246467991473535e-16f,-0.125f,0.07084460559983412f,0.9974873642595198f,0f,0.7489604249648907f,-1.221569707830351e-16f,8.67596194846935e-18f,-1f,-0.02068828777075457f,0f,0f,0f,1f],start_interpolation:0}