execute if entity @s[tag=aj.thaddeus.bone.rightarm] run data modify entity @s {} merge value {transformation:[-0.8687551641320046f,0.30771918607038207f,-0.38803784263671404f,-0.2899683972497676f,0.3428349132146958f,0.9391184656257388f,-0.022819504855061734f,1.3580996112846353f,0.357391503921184f,-0.15285748279014588f,-0.9213608971950212f,0.17177914669542868f,0f,0f,0f,1f],start_interpolation:0}
execute if entity @s[tag=aj.thaddeus.bone.leftarm] run data modify entity @s {} merge value {transformation:[-0.7805493460928933f,-0.45426627342586867f,-0.42940059518092255f,0.2883898445138369f,-0.4953057600900203f,0.8685224030998889f,-0.018467250343275954f,1.4093563417299542f,0.3813330858129201f,0.19826998799961623f,-0.9029252956491075f,-0.05952042478746009f,0f,0f,0f,1f],start_interpolation:0}
execute if entity @s[tag=aj.thaddeus.bone.torso] run data modify entity @s {} merge value {transformation:[-0.9253731868217672f,-0.001202706846423343f,-0.3790554294658874f,-0.00045101506740874333f,-0.08201076871250987f,0.9769451933511398f,0.19710992619167395f,1.1089621408772867f,0.37007931437262204f,0.2134868677093406f,-0.9041375218345628f,-0.003913820589267758f,0f,0f,0f,1f],start_interpolation:0}
execute if entity @s[tag=aj.thaddeus.bone.head] run data modify entity @s {} merge value {transformation:[-0.9859319007131769f,-0.0021954389806119316f,-0.16713308231401885f,-0.000902030134817497f,-0.036841374947422456f,0.9781769711171262f,0.20448111469793076f,1.4753165883839643f,0.16303680642138949f,0.20776186662572918f,-0.9644967633580256f,0.07614375480173496f,0f,0f,0f,1f],start_interpolation:0}
execute if entity @s[tag=aj.thaddeus.bone.leftleg] run data modify entity @s {} merge value {transformation:[-0.986643332084879f,-0.16289547339458874f,1.2246467991473535e-16f,0.125f,-0.16289547339458874f,0.986643332084879f,0f,0.7426076933706094f,-1.208289598537826e-16f,-1.9948942008827592e-17f,-1f,-0.08397139598027047f,0f,0f,0f,1f],start_interpolation:0}
execute if entity @s[tag=aj.thaddeus.bone.rightleg] run data modify entity @s {} merge value {transformation:[-0.986643332084879f,0.16289547339458874f,1.2246467991473535e-16f,-0.12499999999999999f,0.16289547339458874f,0.986643332084879f,0f,0.7426076933706094f,-1.208289598537826e-16f,1.9948942008827592e-17f,-1f,-0.0839713959802705f,0f,0f,0f,1f],start_interpolation:0}