execute if entity @s[tag=aj.thaddeus.bone.rightarm] run data modify entity @s {} merge value {transformation:[-0.7365349521195287f,0.4640929014135152f,-0.4920711769285707f,-0.2887123539097771f,0.6669307749204266f,0.6195781894796466f,-0.41391570226939023f,1.4166512053737992f,0.11278122968970869f,-0.6330407932974844f,-0.7658588304974805f,-0.057207894731035616f,0f,0f,0f,1f],start_interpolation:0}
execute if entity @s[tag=aj.thaddeus.bone.leftarm] run data modify entity @s {} merge value {transformation:[-0.5766187167699086f,-0.7381137069589562f,-0.3502841861545165f,0.2887123539097771f,-0.5884383859789142f,0.6726227803570398f,-0.4486857043090362f,1.3989251491439028f,0.5667901916733866f,-0.05259991391697788f,-0.8221813228715258f,-0.29572727283276756f,0f,0f,0f,1f],start_interpolation:0}
execute if entity @s[tag=aj.thaddeus.bone.torso] run data modify entity @s {} merge value {transformation:[-0.9238795325112867f,9.076184098919019e-18f,-0.3826834323650896f,1.9058369385356344e-17f,0.028361689967834225f,0.997249874665819f,-0.06847117657216634f,1.1273116500090894f,0.3816310049627711f,-0.07411266746655615f,-0.9213387480031962f,-0.15562339605693268f,0f,0f,0f,1f],start_interpolation:0}
execute if entity @s[tag=aj.thaddeus.bone.head] run data modify entity @s {} merge value {transformation:[-0.9999910861023752f,-0.0003260223763658301f,0.0042096823160501255f,2.2461938422450976e-17f,-0.00031292502506158267f,0.9999951102222014f,0.0031115285015610034f,1.5012803530087715f,-0.004210676159555206f,0.0031101834507702153f,-0.9999862983887239f,-0.18341564635689123f,0f,0f,0f,1f],start_interpolation:0}
execute if entity @s[tag=aj.thaddeus.bone.leftleg] run data modify entity @s {} merge value {transformation:[-0.7139761351720799f,-0.19354107003464144f,-0.6728892424571713f,0.09246789059188543f,-0.2629413047995589f,0.9648106793246926f,0.0014910705317249667f,0.7535835357920051f,0.6489221437391741f,0.17799496417278535f,-0.7397417414842045f,-0.21194197339839493f,0f,0f,0f,1f],start_interpolation:0}
execute if entity @s[tag=aj.thaddeus.bone.rightleg] run data modify entity @s {} merge value {transformation:[-0.7141956897460842f,0.19272930273710087f,-0.6728892424571713f,-0.0924678905918854f,0.25922539738025663f,0.9658157019130086f,0.0014910705317249667f,0.7531023582268095f,0.6501743689973967f,-0.17336506512199476f,-0.7397417414842045f,-0.043720318115553325f,0f,0f,0f,1f],start_interpolation:0}