execute if entity @s[tag=aj.thaddeus.bone.rightarm] run data modify entity @s {} merge value {transformation:[-0.7343328105898277f,0.4617035724464841f,-0.4975792745697899f,-0.2874057269019378f,0.6708468733989646f,0.6054498736629815f,-0.4282463344061606f,1.427466012479489f,0.10353644644316116f,-0.6482748349825357f,-0.7543341054110496f,-0.057898093776677845f,0f,0f,0f,1f],start_interpolation:0}
execute if entity @s[tag=aj.thaddeus.bone.leftarm] run data modify entity @s {} merge value {transformation:[-0.5694595608395581f,-0.7377253531030368f,-0.36259772745760166f,0.2874057269019378f,-0.5770217894947088f,0.6729094038044308f,-0.46285936170708414f,1.40397025650209f,0.5854585066567412f,-0.054352899283894196f,-0.8088782969784103f,-0.3021617669393597f,0f,0f,0f,1f],start_interpolation:0}
execute if entity @s[tag=aj.thaddeus.bone.torso] run data modify entity @s {} merge value {transformation:[-0.919698326086201f,1.1725772533696288e-17f,-0.3926257620103905f,1.8759498582559644e-17f,0.037593209563838215f,0.9954055868854275f,-0.0880594582765936f,1.1366146766476208f,0.3908218770602909f,-0.09574819892445909f,-0.9154728520353801f,-0.15318293074885542f,0f,0f,0f,1f],start_interpolation:0}
execute if entity @s[tag=aj.thaddeus.bone.head] run data modify entity @s {} merge value {transformation:[-1f,7.436018592811677e-19f,1.2246242232984557e-16f,2.315666328269575e-17f,0f,0.9999815654204024f,-0.00607196997370095f,1.5098917717296563f,-1.2246467991473532e-16f,-0.00607196997370095f,-0.9999815654204024f,-0.18908850534552757f,0f,0f,0f,1f],start_interpolation:0}
execute if entity @s[tag=aj.thaddeus.bone.leftleg] run data modify entity @s {} merge value {transformation:[-0.6672342403217859f,-0.17851082006327862f,-0.7231406195634048f,0.08633727080291584f,-0.2601109268396136f,0.9655773416368717f,0.0016440973538791037f,0.7632052334724251f,0.697954707900768f,0.1891937748389402f,-0.6906988788765666f,-0.2076701553913163f,0f,0f,0f,1f],start_interpolation:0}
execute if entity @s[tag=aj.thaddeus.bone.rightleg] run data modify entity @s {} merge value {transformation:[-0.6662313739628294f,0.18221800318589726f,-0.7231406195634048f,-0.08633727080291581f,0.2621550223930697f,0.9650243733595437f,0.0016440973538791037f,0.7634699296587462f,0.6981479073818739f,-0.18847959607597917f,-0.6906988788765666f,-0.026884556913050195f,0f,0f,0f,1f],start_interpolation:0}