execute if entity @s[tag=aj.thaddeus.bone.rightarm] run data modify entity @s {} merge value {transformation:[-0.7166482038109901f,0.4773261083918446f,-0.5085028399350179f,-0.2887123539097771f,0.6800556963459838f,0.6400038897185968f,-0.3576580364152964f,1.4117673382497018f,0.15472427683418236f,-0.6021252422815068f,-0.7832659770254139f,0.0017499656913597256f,0f,0f,0f,1f],start_interpolation:0}
execute if entity @s[tag=aj.thaddeus.bone.leftarm] run data modify entity @s {} merge value {transformation:[-0.5484351364790258f,-0.7669347145272213f,-0.33321171157131f,0.2887123539097771f,-0.6578092322590287f,0.6417184262875186f,-0.3943151979290905f,1.4147728477958257f,0.5162421089276035f,0.002933430776445589f,-0.8564376684580497f,-0.23740829511489087f,0f,0f,0f,1f],start_interpolation:0}
execute if entity @s[tag=aj.thaddeus.bone.torso] run data modify entity @s {} merge value {transformation:[-0.9238795325112867f,-1.5388960521105698e-18f,-0.3826834323650896f,1.4862725455703096e-17f,-0.004808815273797974f,0.9999210442038162f,0.011609507052949958f,1.1320422993404404f,0.3826532172900009f,0.012566039883352573f,-0.9238065868672194f,-0.12136336342895847f,0f,0f,0f,1f],start_interpolation:0}
execute if entity @s[tag=aj.thaddeus.bone.head] run data modify entity @s {} merge value {transformation:[-0.9996841892832999f,-0.00033332843429674215f,0.025127884693028707f,1.428563943616163e-17f,0.0003157857816134355f,0.9996664541899893f,0.025824032344973803f,1.5070126909168715f,-0.0251281112766437f,0.025823811867518934f,-0.9993506435502505f,-0.11665109847270126f,0f,0f,0f,1f],start_interpolation:0}
execute if entity @s[tag=aj.thaddeus.bone.leftleg] run data modify entity @s {} merge value {transformation:[-0.8791153608056966f,-0.25204570704933466f,-0.4045109936126221f,0.11431596074201754f,-0.2789264496956509f,0.9602804116733533f,0.007846439742617103f,0.7579372403952283f,0.38646632201997805f,0.11972674101659982f,-0.914499474811164f,-0.17663363783047425f,0f,0f,0f,1f],start_interpolation:0}
execute if entity @s[tag=aj.thaddeus.bone.rightleg] run data modify entity @s {} merge value {transformation:[-0.88083462917121f,0.2459699414549393f,-0.4045109936126221f,-0.11431596074201751f,0.2656042316453007f,0.9640502193949622f,0.007846439742617103f,0.7562065751327904f,0.3918989004640438f,-0.10052841580955528f,-0.914499474811164f,-0.07551761893995712f,0f,0f,0f,1f],start_interpolation:0}