execute if entity @s[tag=aj.thaddeus.bone.rightarm] run data modify entity @s {} merge value {transformation:[-0.8071349606318128f,0.3802402086152058f,-0.45160883414537734f,-0.2828923634827149f,0.4739823267207524f,0.8734165616098979f,-0.1117330025638135f,1.360115712843153f,0.35195725490784235f,-0.30423821860149014f,-0.8851921808623977f,0.14957714024172514f,0f,0f,0f,1f],start_interpolation:0}
execute if entity @s[tag=aj.thaddeus.bone.leftarm] run data modify entity @s {} merge value {transformation:[-0.6830158654872639f,-0.5893115447237534f,-0.4315104063032401f,0.28830873433135024f,-0.6063858911052752f,0.7868440997644288f,-0.11477157197828505f,1.4090093410388191f,0.40716762955955244f,0.18327101767930754f,-0.8947772099900879f,-0.09934798701117128f,0f,0f,0f,1f],start_interpolation:0}
execute if entity @s[tag=aj.thaddeus.bone.torso] run data modify entity @s {} merge value {transformation:[-0.9139217565025043f,0.0041267587418173345f,-0.4058694283309154f,0.0015475345281815136f,-0.07822980511306571f,0.9794089702270449f,0.18611331664008113f,1.1091037540646296f,0.3982802036046343f,0.2018440955318887f,-0.8947803308720889f,-0.03165407525306678f,0f,0f,0f,1f],start_interpolation:0}
execute if entity @s[tag=aj.thaddeus.bone.head] run data modify entity @s {} merge value {transformation:[-0.993316070998807f,0.003399149086685722f,-0.1153760325240006f,0.003095069056363014f,-0.01926873914363382f,0.9806569754576111f,0.19478350078521778f,1.4763821178997714f,0.11380640925408095f,0.19570473236949804f,-0.9740368365420663f,0.044037460571391476f,0f,0f,0f,1f],start_interpolation:0}
execute if entity @s[tag=aj.thaddeus.bone.leftleg] run data modify entity @s {} merge value {transformation:[-0.9764182554918868f,-0.20135895100420664f,-0.07785861026672547f,0.1246203983026802f,-0.20221179074795176f,0.9793367575972023f,0.003147523074613523f,0.7420520353004393f,0.07561601698507345f,0.01881722799681601f,-0.9969594424578309f,-0.1170772583632192f,0f,0f,0f,1f],start_interpolation:0}
execute if entity @s[tag=aj.thaddeus.bone.rightleg] run data modify entity @s {} merge value {transformation:[-0.9770446615674613f,0.1982971661669906f,-0.07785861026672547f,-0.12462039830268017f,0.1986590598349698f,0.980063605611381f,0.003147523074613523f,0.7415987451585363f,0.07693053521203932f,-0.012392047698433464f,-0.9969594424578309f,-0.09761396379183088f,0f,0f,0f,1f],start_interpolation:0}