execute if entity @s[tag=aj.thaddeus.bone.rightarm] run data modify entity @s {} merge value {transformation:[-0.7266405076588837f,0.4620359407479643f,-0.5084450433295453f,-0.2857208935948432f,0.6801123858488277f,0.5884382941333438f,-0.4372499475271041f,1.4123622020504303f,0.09716334310970798f,-0.6635232953367828f,-0.7418194667849861f,-0.0749477663317297f,0f,0f,0f,1f],start_interpolation:0}
execute if entity @s[tag=aj.thaddeus.bone.leftarm] run data modify entity @s {} merge value {transformation:[-0.553292369667933f,-0.7443836655320452f,-0.3738455726049459f,0.2857208935948432f,-0.5767288011264258f,0.6661637924091155f,-0.4728738644018939f,1.3850664760445957f,0.6010419649396531f,-0.04602999209408409f,-0.797890842289407f,-0.32661069009141175f,0f,0f,0f,1f],start_interpolation:0}
execute if entity @s[tag=aj.thaddeus.bone.torso] run data modify entity @s {} merge value {transformation:[-0.9143068595034982f,1.320525150319617e-17f,-0.40502218046034244f,2.0899926567841857e-17f,0.04367316160933509f,0.994169449085067f,-0.09858885059143001f,1.1210269564201871f,0.4026606780154912f,-0.1078290615089198f,-0.9089759468072905f,-0.17066085162181616f,0f,0f,0f,1f],start_interpolation:0}
execute if entity @s[tag=aj.thaddeus.bone.head] run data modify entity @s {} merge value {transformation:[-1f,1.7298058509103934e-18f,1.2245246260625685e-16f,2.585189588154042e-17f,0f,0.9999002381054931f,-0.014124936692887696f,1.4938404998270873f,-1.2246467991473532e-16f,-0.014124936692887696f,-0.9999002381054931f,-0.2110967496876611f,0f,0f,0f,1f],start_interpolation:0}
execute if entity @s[tag=aj.thaddeus.bone.leftleg] run data modify entity @s {} merge value {transformation:[-0.6413359342087754f,-0.17090256723278766f,-0.7479843126736012f,0.08296264780631643f,-0.26120681153836905f,0.9652768264132294f,0.0034132089832085433f,0.7478476037967183f,0.7214285973667222f,0.19756761096608566f,-0.6637076299084087f,-0.22372396559664565f,0f,0f,0f,1f],start_interpolation:0}
execute if entity @s[tag=aj.thaddeus.bone.rightleg] run data modify entity @s {} merge value {transformation:[-0.638962086883293f,0.1795742729901679f,-0.7479843126736012f,-0.0829626478063164f,0.26685206067703765f,0.9637314603751688f,0.0034132089832085433f,0.748579222229856f,0.7214689385123697f,-0.19742024405616843f,-0.6637076299084087f,-0.03672594151529686f,0f,0f,0f,1f],start_interpolation:0}