execute if entity @s[tag=aj.thaddeus.bone.rightarm] run data modify entity @s {} merge value {transformation:[-0.7381572594924791f,0.4614445535224192f,-0.4921308609333983f,-0.2882262966326952f,0.6669760644786638f,0.6087347885800023f,-0.4296334328064022f,1.4140360080443697f,0.10132516800433218f,-0.6453765421805746f,-0.7571144755794453f,-0.07376380204314587f,0f,0f,0f,1f],start_interpolation:0}
execute if entity @s[tag=aj.thaddeus.bone.leftarm] run data modify entity @s {} merge value {transformation:[-0.5774483705216269f,-0.7342605312172694f,-0.35695217001504653f,0.2882262966326952f,-0.5724754666930358f,0.6758729432135695f,-0.46418488198821967f,1.3904796800859642f,0.5820869517662357f,-0.06369644360841548f,-0.810627870021215f,-0.31412292321544993f,0f,0f,0f,1f],start_interpolation:0}
execute if entity @s[tag=aj.thaddeus.bone.torso] run data modify entity @s {} merge value {transformation:[-0.9223241492246247f,1.1944888665287168e-17f,-0.38641708522925344f,2.0395556531439577e-17f,0.037690124733448474f,0.9952318584659013f,-0.0899611160006653f,1.1226692142551544f,0.3845745938756865f,-0.09753741792003755f,-0.9179263771408045f,-0.16654235772828346f,0f,0f,0f,1f],start_interpolation:0}
execute if entity @s[tag=aj.thaddeus.bone.head] run data modify entity @s {} merge value {transformation:[-1f,5.723791802252358e-19f,1.2246334230573907e-16f,2.4874889780922266e-17f,0f,0.9999890775936606f,-0.004673830696522038f,1.4958811611798675f,-1.2246467991473532e-16f,-0.004673830696522038f,-0.9999890775936606f,-0.20311888944829753f,0f,0f,0f,1f],start_interpolation:0}
execute if entity @s[tag=aj.thaddeus.bone.leftleg] run data modify entity @s {} merge value {transformation:[-0.6469857557108607f,-0.17287692491885906f,-0.742645945749282f,0.08371042524973807f,-0.25727252086153235f,0.9663385453328013f,-0.0008159740424490899f,0.7491448345924627f,0.7177884659959359f,0.19053447098802023f,-0.669683756297341f,-0.22279613943169943f,0f,0f,0f,1f],start_interpolation:0}
execute if entity @s[tag=aj.thaddeus.bone.rightleg] run data modify entity @s {} merge value {transformation:[-0.6464311304648875f,0.17493939758682706f,-0.742645945749282f,-0.08371042524973804f,0.26209994561645494f,0.9650403891517771f,-0.0008159740424490899f,0.74976970006842f,0.7165405864804442f,-0.19517493301585798f,-0.669683756297341f,-0.03713551258483935f,0f,0f,0f,1f],start_interpolation:0}