execute if entity @s[tag=aj.thaddeus.bone.rightarm] run data modify entity @s {} merge value {transformation:[-0.7324455832482593f,0.4669710476430362f,-0.49544072122029126f,-0.2887123539097771f,0.6710929161838245f,0.6178008033915773f,-0.40982492015080296f,1.4168612105055152f,0.11470730328975426f,-0.6326612110694685f,-0.7658864319075679f,-0.05125826426515065f,0f,0f,0f,1f],start_interpolation:0}
execute if entity @s[tag=aj.thaddeus.bone.leftarm] run data modify entity @s {} merge value {transformation:[-0.5707867610180435f,-0.7442500671437263f,-0.34683470270878275f,0.2887123539097771f,-0.5978552373488506f,0.6662403017956247f,-0.4457499023419124f,1.401115973750846f,0.562824651753173f,-0.047071199473072006f,-0.8252349444607189f,-0.2899165855511301f,0f,0f,0f,1f],start_interpolation:0}
execute if entity @s[tag=aj.thaddeus.bone.torso] run data modify entity @s {} merge value {transformation:[-0.9238795325112867f,8.061954989481495e-18f,-0.3826834323650896f,1.8623509548062688e-17f,0.025192378807470526f,0.9978307963258507f,-0.06081978258543589f,1.128348680661535f,0.3818533140575672f,-0.06583085829395498f,-0.9218754496348919f,-0.15207249601296555f,0f,0f,0f,1f],start_interpolation:0}
execute if entity @s[tag=aj.thaddeus.bone.head] run data modify entity @s {} merge value {transformation:[-0.9999630597983385f,-0.0006051321451583471f,0.008573963717630006f,2.164674266911825e-17f,-0.0005658354273560903f,0.9999893289922955f,0.00458494621646631f,1.502535229283729f,-0.008576646723136523f,0.00457992539520416f,-0.9999527315900292f,-0.17675906787319867f,0f,0f,0f,1f],start_interpolation:0}
execute if entity @s[tag=aj.thaddeus.bone.leftleg] run data modify entity @s {} merge value {transformation:[-0.732817776025748f,-0.20084769740709055f,-0.6501063832842641f,0.09498035887447709f,-0.2663044271425422f,0.9638859923493494f,0.0023970475573870526f,0.754535024289003f,0.6261469949021229f,0.17488280704225823f,-0.7598394202567152f,-0.2086484147584583f,0f,0f,0f,1f],start_interpolation:0}
execute if entity @s[tag=aj.thaddeus.bone.rightleg] run data modify entity @s {} merge value {transformation:[-0.7331909939590248f,0.19948096849181088f,-0.6501063832842641f,-0.09498035887447706f,0.2605488865787686f,0.9654576799971978f,0.0023970475573870526f,0.753789239789679f,0.6281283659252631f,-0.16762700064129754f,-0.7598394202567152f,-0.04612343354700654f,0f,0f,0f,1f],start_interpolation:0}