execute if entity @s[tag=aj.thaddeus.bone.rightarm] run data modify entity @s {} merge value {transformation:[-0.8963750547737938f,0.25418326820203796f,-0.3631840130641891f,-0.292862814947595f,0.26614389007834965f,0.9637717239950977f,0.0176491869920562f,1.3616767667893468f,0.3545126104290814f,-0.08083891509445211f,-0.9315502556776583f,0.17666170915591944f,0f,0f,0f,1f],start_interpolation:0}
execute if entity @s[tag=aj.thaddeus.bone.leftarm] run data modify entity @s {} merge value {transformation:[-0.8285154827063399f,-0.36830810941014985f,-0.42179524826460724f,0.28821635511556337f,-0.4163969027550894f,0.9088580270603475f,0.024304444530610814f,1.4106138162340303f,0.3744004731458673f,0.19577084356638497f,-0.9063653030194044f,-0.04823196196525653f,0f,0f,0f,1f],start_interpolation:0}
execute if entity @s[tag=aj.thaddeus.bone.torso] run data modify entity @s {} merge value {transformation:[-0.9297266721010534f,-0.0035401598720240846f,-0.3682333261017813f,-0.0013275599520090233f,-0.07829927911149356f,0.9789891117065777f,0.18828048770540906f,1.1108046038442136f,0.35982987379388154f,0.2038817952345103f,-0.9104694808160417f,0.006873118685625443f,0f,0f,0f,1f],start_interpolation:0}
execute if entity @s[tag=aj.thaddeus.bone.head] run data modify entity @s {} merge value {transformation:[-0.979002774471469f,-0.004530589697078935f,-0.20379656850438563f,-0.002655119904018055f,-0.04494797805164206f,0.97994411772897f,0.19413707888360682f,1.4779255207341804f,0.19882969306981071f,0.19922098254297266f,-0.9595716509299228f,0.0833287918985668f,0f,0f,0f,1f],start_interpolation:0}
execute if entity @s[tag=aj.thaddeus.bone.leftleg] run data modify entity @s {} merge value {transformation:[-0.9899620837148079f,-0.1413331978235675f,1.2246467991473535e-16f,0.125f,-0.1413331978235675f,0.9899620837148079f,0f,0.7436836869542471f,-1.2123538970985835e-16f,-1.7308324832789164e-17f,-1f,-0.0695825545273159f,0f,0f,0f,1f],start_interpolation:0}
execute if entity @s[tag=aj.thaddeus.bone.rightleg] run data modify entity @s {} merge value {transformation:[-0.9899620837148079f,0.1413331978235675f,1.2246467991473535e-16f,-0.12499999999999999f,0.1413331978235675f,0.9899620837148079f,0f,0.7436836869542471f,-1.2123538970985835e-16f,1.7308324832789164e-17f,-1f,-0.06958255452731593f,0f,0f,0f,1f],start_interpolation:0}