execute if entity @s[tag=aj.thaddeus.bone.rightarm] run data modify entity @s {} merge value {transformation:[-0.771673605459457f,0.42137200884647924f,-0.47640893862089195f,-0.2850051893726948f,0.5666433486760423f,0.7956645571027535f,-0.21408696357247087f,1.376988268458125f,0.2888514532392097f,-0.4351592153811773f,-0.8527609836469034f,0.09048463194721082f,0f,0f,0f,1f],start_interpolation:0}
execute if entity @s[tag=aj.thaddeus.bone.leftarm] run data modify entity @s {} merge value {transformation:[-0.625914569633784f,-0.6693566087226357f,-0.40024077988067036f,0.2874697323078026f,-0.6402252582982983f,0.7340611512440895f,-0.22641962121485582f,1.4093951224832835f,0.4453566774586766f,0.11452491691127378f,-0.8879985772789468f,-0.1582064612972003f,0f,0f,0f,1f],start_interpolation:0}
execute if entity @s[tag=aj.thaddeus.bone.torso] run data modify entity @s {} merge value {transformation:[-0.9159598746887958f,0.0018777469981772954f,-0.4012654757467881f,0.0007041551243165006f,-0.05185096644025366f,0.9910516016241999f,0.12299674872662252f,1.114458432513898f,0.3979057491910578f,0.13346608926734563f,-0.9076661378372466f,-0.0713982522814357f,0f,0f,0f,1f],start_interpolation:0}
execute if entity @s[tag=aj.thaddeus.bone.head] run data modify entity @s {} merge value {transformation:[-0.9981027687164585f,0.0015867133645353791f,-0.061549536320256136f,0.0014083102486329865f,-0.006356291531312255f,0.9916709931477264f,0.1286399584397122f,1.486102783122973f,0.061241004551760035f,0.12878712548271556f,-0.9897794783038242f,-0.02134846880618109f,0f,0f,0f,1f],start_interpolation:0}
execute if entity @s[tag=aj.thaddeus.bone.leftleg] run data modify entity @s {} merge value {transformation:[-0.9592520779119025f,-0.22649490730899519f,-0.16892456300013645f,0.12320314164379907f,-0.23076513412893732f,0.9729920389998974f,0.005826226332337758f,0.7432882638510389f,0.16304264439756533f,0.044570719154078654f,-0.985611762867072f,-0.14256108955238433f,0f,0f,0f,1f],start_interpolation:0}
execute if entity @s[tag=aj.thaddeus.bone.rightleg] run data modify entity @s {} merge value {transformation:[-0.9605031768327454f,0.22112923666810014f,-0.16892456300013645f,-0.12320314164379904f,0.2233764160264015f,0.9747148464294182f,0.005826226332337758f,0.7423398999586072f,0.16594162846436f,-0.03213765456063953f,-0.985611762867072f,-0.1003349819609963f,0f,0f,0f,1f],start_interpolation:0}