execute if entity @s[tag=aj.thaddeus.bone.rightarm] run data modify entity @s {} merge value {transformation:[-0.9210081304325629f,0.1986925039294515f,-0.33506016259674887f,-0.29754185537603045f,0.19319867542360647f,0.9798840554574363f,0.05001509447009028f,1.3676482739291422f,0.3382577353020605f,-0.018668870949604205f,-0.9408683105333011f,0.17369266216031917f,0f,0f,0f,1f],start_interpolation:0}
execute if entity @s[tag=aj.thaddeus.bone.leftarm] run data modify entity @s {} merge value {transformation:[-0.8732067632962758f,-0.2839255108017588f,-0.39610131639468454f,0.288509346872629f,-0.3321958560339263f,0.9414567159149556f,0.05749056698723441f,1.4120242313240763f,0.3565892059043972f,0.18178436779488805f,-0.9164052497982998f,-0.03890969612430531f,0f,0f,0f,1f],start_interpolation:0}
execute if entity @s[tag=aj.thaddeus.bone.torso] run data modify entity @s {} merge value {transformation:[-0.9376819235978551f,-0.006881911240686785f,-0.3474266101718483f,-0.002580716715257538f,-0.07100153183189445f,0.982505657500784f,0.17216682449437465f,1.1135065364545138f,0.34016377325539915f,0.1861055406929832f,-0.9217664211111304f,0.015049299698105395f,0f,0f,0f,1f],start_interpolation:0}
execute if entity @s[tag=aj.thaddeus.bone.head] run data modify entity @s {} merge value {transformation:[-0.9734628647051644f,-0.0076765839206455995f,-0.2287162458141614f,-0.005161433430515082f,-0.04915448068985825f,0.9831238097523709f,0.17621410762505518f,1.4819461580173077f,0.2235036645518927f,0.18278031829847943f,-0.9574118586974896f,0.0848388774579741f,0f,0f,0f,1f],start_interpolation:0}
execute if entity @s[tag=aj.thaddeus.bone.leftleg] run data modify entity @s {} merge value {transformation:[-0.992809667009055f,-0.11970365530496255f,1.2246467991473535e-16f,0.125f,-0.11970365530496255f,0.992809667009055f,0f,0.7450669148917197f,-1.215841180865189e-16f,-1.4659469831546048e-17f,-1f,-0.05474027806176329f,0f,0f,0f,1f],start_interpolation:0}
execute if entity @s[tag=aj.thaddeus.bone.rightleg] run data modify entity @s {} merge value {transformation:[-0.992809667009055f,0.11970365530496255f,1.2246467991473535e-16f,-0.125f,0.11970365530496255f,0.992809667009055f,0f,0.7450669148917197f,-1.215841180865189e-16f,1.4659469831546048e-17f,-1f,-0.05474027806176332f,0f,0f,0f,1f],start_interpolation:0}