execute if entity @s[tag=aj.thaddeus.bone.rightarm] run data modify entity @s {} merge value {transformation:[-0.9918425374901637f,0.06352691312086178f,-0.1105111403181036f,-0.3145298900923367f,0.05889359677816971f,0.997262975032604f,0.044700144156930424f,1.4016519072339444f,0.11304833074222484f,0.03782710586939585f,-0.9928691681072294f,0.06269870655925687f,0f,0f,0f,1f],start_interpolation:0}
execute if entity @s[tag=aj.thaddeus.bone.leftarm] run data modify entity @s {} merge value {transformation:[-0.9896951833701253f,-0.07764117950543405f,-0.12031330458008004f,0.3064153454335006f,-0.08373534064868213f,0.9954050354294744f,0.04644575511385131f,1.4095006341603769f,0.11615436599811174f,0.05604161566774862f,-0.9916488796811727f,-0.007944141368872643f,0f,0f,0f,1f],start_interpolation:0}
execute if entity @s[tag=aj.thaddeus.bone.torso] run data modify entity @s {} merge value {transformation:[-0.9935123768413395f,-0.006182510216256038f,-0.11355586127760203f,-0.002318441331096013f,-0.01255796308229212f,0.9983789014599361f,0.05551456279999814f,1.1247822046615537f,0.11302855668500722f,0.056580435550435945f,-0.9919794351127581f,0.011464035096632005f,0f,0f,0f,1f],start_interpolation:0}
execute if entity @s[tag=aj.thaddeus.bone.head] run data modify entity @s {} merge value {transformation:[-0.9947260630522363f,-0.006193119799186482f,-0.1023801970683354f,-0.004636882662192028f,-0.011933142995723624f,0.9983846632785016f,0.055548755418251244f,1.4991742927090297f,0.10187079847945568f,0.05647751231619542f,-0.9931931488989098f,0.03268169842804548f,0f,0f,0f,1f],start_interpolation:0}
execute if entity @s[tag=aj.thaddeus.bone.leftleg] run data modify entity @s {} merge value {transformation:[-0.9985129789397631f,-0.054514501638006294f,1.2246467991473535e-16f,0.125f,-0.054514501638006294f,0.9985129789397631f,0f,0.7503901166140776f,-1.2228257235656694e-16f,-6.676100993809755e-18f,-1f,-0.009753628234781457f,0f,0f,0f,1f],start_interpolation:0}
execute if entity @s[tag=aj.thaddeus.bone.rightleg] run data modify entity @s {} merge value {transformation:[-0.9985129789397631f,0.054514501638006294f,1.2246467991473535e-16f,-0.125f,0.054514501638006294f,0.9985129789397631f,0f,0.7503901166140776f,-1.2228257235656694e-16f,6.676100993809755e-18f,-1f,-0.009753628234781488f,0f,0f,0f,1f],start_interpolation:0}