execute if entity @s[tag=aj.thaddeus.bone.rightarm] run data modify entity @s {} merge value {transformation:[-0.7393799201679763f,0.46204061881915104f,-0.4897303341775071f,-0.2887123539097771f,0.6641471150441314f,0.6199592310897718f,-0.41780277807254496f,1.4162909810364264f,0.11057098729302518f,-0.6341679732908267f,-0.7652483508124998f,-0.062433553795814445f,0f,0f,0f,1f],start_interpolation:0}
execute if entity @s[tag=aj.thaddeus.bone.leftarm] run data modify entity @s {} merge value {transformation:[-0.5806877014360462f,-0.7337776954439804f,-0.35266426962458547f,0.2887123539097771f,-0.5810232051649599f,0.6769552808130074f,-0.45182251254139527f,1.396854257287151f,0.5702752216787594f,-0.05746165198028569f,-0.8194414744757177f,-0.3008196284088185f,0f,0f,0f,1f],start_interpolation:0}
execute if entity @s[tag=aj.thaddeus.bone.torso] run data modify entity @s {} merge value {transformation:[-0.9238795325112867f,9.95208865075837e-18f,-0.3826834323650896f,1.944381741032391e-17f,0.031098757998840914f,0.996692532581145f,-0.07507904333376052f,1.1262528443733417f,0.3814177193808065f,-0.08126497090987704f,-0.9208238310585587f,-0.15877081803391355f,0f,0f,0f,1f],start_interpolation:0}
execute if entity @s[tag=aj.thaddeus.bone.head] run data modify entity @s {} merge value {transformation:[-0.9999993317094212f,-0.0000958267469171393f,0.001152127573450788f,2.31758506543583e-17f,-0.00009395090737367329f,0.9999986702365758f,0.0016280965287993193f,1.500012544091271f,-0.0011522820565877028f,0.0016279871973267912f,-0.9999980109498956f,-0.18924518212511743f,0f,0f,0f,1f],start_interpolation:0}
execute if entity @s[tag=aj.thaddeus.bone.leftleg] run data modify entity @s {} merge value {transformation:[-0.6971910788602649f,-0.18748196612469253f,-0.6919357715392952f,0.0902448799049286f,-0.2603147203240725f,0.9655235799000651f,0.0006804701041613903f,0.752606462134108f,0.6679527273245166f,0.18059548453652538f,-0.7219587419131079f,-0.21478835419986692f,0f,0f,0f,1f],start_interpolation:0}
execute if entity @s[tag=aj.thaddeus.bone.rightleg] run data modify entity @s {} merge value {transformation:[-0.6972863673856728f,0.18712725595811225f,-0.6919357715392952f,-0.09024487990492858f,0.2585637216139744f,0.9659939641765721f,0.0006804701041613903f,0.7523798271767168f,0.6685331134081719f,-0.17843500567999163f,-0.7219587419131079f,-0.041804553685552415f,0f,0f,0f,1f],start_interpolation:0}