execute if entity @s[tag=aj.thaddeus.bone.rightarm] run data modify entity @s {} merge value {transformation:[-0.7265038707682173f,0.46203957083973246f,-0.5086369635968597f,-0.2856905486573533f,0.6808712941058589f,0.5839510613512179f,-0.4420581848686882f,1.4100738767520256f,0.09277072071192713f,-0.6674732900461429f,-0.7388321869366329f,-0.0809666224025811f,0f,0f,0f,1f],start_interpolation:0}
execute if entity @s[tag=aj.thaddeus.bone.leftarm] run data modify entity @s {} merge value {transformation:[-0.5530039908240657f,-0.7444982172882108f,-0.37404410246297526f,0.2856905486573533f,-0.572931010373007f,0.6657447442725831f,-0.4780522908912773f,1.381127751841521f,0.6049269736799825f,-0.050063359137286545f,-0.7947056163047227f,-0.3325829245058176f,0f,0f,0f,1f],start_interpolation:0}
execute if entity @s[tag=aj.thaddeus.bone.torso] run data modify entity @s {} merge value {transformation:[-0.9142097557035307f,1.3996116583091417e-17f,-0.4052413140049898f,2.1413534821717322e-17f,0.046313799856807086f,0.9934477790194445f,-0.10448225832243863f,1.1181339541409518f,0.4025860833651784f,-0.11428696496684641f,-0.9082196513615814f,-0.17485478128572465f,0f,0f,0f,1f],start_interpolation:0}
execute if entity @s[tag=aj.thaddeus.bone.head] run data modify entity @s {} merge value {transformation:[-1f,2.003734226488508e-18f,1.224482865366771e-16f,2.6662078540376605e-17f,0f,0.9998661379095619f,-0.016361731626486797f,1.4906768712732434f,-1.2246467991473532e-16f,-0.016361731626486797f,-0.9998661379095619f,-0.21771239314829205f,0f,0f,0f,1f],start_interpolation:0}
execute if entity @s[tag=aj.thaddeus.bone.leftleg] run data modify entity @s {} merge value {transformation:[-0.6134075842908627f,-0.1628710361550528f,-0.7727898557280806f,0.07933038234261122f,-0.25915694262751326f,0.9658328272677424f,0.00215147855185141f,0.7449530788509664f,0.7460353977006774f,0.20159358956519122f,-0.6346583411756386f,-0.2285957379775833f,0f,0f,0f,1f],start_interpolation:0}
execute if entity @s[tag=aj.thaddeus.bone.rightleg] run data modify entity @s {} merge value {transformation:[-0.6108186568582329f,0.17232645565227825f,-0.7727898557280806f,-0.0793303823426112f,0.269001911154586f,0.9631372399275303f,0.00215147855185141f,0.7462289951663537f,0.7446734453631904f,-0.2065677848724293f,-0.6346583411756386f,-0.0353986008687312f,0f,0f,0f,1f],start_interpolation:0}