execute if entity @s[tag=aj.thaddeus.bone.rightarm] run data modify entity @s {} merge value {transformation:[-0.7362885639122438f,0.4615789089911025f,-0.49479699011476325f,-0.2878267633216039f,0.669366879795763f,0.6039541691354232f,-0.4326515246898188f,1.4132559706907013f,0.09913188631580652f,-0.6497570871937635f,-0.7536501819524399f,-0.07592217911232925f,0f,0f,0f,1f],start_interpolation:0}
execute if entity @s[tag=aj.thaddeus.bone.leftarm] run data modify entity @s {} merge value {transformation:[-0.5735489458298183f,-0.7359664194183309f,-0.35971521544975743f,0.2878267633216039f,-0.5718313249027634f,0.6741328885937112f,-0.46749736296181266f,1.3885404928762786f,0.5865582175687714f,-0.062436191466649804f,-0.8074968603020605f,-0.31807329395519424f,0f,0f,0f,1f],start_interpolation:0}
execute if entity @s[tag=aj.thaddeus.bone.torso] run data modify entity @s {} merge value {transformation:[-0.9210456426291325f,1.2434918752591616e-17f,-0.3894546497268819f,2.0635207402735676e-17f,0.03954476450307612f,0.9948315780034735f,-0.09352188517943222f,1.1216829569816318f,0.38744178374858396f,-0.10153881724305563f,-0.9162852900699632f,-0.16849925559845266f,0f,0f,0f,1f],start_interpolation:0}
execute if entity @s[tag=aj.thaddeus.bone.head] run data modify entity @s {} merge value {transformation:[-1f,8.5611884914525355e-19f,1.2246168742563824e-16f,2.5298301934957533e-17f,0f,0.9999755644721466f,-0.006990740920086669f,1.4947447987329343f,-1.2246467991473532e-16f,-0.006990740920086669f,-0.9999755644721466f,-0.20657631206459853f,0f,0f,0f,1f],start_interpolation:0}
execute if entity @s[tag=aj.thaddeus.bone.leftleg] run data modify entity @s {} merge value {transformation:[-0.6359950885970158f,-0.16973335010959067f,-0.7527953487775074f,0.08228154453962637f,-0.25718561538250667f,0.9663618338152086f,-0.0006044713628563445f,0.7482058902841334f,0.7275752926816547f,0.19322369421445784f,-0.6582543562129478f,-0.22452095053963178f,0f,0f,0f,1f],start_interpolation:0}
execute if entity @s[tag=aj.thaddeus.bone.rightleg] run data modify entity @s {} merge value {transformation:[-0.6350933175831996f,0.1730769794632322f,-0.7527953487775074f,-0.08228154453962634f,0.2636000260261015f,0.9646318784351936f,-0.0006044713628563445f,0.7490363401765251f,0.7260657712908686f,-0.1988207692532996f,-0.6582543562129478f,-0.03632344772498182f,0f,0f,0f,1f],start_interpolation:0}