execute if entity @s[tag=aj.thaddeus.bone.rightarm] run data modify entity @s {} merge value {transformation:[-0.8897502268030119f,0.2678631174979088f,-0.3695860984781357f,-0.29197332483743776f,0.2851791457361556f,0.9584400315189122f,0.00809696358044501f,1.360565151321849f,0.3563949897812612f,-0.09819397265783669f,-0.9291612104433152f,0.17608486484776173f,0f,0f,0f,1f],start_interpolation:0}
execute if entity @s[tag=aj.thaddeus.bone.leftarm] run data modify entity @s {} merge value {transformation:[-0.8167868121477417f,-0.3898546504444451f,-0.4252912590547435f,0.28823366938571393f,-0.4367681065104551f,0.8994602420546931f,0.01431412233372037f,1.4102726112438093f,0.3769521516542932f,0.19744524428244006f,-0.9049433412504047f,-0.050882120158080496f,0f,0f,0f,1f],start_interpolation:0}
execute if entity @s[tag=aj.thaddeus.bone.torso] run data modify entity @s {} merge value {transformation:[-0.9283311907570427f,-0.0028492612965514974f,-0.37174330118735815f,-0.0010684729862068026f,-0.07953193587513659f,0.9783409721371691f,0.19111152088153166f,1.1102604828692504f,0.36314717600934754f,0.20698025013938634f,-0.9084510468972299f,0.004388176993138204f,0f,0f,0f,1f],start_interpolation:0}
execute if entity @s[tag=aj.thaddeus.bone.head] run data modify entity @s {} merge value {transformation:[-0.9806925397917858f,-0.0038598411027900674f,-0.19551788670962444f,-0.002136945972413614f,-0.04320600905683599f,0.9793742127130457f,0.19738133714736614f,1.4771383474206887f,0.19072331576951188f,0.20201795241849874f,-0.9606317524017829f,0.08200577079540808f,0f,0f,0f,1f],start_interpolation:0}
execute if entity @s[tag=aj.thaddeus.bone.leftleg] run data modify entity @s {} merge value {transformation:[-0.989176509964781f,-0.14673047445536175f,1.2246467991473535e-16f,0.125f,-0.14673047445536175f,0.989176509964781f,0f,0.743382618317812f,-1.211391846720119e-16f,-1.7969300587913124e-17f,-1f,-0.07322941680913166f,0f,0f,0f,1f],start_interpolation:0}
execute if entity @s[tag=aj.thaddeus.bone.rightleg] run data modify entity @s {} merge value {transformation:[-0.989176509964781f,0.14673047445536175f,1.2246467991473535e-16f,-0.12499999999999999f,0.14673047445536175f,0.989176509964781f,0f,0.743382618317812f,-1.211391846720119e-16f,1.7969300587913124e-17f,-1f,-0.07322941680913168f,0f,0f,0f,1f],start_interpolation:0}