execute if entity @s[tag=aj.thaddeus.bone.rightarm] run data modify entity @s {} merge value {transformation:[-0.9379919874647522f,0.15779078511078498f,-0.3086634082395355f,-0.30215339401567454f,0.14441205177604444f,0.9873224959369457f,0.06587448913405557f,1.3738186397958438f,0.3151447139866971f,0.017215026894019853f,-0.9488874812617569f,0.164422186928809f,0f,0f,0f,1f],start_interpolation:0}
execute if entity @s[tag=aj.thaddeus.bone.leftarm] run data modify entity @s {} merge value {transformation:[-0.9043560462299178f,-0.22462405126682217f,-0.36288314543372024f,0.289470256798943f,-0.2679032129310699f,0.9606766011795549f,0.07299545497706078f,1.4129143976715435f,0.3322168119596002f,0.163231441636035f,-0.928971197784313f,-0.03325931830855032f,0f,0f,0f,1f],start_interpolation:0}
execute if entity @s[tag=aj.thaddeus.bone.torso] run data modify entity @s {} merge value {transformation:[-0.9465978413033881f,-0.009663342641319272f,-0.32227185208882586f,-0.0036237534904947216f,-0.06255321260111918f,0.9860625016005949f,0.15416821504595507f,1.1160364401585263f,0.3162904083797749f,0.16609443923916634f,-0.9340091085320218f,0.018867373274113794f,0f,0f,0f,1f],start_interpolation:0}
execute if entity @s[tag=aj.thaddeus.bone.head] run data modify entity @s {} merge value {transformation:[-0.9718206619280881f,-0.010226763477297236f,-0.23549949969889986f,-0.0072475069809894484f,-0.04838377561491311f,0.9864405014449477f,0.15682521278890652f,1.4858098782587494f,0.23070243021454814f,0.16380033705038421f,-0.9591380704962567f,0.08115278798880117f,0f,0f,0f,1f],start_interpolation:0}
execute if entity @s[tag=aj.thaddeus.bone.leftleg] run data modify entity @s {} merge value {transformation:[-0.9946353265144312f,-0.1034435461956464f,1.2246467991473535e-16f,0.125f,-0.1034435461956464f,0.9946353265144312f,0f,0.7462630020583032f,-1.2180769689347808e-16f,-1.2668180774094974e-17f,-1f,-0.04341804144057357f,0f,0f,0f,1f],start_interpolation:0}
execute if entity @s[tag=aj.thaddeus.bone.rightleg] run data modify entity @s {} merge value {transformation:[-0.9946353265144312f,0.1034435461956464f,1.2246467991473535e-16f,-0.125f,0.1034435461956464f,0.9946353265144312f,0f,0.7462630020583032f,-1.2180769689347808e-16f,1.2668180774094974e-17f,-1f,-0.043418041440573596f,0f,0f,0f,1f],start_interpolation:0}