execute if entity @s[tag=aj.thaddeus.bone.rightarm] run data modify entity @s {} merge value {transformation:[-0.7346124204787738f,0.4654564568435446f,-0.4936546145443904f,-0.2887123539097771f,0.6688835015056238f,0.6188091788243879f,-0.41191025917821356f,1.4167763063515553f,0.11375171687448657f,-0.6327918196258073f,-0.7659210533225771f,-0.054317319542343034f,0f,0f,0f,1f],start_interpolation:0}
execute if entity @s[tag=aj.thaddeus.bone.leftarm] run data modify entity @s {} merge value {transformation:[-0.573874499555234f,-0.7410125921562065f,-0.3486665986672213f,0.2887123539097771f,-0.5929448332668438f,0.6696338102291356f,-0.4472214047875667f,1.400008867918773f,0.5648756353945392f,-0.049908901650400406f,-0.8236653556352035f,-0.2929060028613665f,0f,0f,0f,1f],start_interpolation:0}
execute if entity @s[tag=aj.thaddeus.bone.torso] run data modify entity @s {} merge value {transformation:[-0.9238795325112867f,8.585347812817531e-18f,-0.3826834323650896f,1.8846667446195686e-17f,0.026827901492451543f,0.9975396398824137f,-0.06476828363308591f,1.1278345634182352f,0.3817418933104375f,-0.07010468503077771f,-0.9216064561560416f,-0.15389471853694853f,0f,0f,0f,1f],start_interpolation:0}
execute if entity @s[tag=aj.thaddeus.bone.head] run data modify entity @s {} merge value {transformation:[-0.9999802608561371f,-0.000464540705875316f,0.0062659476557442f,2.206617287600226e-17f,-0.0004404778287085419f,0.9999925259565479f,0.003841094938371925f,1.5019119283741402f,-0.006267685168733158f,0.0038382591074281325f,-0.9999729915800976f,-0.18018397542349016f,0f,0f,0f,1f],start_interpolation:0}
execute if entity @s[tag=aj.thaddeus.bone.leftleg] run data modify entity @s {} merge value {transformation:[-0.7231747141187865f,-0.1970607619908914f,-0.6619557303496817f,0.09369284085483279f,-0.2645553608605968f,0.9643685596300148f,0.0019344862496000065f,0.7540638592592153f,0.63798808288175f,0.17652290865692113f,-0.7495404384155464f,-0.2103493891116208f,0f,0f,0f,1f],start_interpolation:0}
execute if entity @s[tag=aj.thaddeus.bone.rightleg] run data modify entity @s {} merge value {transformation:[-0.7234674753033397f,0.19598322182123434f,-0.6619557303496817f,-0.09369284085483276f,0.259820437225358f,0.9656550099093225f,0.0019344862496000065f,0.7534505376654446f,0.6395999941981202f,-0.1705900894002784f,-0.7495404384155464f,-0.04486153418919295f,0f,0f,0f,1f],start_interpolation:0}