execute if entity @s[tag=aj.thaddeus.bone.rightarm] run data modify entity @s {} merge value {transformation:[-0.9028045201845204f,0.240376691873043f,-0.356599276974267f,-0.29386397054655644f,0.24733999957479655f,0.9685609142054135f,0.02669606869772423f,1.3629380180267936f,0.35180523439075995f,-0.06409993352372599f,-0.933875942284368f,0.1767547945282013f,0f,0f,0f,1f],start_interpolation:0}
execute if entity @s[tag=aj.thaddeus.bone.leftarm] run data modify entity @s {} merge value {transformation:[-0.8400304433517938f,-0.346861251500659f,-0.41717637331179885f,0.2882261081875478f,-0.39569308992893526f,0.9177644217382367f,0.03369636143520241f,1.4109656916790212f,0.3711816709169249f,0.19337977763684805f,-0.9082006544681868f,-0.04570752318623639f,0f,0f,0f,1f],start_interpolation:0}
execute if entity @s[tag=aj.thaddeus.bone.torso] run data modify entity @s {} merge value {transformation:[-0.9313441259745668f,-0.004295514178292359f,-0.3641149098438765f,-0.0016108178168596264f,-0.07684427784356451f,0.9797301737333177f,0.1849966043990656f,1.111402743490412f,0.3559397083431003f,0.20027564813133775f,-0.9127960280315648f,0.009196109634043714f,0f,0f,0f,1f],start_interpolation:0}
execute if entity @s[tag=aj.thaddeus.bone.head] run data modify entity @s {} merge value {transformation:[-0.9773950272373462f,-0.005253371126815459f,-0.21135600966973078f,-0.0032216356337192607f,-0.04644796518494973f,0.9806031726934102f,0.19042059823925572f,1.478801558640406f,0.206256023577216f,0.19593320238137865f,-0.9586806730829054f,0.08429947768329538f,0f,0f,0f,1f],start_interpolation:0}
execute if entity @s[tag=aj.thaddeus.bone.leftleg] run data modify entity @s {} merge value {transformation:[-0.9907182083488126f,-0.13593171685121413f,1.2246467991473535e-16f,0.125f,-0.13593171685121413f,0.9907182083488126f,0f,0.7440039283404176f,-1.213279882711374e-16f,-1.6646834194444373e-17f,-1f,-0.06590725841520793f,0f,0f,0f,1f],start_interpolation:0}
execute if entity @s[tag=aj.thaddeus.bone.rightleg] run data modify entity @s {} merge value {transformation:[-0.9907182083488126f,0.13593171685121413f,1.2246467991473535e-16f,-0.12499999999999999f,0.13593171685121413f,0.9907182083488126f,0f,0.7440039283404176f,-1.213279882711374e-16f,1.6646834194444373e-17f,-1f,-0.06590725841520796f,0f,0f,0f,1f],start_interpolation:0}