execute if entity @s[tag=aj.thaddeus.bone.rightarm] run data modify entity @s {} merge value {transformation:[-0.7659644477225335f,0.4296310679798757f,-0.47824220877248536f,-0.28599644296526594f,0.5828886825298917f,0.7779088811041781f,-0.2347308170603365f,1.3808789008687816f,0.2711812099015737f,-0.45855743165465906f,-0.8462776336821157f,0.07626566017249864f,0f,0f,0f,1f],start_interpolation:0}
execute if entity @s[tag=aj.thaddeus.bone.leftarm] run data modify entity @s {} merge value {transformation:[-0.6173052175761745f,-0.6827371768145953f,-0.39090179808804587f,0.28757611798500793f,-0.6429621954655993f,0.7241474843879692f,-0.2494193979157044f,1.40922378353257f,0.4533584493039564f,0.09736718261206814f,-0.8859942145380522f,-0.17038406099442324f,0f,0f,0f,1f],start_interpolation:0}
execute if entity @s[tag=aj.thaddeus.bone.torso] run data modify entity @s {} merge value {transformation:[-0.9177160975204383f,0.0012035619198033998f,-0.39723508882091774f,0.0004513357199262901f,-0.04535181226206115f,0.9931394301229509f,0.10778351200256547f,1.115730877478596f,0.394639553867075f,0.11692999518415118f,-0.9113654583918738f,-0.07994576155650482f,0f,0f,0f,1f],start_interpolation:0}
execute if entity @s[tag=aj.thaddeus.bone.head] run data modify entity @s {} merge value {transformation:[-0.998809579166454f,0.00099991945418384f,-0.04876909601803347f,0.000902671439852565f,-0.004508156850116865f,0.9936187131305303f,0.11270106227824138f,1.4881581637747026f,0.04857057841065687f,0.1127867593200303f,-0.9924313809200815f,-0.036097013362448124f,0f,0f,0f,1f],start_interpolation:0}
execute if entity @s[tag=aj.thaddeus.bone.leftleg] run data modify entity @s {} merge value {transformation:[-0.954386665747508f,-0.23104298550779198f,-0.1891169772680407f,0.12274377306974552f,-0.23645880128523708f,0.9716212482845674f,0.006275761044518768f,0.7438280601732635f,0.18230010295691873f,0.05070787640579468f,-0.9819345109182747f,-0.14743115724720393f,0f,0f,0f,1f],start_interpolation:0}
execute if entity @s[tag=aj.thaddeus.bone.rightleg] run data modify entity @s {} merge value {transformation:[-0.9557499496183719f,0.22533708685762063f,-0.1891169772680407f,-0.12274377306974549f,0.22829702331599713f,0.9735713039980005f,0.006275761044518768f,0.7427791221917149f,0.185533023878593f,-0.03717678466669704f,-0.9819345109182747f,-0.10015786225391908f,0f,0f,0f,1f],start_interpolation:0}