execute if entity @s[tag=aj.thaddeus.bone.rightarm] run data modify entity @s {} merge value {transformation:[-0.7389279223497401f,0.461384802163776f,-0.4910291130922784f,-0.28839028251096693f,0.6659426959131606f,0.6109653993146394f,-0.4280672921401664f,1.4144161899332242f,0.10249805525866318f,-0.6433081261515325f,-0.7587152321494512f,-0.0725512706212785f,0f,0f,0f,1f],start_interpolation:0}
execute if entity @s[tag=aj.thaddeus.bone.leftarm] run data modify entity @s {} merge value {transformation:[-0.5790542704671597f,-0.7335497969603827f,-0.3558101280642905f,0.28839028251096693f,-0.5729729042077921f,0.676622301954994f,-0.46247628213867714f,1.391433442882385f,0.5799984507715806f,-0.06392930373863304f,-0.8121051909857859f,-0.3121780077583849f,0f,0f,0f,1f],start_interpolation:0}
execute if entity @s[tag=aj.thaddeus.bone.torso] run data modify entity @s {} merge value {transformation:[-0.9228489040350941f,1.1692009032040215e-17f,-0.38516217405298975f,2.027199410762849e-17f,0.036772395281343066f,0.9954320679647594f,-0.0881066910777795f,1.1231721945240316f,0.3834027794193702f,-0.09547249901098542f,-0.9186333929626656f,-0.16553339396912353f,0f,0f,0f,1f],start_interpolation:0}
execute if entity @s[tag=aj.thaddeus.bone.head] run data modify entity @s {} merge value {transformation:[-1f,4.383354851523734e-19f,1.2246389544931613e-16f,2.465649749464357e-17f,0f,0.9999935943537375f,-0.0035792808625112194f,1.4964592200108164f,-1.2246467991473532e-16f,-0.0035792808625112194f,-0.9999935943537375f,-0.20133558109824307f,0f,0f,0f,1f],start_interpolation:0}
execute if entity @s[tag=aj.thaddeus.bone.leftleg] run data modify entity @s {} merge value {transformation:[-0.65324304616811f,-0.17464910162507397f,-0.7367300821430893f,0.08452331245283146f,-0.25742085658021435f,0.9662990367969174f,-0.0008210254919046728f,0.7496297081176759f,0.7120449601187535f,0.1891133596203723f,-0.6761864476478204f,-0.2218221640058387f,0f,0f,0f,1f],start_interpolation:0}
execute if entity @s[tag=aj.thaddeus.bone.rightleg] run data modify entity @s {} merge value {transformation:[-0.6528399244627265f,0.17614999032908957f,-0.7367300821430893f,-0.08452331245283143f,0.26136832559238127f,0.9652387913330963f,-0.0008210254919046728f,0.7501406299568176f,0.7109758303940694f,-0.19309390620339378f,-0.6761864476478204f,-0.03764024967416929f,0f,0f,0f,1f],start_interpolation:0}