execute if entity @s[tag=aj.percival.bone.rightarm] run data modify entity @s {} merge value {transformation:[0.37231330296143383f,0.9273173755383874f,0.03827909955243214f,-0.266006273324453f,0.8943149113545203f,-0.3694802165671011f,0.2523592853343909f,0.7540914042348054f,0.24816052016165666f,-0.05972314953286978f,-0.9668761563111227f,-0.2036385125953152f,0f,0f,0f,1f],start_interpolation:0}
execute if entity @s[tag=aj.percival.bone.leftarm] run data modify entity @s {} merge value {transformation:[0.4548942885101369f,-0.5812719719848582f,0.6746807251327778f,0.2506198161810336f,-0.8836786348372987f,-0.38852714837893365f,0.26107226069542905f,0.7540914042348054f,0.11037779039709235f,-0.714961222415152f,-0.6903964034014713f,0.01885583259635262f,0f,0f,0f,1f],start_interpolation:0}
execute if entity @s[tag=aj.percival.bone.torso] run data modify entity @s {} merge value {transformation:[-0.9184463813430872f,-0.0057987922079985755f,0.39550299443457704f,-0.002174547077999462f,4.336808689942018e-19f,0.9998925328992174f,0.01466024052966066f,0.49995969983720656f,-0.39554550256296506f,0.013464644864086099f,-0.9183476785732599f,-0.026200758175967714f,0f,0f,0f,1f],start_interpolation:0}
execute if entity @s[tag=aj.percival.bone.head] run data modify entity @s {} merge value {transformation:[-0.6727176549734437f,0.009448821258908335f,0.7398389530592777f,-0.004349094155998929f,0.006061848347840232f,0.999955279502591f,-0.007258993697683404f,0.8749193996744131f,-0.7398744560272633f,-0.0003984616825023525f,-0.6727448480268347f,-0.021151516351935427f,0f,0f,0f,1f],start_interpolation:0}