execute if entity @s[tag=aj.percival.bone.rightarm] run data modify entity @s {} merge value {transformation:[0.3806285849090518f,0.9240354639471311f,0.0357818629775421f,-0.2645862204980756f,0.8996567130418639f,-0.37898077117389395f,0.2167749380328607f,0.7529066383824172f,0.21386836846257262f,-0.050319344674305155f,-0.9755656228684495f,-0.2080724235281988f,0f,0f,0f,1f],start_interpolation:0}
execute if entity @s[tag=aj.percival.bone.leftarm] run data modify entity @s {} merge value {transformation:[0.4254340423206568f,-0.6049130508662101f,0.6731166886405651f,0.2537219513241073f,-0.896083183839561f,-0.38566184977566886f,0.21977230323124072f,0.7529066383824172f,0.12665229281248963f,-0.696667164806368f,-0.7061260922852207f,0.010474800252719095f,0f,0f,0f,1f],start_interpolation:0}
execute if entity @s[tag=aj.percival.bone.torso] run data modify entity @s {} merge value {transformation:[-0.9214367499061029f,-0.0014164932604479258f,0.3885258157051102f,-0.0005311849726679684f,0f,0.9999933540826176f,0.0036457908053807437f,0.4999975077809816f,-0.3885283978327429f,0.0033593656305475855f,-0.9214306261135898f,-0.029990237888544654f,0f,0f,0f,1f],start_interpolation:0}
execute if entity @s[tag=aj.percival.bone.head] run data modify entity @s {} merge value {transformation:[-0.6844703919981272f,0.001087531077441597f,0.729039847850641f,-0.0010623699453359405f,0.001479571225307007f,0.9999989001694265f,-0.00010261055686761012f,0.8749950155619632f,-0.7290391576224966f,0.0010084324928996877f,-0.6844712482763522f,-0.02873047577708931f,0f,0f,0f,1f],start_interpolation:0}