execute if entity @s[tag=aj.percival.bone.rightarm] run data modify entity @s {} merge value {transformation:[0.3977403908601687f,0.9168513391631439f,0.03444130301178655f,-0.264794639386959f,0.9025852843498606f,-0.39774039086016866f,0.1647494641978577f,0.75f,0.16474946419785774f,-0.03444130301178627f,-0.9857339451867166f,-0.208581043396046f,0f,0f,0f,1f],start_interpolation:0}
execute if entity @s[tag=aj.percival.bone.leftarm] run data modify entity @s {} merge value {transformation:[0.3977403908601687f,-0.6239581203496916f,0.6726654781747612f,0.2548875976506398f,-0.9025852843498606f,-0.39774039086016866f,0.1647494641978577f,0.75f,0.1647494641978577f,-0.6726654781747611f,-0.7213728359998308f,0.006678387309317038f,0f,0f,0f,1f],start_interpolation:0}
execute if entity @s[tag=aj.percival.bone.torso] run data modify entity @s {} merge value {transformation:[-0.9238795325112867f,0f,0.38268343236508984f,3.827021247335479e-18f,0f,1f,0f,0.5f,-0.38268343236508984f,0f,-0.9238795325112867f,-0.03125f,0f,0f,0f,1f],start_interpolation:0}
execute if entity @s[tag=aj.percival.bone.head] run data modify entity @s {} merge value {transformation:[-0.7965804608882748f,0f,0.6045325213179384f,3.827021247335479e-18f,0f,1f,0f,0.875f,-0.6045325213179384f,0f,-0.7965804608882748f,-0.03125f,0f,0f,0f,1f],start_interpolation:0}