execute if entity @s[tag=aj.percival.bone.rightarm] run data modify entity @s {} merge value {transformation:[0.041918673423713915f,0.9991074580258748f,0.0052069314832150215f,-0.2927011831008057f,0.9985909963615834f,-0.04172613536426566f,-0.032786454720552936f,0.8032372759918381f,-0.03253992630563103f,0.006573959585962463f,-0.9994488162239157f,-0.15777149778511362f,0f,0f,0f,1f],start_interpolation:0}
execute if entity @s[tag=aj.percival.bone.leftarm] run data modify entity @s {} merge value {transformation:[-0.758010035884857f,-0.6053871290854285f,0.2427492727806627f,0.2577101210189447f,-0.631754179396364f,0.7740060409654702f,-0.04244178794756191f,0.8032372759918381f,-0.16219569141338067f,-0.1855291688297606f,-0.9691601958398177f,-0.04178164349950942f,0f,0f,0f,1f],start_interpolation:0}
execute if entity @s[tag=aj.percival.bone.torso] run data modify entity @s {} merge value {transformation:[-0.9785089851017784f,0.00028791526377416025f,0.20620398439382429f,0.00010796822391531392f,0f,0.9999990252244151f,-0.0013962629479142765f,0.49999963445915563f,-0.20620418539662974f,-0.001366255840098816f,-0.9785080312751101f,-0.03176234594003706f,0f,0f,0f,1f],start_interpolation:0}
execute if entity @s[tag=aj.percival.bone.head] run data modify entity @s {} merge value {transformation:[-0.9813598041744854f,0.00028791526377416025f,0.19217921806328764f,0.00021593644783062403f,0.000019982214086747116f,0.9999990252244151f,-0.0013961199557482363f,0.8749992689183113f,-0.1921794326959233f,-0.001366255840098816f,-0.9813588533220927f,-0.03227469188007411f,0f,0f,0f,1f],start_interpolation:0}