execute if entity @s[tag=aj.percival.bone.rightarm] run data modify entity @s {} merge value {transformation:[0.4101694295475163f,0.9109890150853094f,0.04312833707161817f,-0.26228680479129246f,0.8950495103398632f,-0.4111689117772783f,0.17270350323099928f,0.747591367366987f,0.1750640257306916f,-0.03223570042339213f,-0.9840291898684597f,-0.2124877438501934f,0f,0f,0f,1f],start_interpolation:0}
execute if entity @s[tag=aj.percival.bone.leftarm] run data modify entity @s {} merge value {transformation:[0.44019848418989466f,-0.5849415255217314f,0.6812258848849105f,0.2546363594157761f,-0.8771818094605037f,-0.442193348599966f,0.18712860712768173f,0.747591367366987f,0.1917742622682106f,-0.6799326835608503f,-0.7077529075582978f,0.00931553003491422f,0f,0f,0f,1f],start_interpolation:0}
execute if entity @s[tag=aj.percival.bone.torso] run data modify entity @s {} merge value {transformation:[-0.9189745141458997f,0.00039827127189225384f,0.39431673021861713f,0.000149351726959599f,0f,0.9999994899212556f,-0.0010100283305801761f,0.4999998087204709f,-0.3943169313513024f,-0.0009281902943685114f,-0.9189740453965334f,-0.03159807136038819f,0f,0f,0f,1f],start_interpolation:0}
execute if entity @s[tag=aj.percival.bone.head] run data modify entity @s {} merge value {transformation:[-0.7367120610663247f,0.00039827127189225384f,0.6762064628938427f,0.0002987034539191942f,-0.0003342372289476299f,0.9999994899212556f,-0.0009531226066776441f,0.8749996174409418f,-0.676206497576652f,-0.0009281902943685114f,-0.7367115521680753f,-0.03194614272077639f,0f,0f,0f,1f],start_interpolation:0}