execute if entity @s[tag=aj.percival.bone.rightarm] run data modify entity @s {} merge value {transformation:[0.4465293454967713f,0.8944765069019519f,0.02287623681264489f,-0.26411577522248525f,0.8754510182728888f,-0.442029943184974f,0.19543552372291753f,0.741860183329988f,0.18492446624280837f,-0.0672406716829313f,-0.9804497100088515f,-0.21014413405298737f,0f,0f,0f,1f],start_interpolation:0}
execute if entity @s[tag=aj.percival.bone.leftarm] run data modify entity @s {} merge value {transformation:[0.5475462043770658f,-0.5093393966543035f,0.6639025026975713f,0.25546900528018485f,-0.8034772078283902f,-0.5416160630588513f,0.24713643344704236f,0.741860183329988f,0.23370393786276408f,-0.6687491452349382f,-0.7058024158183203f,0.005350427061654596f,0f,0f,0f,1f],start_interpolation:0}
execute if entity @s[tag=aj.percival.bone.torso] run data modify entity @s {} merge value {transformation:[-0.9237062764491912f,0.0009707625020306058f,0.38310021204449235f,0.000364035938261481f,5.421010862427522e-20f,0.9999967895263273f,-0.0025339567948618334f,0.49999879607237274f,-0.38310144198158574f,-0.002340631795664951f,-0.9237033109145094f,-0.03212773692337435f,0f,0f,0f,1f],start_interpolation:0}
execute if entity @s[tag=aj.percival.bone.head] run data modify entity @s {} merge value {transformation:[-0.6873984756380703f,0.02025353948103999f,0.725998023295482f,0.0007280718765229581f,-0.0010326561170254944f,0.9995828252991711f,-0.028863627427452694f,0.8749975921447455f,-0.7262797459049792f,-0.020590519794720676f,-0.6870907954432093f,-0.03300547384674871f,0f,0f,0f,1f],start_interpolation:0}