execute if entity @s[tag=aj.percival.bone.rightarm] run data modify entity @s {} merge value {transformation:[0.4190649385590019f,0.907834121251014f,0.014892466650601455f,-0.27083049696015166f,0.8722044263026433f,-0.40706699602510127f,0.27121190881887347f,0.74681352657448f,0.25227765657825657f,-0.10066612657443186f,-0.9624044445823616f,-0.19400919418229182f,0f,0f,0f,1f],start_interpolation:0}
execute if entity @s[tag=aj.percival.bone.leftarm] run data modify entity @s {} merge value {transformation:[0.5743493903454223f,-0.49192438288464124f,0.6543188667105713f,0.24885174007744706f,-0.8003101220452398f,-0.5054900929834529f,0.3224646871325807f,0.74681352657448f,0.17212346255457062f,-0.7088654085361654f,-0.6840199896341338f,0.021250236523071207f,0f,0f,0f,1f],start_interpolation:0}
execute if entity @s[tag=aj.percival.bone.torso] run data modify entity @s {} merge value {transformation:[-0.9238795325112867f,-0.009666948421589707f,0.38256131471300203f,-0.003625105658096136f,0f,0.9996808911968489f,0.025260953582038507f,0.49988033419881833f,-0.38268343236508984f,0.02333807798616305f,-0.9235847144194114f,-0.022498220755188855f,0f,0f,0f,1f],start_interpolation:0}
execute if entity @s[tag=aj.percival.bone.head] run data modify entity @s {} merge value {transformation:[-0.7011131643291414f,0.008767944542947798f,0.7129961107557812f,-0.007250211316192277f,0.009865147496135231f,0.9999479685958602f,-0.002595951827746662f,0.8747606683976367f,-0.7129817737286542f,0.005213755796379071f,-0.7011631814928947f,-0.013746441510377714f,0f,0f,0f,1f],start_interpolation:0}