execute if entity @s[tag=aj.percival.bone.rightarm] run data modify entity @s {} merge value {transformation:[0.43487374745308255f,0.9002879391832802f,0.01914289260364682f,-0.26717443858201095f,0.8742798557241779f,-0.4272117327666151f,0.23048832782042658f,0.7440386799543319f,0.2156839299786213f,-0.08349707747980384f,-0.972886776763519f,-0.20283569990362701f,0f,0f,0f,1f],start_interpolation:0}
execute if entity @s[tag=aj.percival.bone.leftarm] run data modify entity @s {} merge value {transformation:[0.5619709441856281f,-0.49944863821266694f,0.6593479473530091f,0.25250779845558785f,-0.8009188881857475f,-0.5277403894855199f,0.2828763260737424f,0.7440386799543319f,0.20668234670242214f,-0.6870525009729493f,-0.6965926129872433f,0.012423730801735988f,0f,0f,0f,1f],start_interpolation:0}
execute if entity @s[tag=aj.percival.bone.torso] run data modify entity @s {} merge value {transformation:[-0.9238795325112867f,-0.003838322811396047f,0.38266418265199814f,-0.0014393710542735137f,2.168404344971009e-19f,0.9999496980755799f,0.010030020865220493f,0.49998113677834244f,-0.3826834323650898f,0.009266530988038361f,-0.9238330595928691f,-0.027775050879485615f,0f,0f,0f,1f],start_interpolation:0}
execute if entity @s[tag=aj.percival.bone.head] run data modify entity @s {} merge value {transformation:[-0.6961709129701702f,0.016908906383214434f,0.717676911164908f,-0.0028787421085470313f,0.00398019016900326f,0.9997981134327318f,-0.019694934947058262f,0.8749622735566849f,-0.7178650416481486f,-0.01085455025664247f,-0.6960976660772741f,-0.02430010175897123f,0f,0f,0f,1f],start_interpolation:0}