execute if entity @s[tag=aj.percival.bone.rightarm] run data modify entity @s {} merge value {transformation:[0.18772510312959237f,0.9822139150047158f,0.0038872646029111113f,-0.2834772717783594f,0.9819127782691918f,-0.18776384524449186f,0.02433175478011393f,0.7831092754562142f,0.024628875870835825f,-0.0007507263893088978f,-0.9996963813494713f,-0.17686296777793578f,0f,0f,0f,1f],start_interpolation:0}
execute if entity @s[tag=aj.percival.bone.leftarm] run data modify entity @s {} merge value {transformation:[-0.3630725785862192f,-0.825307293347927f,0.43248835154888543f,0.2575609566842404f,-0.9260198355183357f,0.37105679196369457f,-0.06931176930511812f,0.7831092754562142f,-0.10327423156503295f,-0.4256579949728774f,-0.8989714702983194f,-0.022967271470171337f,0f,0f,0f,1f],start_interpolation:0}
execute if entity @s[tag=aj.percival.bone.torso] run data modify entity @s {} merge value {transformation:[-0.9618457394890664f,0f,0.27359234899158125f,3.827021247335479e-18f,0f,1f,0f,0.5f,-0.27359234899158125f,0f,-0.9618457394890664f,-0.03125f,0f,0f,0f,1f],start_interpolation:0}
execute if entity @s[tag=aj.percival.bone.head] run data modify entity @s {} merge value {transformation:[-0.9473057275466021f,0f,0.32033085795377725f,3.827021247335479e-18f,0f,1f,0f,0.875f,-0.32033085795377725f,0f,-0.9473057275466021f,-0.03125f,0f,0f,0f,1f],start_interpolation:0}