execute if entity @s[tag=aj.percival.bone.rightarm] run data modify entity @s {} merge value {transformation:[0.4129260232633571f,0.9106697902267538f,0.01313896800629466f,-0.2722300236646527f,0.8710393516550107f,-0.3990883218841334f,0.28638952355860614f,0.7478514291803633f,0.26604989603517737f,-0.1068131288937238f,-0.9580231773373776f,-0.19063043783138223f,0f,0f,0f,1f],start_interpolation:0}
execute if entity @s[tag=aj.percival.bone.leftarm] run data modify entity @s {} merge value {transformation:[0.5785807329881716f,-0.48962072281893987f,0.6523157848780982f,0.24745221337294612f,-0.8000193224038464f,-0.49637860488394336f,0.33701240985156733f,0.7478514291803633f,0.1587873395310877f,-0.7168541193295392f,-0.6789011359578876f,0.024628992873980793f,0f,0f,0f,1f],start_interpolation:0}
execute if entity @s[tag=aj.percival.bone.torso] run data modify entity @s {} merge value {transformation:[-0.9238795325112867f,-0.011876429524024292f,0.3824990978139519f,-0.004453661071509106f,0f,0.9995183106046722f,0.031034605942109016f,0.49981936647675207f,-0.3826834323650898f,0.028672237229467677f,-0.9234345095379157f,-0.020497911038949622f,0f,0f,0f,1f],start_interpolation:0}
execute if entity @s[tag=aj.percival.bone.head] run data modify entity @s {} merge value {transformation:[-0.7025738082628183f,0.005129258686445818f,0.7115923936133719f,-0.008907322143018216f,0.012062286481042689f,0.9999161933013846f,0.004701873936769737f,0.8746387329535041f,-0.7115086402763706f,0.011886844787223388f,-0.7025767984591256f,-0.009745822077899244f,0f,0f,0f,1f],start_interpolation:0}