execute if entity @s[tag=aj.percival.bone.rightarm] run data modify entity @s {} merge value {transformation:[0.4384911466857753f,0.897973690476323f,0.03699683081733168f,-0.26124427120902305f,0.881404767360018f,-0.4377161847370588f,0.17756738916328296f,0.7428147484815121f,0.17564495538792355f,-0.0452525450285991f,-0.9834129635179765f,-0.21508805603992548f,0f,0f,0f,1f],start_interpolation:0}
execute if entity @s[tag=aj.percival.bone.leftarm] run data modify entity @s {} merge value {transformation:[0.5107213729914786f,-0.5305258159010522f,0.6765397533273427f,0.25590444490145414f,-0.8270304278475067f,-0.5181706649187096f,0.21799044344207494f,0.7428147484815121f,0.23491349595982994f,-0.6708513402239167f,-0.7034018259399857f,0.006188818995142356f,0f,0f,0f,1f],start_interpolation:0}
execute if entity @s[tag=aj.percival.bone.torso] run data modify entity @s {} merge value {transformation:[-0.9193754953075151f,0.002388392186133299f,0.39337386060950535f,0.0008956470697999908f,0f,0.9999815686016876f,-0.006071446031073367f,0.4999930882256329f,-0.3933811111734539f,-0.005581938702050924f,-0.9193585499315625f,-0.0333432270132691f,0f,0f,0f,1f],start_interpolation:0}
execute if entity @s[tag=aj.percival.bone.head] run data modify entity @s {} merge value {transformation:[-0.6759074192890517f,0.007518262293122069f,0.736948191043377f,0.001791294139599978f,-0.002499504103200727f,0.9999188287813136f,-0.012493531440074052f,0.8749861764512658f,-0.7369823017069352f,-0.010286475620826359f,-0.6758337631326584f,-0.035436454026538194f,0f,0f,0f,1f],start_interpolation:0}