execute if entity @s[tag=aj.percival.bone.rightarm] run data modify entity @s {} merge value {transformation:[0.35734857488526967f,0.9339622017145892f,-0.004074530145215582f,-0.2842917702963886f,0.8536440645312331f,-0.3248413592315048f,0.40714850168363015f,0.7563587934265469f,0.37893773514663803f,-0.14897213531753467f,-0.913352886775353f,-0.16151080552713754f,0f,0f,0f,1f],start_interpolation:0}
execute if entity @s[tag=aj.percival.bone.leftarm] run data modify entity @s {} merge value {transformation:[0.6016975890937162f,-0.48544082378080633f,0.6342769252352022f,0.23539046674121022f,-0.7977687177691788f,-0.40408350337325094f,0.44752831781968927f,0.7563587934265469f,0.03905232679022555f,-0.7752829992387378f,-0.6304055733126548f,0.05374862517822551f,0f,0f,0f,1f],start_interpolation:0}
execute if entity @s[tag=aj.percival.bone.torso] run data modify entity @s {} merge value {transformation:[-0.9238795325112867f,-0.030424489307020176f,0.3814720957778345f,-0.011409183490132563f,0f,0.9968346249541847f,0.07950302190765977f,0.4988129843578193f,-0.38268343236508984f,0.0734512147132833f,-0.9209551072937361f,-0.0037057944825187664f,0f,0f,0f,1f],start_interpolation:0}
execute if entity @s[tag=aj.percival.bone.head] run data modify entity @s {} merge value {transformation:[-0.7075703396295078f,-0.18436800913418705f,0.682167612603002f,-0.02281836698026513f,0.030424489307020165f,0.9565204146292468f,0.2900742092084381f,0.8726259687156386f,-0.7059876521066002f,0.22600250796261095f,-0.6711961721193141f,0.023838411034962467f,0f,0f,0f,1f],start_interpolation:0}