execute if entity @s[tag=aj.percival.bone.rightarm] run data modify entity @s {} merge value {transformation:[0.3423749100184093f,0.9395612151278573f,-0.0020356859654648285f,-0.28518335282771307f,0.855741724492484f,-0.3109351778506162f,0.4135521927612465f,0.7585422885681062f,0.3879246343718269f,-0.14333191620315971f,-0.9104781380379295f,-0.15931914678028042f,0f,0f,0f,1f],start_interpolation:0}
execute if entity @s[tag=aj.percival.bone.leftarm] run data modify entity @s {} merge value {transformation:[0.5800570861968304f,-0.5074776358793285f,0.637181470097154f,0.23413636658560327f,-0.8144835380527877f,-0.3731068912568604f,0.4443059913366625f,0.7585422885681062f,0.012261443383874304f,-0.7766966568609452f,-0.629755476536072f,0.056813402893465724f,0f,0f,0f,1f],start_interpolation:0}
execute if entity @s[tag=aj.percival.bone.torso] run data modify entity @s {} merge value {transformation:[-0.9232350567347847f,-0.03212230921291361f,0.38289056826559315f,-0.0120458659548426f,3.469446951953614e-18f,0.9964993471576027f,0.08360054494123587f,0.498687255184101f,-0.3842356438644376f,0.07718295385188081f,-0.9200031313092253f,-0.0023063923055446946f,0f,0f,0f,1f],start_interpolation:0}
execute if entity @s[tag=aj.percival.bone.head] run data modify entity @s {} merge value {transformation:[-0.7064320957300673f,-0.06096397888324374f,0.7051504005537744f,-0.024091731909685204f,0.031992543485704086f,0.9925148707594602f,0.11785884982743988f,0.872374510368202f,-0.7070574031036946f,0.10581882913761191f,-0.6991939674483787f,0.02663721538891061f,0f,0f,0f,1f],start_interpolation:0}