execute if entity @s[tag=aj.percival.bone.rightarm] run data modify entity @s {} merge value {transformation:[0.42483567877770334f,0.9051203417294864f,0.016486753015271693f,-0.26950647994565063f,0.8731154203643001f,-0.41448841345098597f,0.25664921164296706f,0.7458180389074867f,0.23913199024714407f,-0.09463890374673078f,-0.9663639941233618f,-0.19720565401551293f,0f,0f,0f,1f],start_interpolation:0}
execute if entity @s[tag=aj.percival.bone.leftarm] run data modify entity @s {} merge value {transformation:[0.5701117389944912f,-0.4943783137544082f,0.6561727577018306f,0.25017575709194817f,-0.8005381536721293f,-0.5138319376126634f,0.3084078539927831f,0.7458180389074867f,0.1846923646930086f,-0.7011182658999577f,-0.6887103220117591f,0.018053776689850125f,0f,0f,0f,1f],start_interpolation:0}
execute if entity @s[tag=aj.percival.bone.torso] run data modify entity @s {} merge value {transformation:[-0.9238795325112867f,-0.007565659051061531f,0.3826086384412268f,-0.00283712214414807f,0f,0.9998045540581654f,0.01977001984199749f,0.49992670777181203f,-0.3826834323650899f,0.018265116689363505f,-0.9236989640059134f,-0.024400581241488688f,0f,0f,0f,1f],start_interpolation:0}
execute if entity @s[tag=aj.percival.bone.head] run data modify entity @s {} merge value {transformation:[-0.6995407700620669f,0.011955297260632342f,0.7144926744819575f,-0.005674244288296144f,0.0077603789398216685f,0.9999281763134791f,-0.00913338563240668f,0.8748534155436241f,-0.7145505493243154f,-0.0008444417148609495f,-0.6995833041021702f,-0.017551162482977372f,0f,0f,0f,1f],start_interpolation:0}