execute if entity @s[tag=aj.percival.bone.rightarm] run data modify entity @s {} merge value {transformation:[0.44700074484264646f,0.8942189183622633f,0.023724673931231677f,-0.2637847300950893f,0.8757228725281981f,-0.4428574289854343f,0.19231939091878505f,0.7417447192144077f,0.18248228582818832f,-0.06519067138352796f,-0.981045560472848f,-0.21085285817024374f,0f,0f,0f,1f],start_interpolation:0}
execute if entity @s[tag=aj.percival.bone.leftarm] run data modify entity @s {} merge value {transformation:[0.5451126889642112f,-0.5108361949631693f,0.6647544947164769f,0.25568592608227514f,-0.8045604376370091f,-0.5416433750227075f,0.24352608994388075f,0.7417447192144077f,0.23565792691855653f,-0.6675843289125067f,-0.7062552691986705f,0.004916665559727064f,0f,0f,0f,1f],start_interpolation:0}
execute if entity @s[tag=aj.percival.bone.torso] run data modify entity @s {} merge value {transformation:[-0.923503388759759f,0.0013557170788068965f,0.3835878686565097f,0.00050839390455259f,1.0842021724855044e-19f,0.9999937543974662f,-0.003534284377358311f,0.4999976578990498f,-0.383590264408837f,-0.003263923599331075f,-0.9234976209246543f,-0.03247397134974915f,0f,0f,0f,1f],start_interpolation:0}
execute if entity @s[tag=aj.percival.bone.head] run data modify entity @s {} merge value {transformation:[-0.6855476375965924f,0.019746349806909192f,0.7277599317460632f,0.0010167878091051764f,-0.0014468227287864678f,0.9995931753053265f,-0.028484918588719543f,0.8749953157980996f,-0.7280263342007093f,-0.02058070825597824f,-0.685240170420532f,-0.03369794269949831f,0f,0f,0f,1f],start_interpolation:0}