execute if entity @s[tag=aj.percival.bone.rightarm] run data modify entity @s {} merge value {transformation:[0.438942076438487f,0.8982885032270673f,0.020189564184108f,-0.2662103511447572f,0.8746145683406211f,-0.4323063660991416f,0.21945514957845796f,0.7432990905223064f,0.20586211496586232f,-0.0786700120772183f,-0.9754136654884186f,-0.20516321286995856f,0f,0f,0f,1f],start_interpolation:0}
execute if entity @s[tag=aj.percival.bone.leftarm] run data modify entity @s {} merge value {transformation:[0.5582441585702747f,-0.501916383176936f,0.6606386332335928f,0.2534718858928416f,-0.8011527745928506f,-0.5330945192714249f,0.27196408822663687f,0.7432990905223064f,0.2156796030790666f,-0.6810948376117323f,-0.6997086043449119f,0.01009621783540449f,0f,0f,0f,1f],start_interpolation:0}
execute if entity @s[tag=aj.percival.bone.torso] run data modify entity @s {} merge value {transformation:[-0.9238795325112867f,-0.002287573292603778f,0.38267659507103025f,-0.0008578399847264129f,0f,0.9999821332896035f,0.005977717087112812f,0.4999932999836013f,-0.38268343236508984f,0.0055226904679265155f,-0.9238630258232382f,-0.029178991074527556f,0f,0f,0f,1f],start_interpolation:0}
execute if entity @s[tag=aj.percival.bone.head] run data modify entity @s {} merge value {transformation:[-0.6944285653863085f,0.01864153690288291f,0.7193201378228f,-0.0017156799694528295f,0.0023853808066309694f,0.9997185087814706f,-0.023605362910997706f,0.8749865999672026f,-0.7195576957645029f,-0.014676385851121665f,-0.6942775570075905f,-0.02710798214905511f,0f,0f,0f,1f],start_interpolation:0}