execute if entity @s[tag=aj.percival.bone.rightarm] run data modify entity @s {} merge value {transformation:[0.21355178334621722f,0.9769182134563187f,0.0051419886196664155f,-0.2815633601152735f,0.97618788760981f,-0.21359158256195587f,0.03789253148808858f,0.7793907245437858f,0.03811618965147088f,-0.003072470666038163f,-0.9992685905253199f,-0.18053018703296428f,0f,0f,0f,1f],start_interpolation:0}
execute if entity @s[tag=aj.percival.bone.leftarm] run data modify entity @s {} merge value {transformation:[-0.27731668133237136f,-0.8383513899433231f,0.46932121754177936f,0.25743175098026444f,-0.9572051971528063f,0.28317023171268285f,-0.05977315798452411f,0.7793907245437858f,-0.08278688784135645f,-0.4658128023700977f,-0.8810021364047076f,-0.01962487259273616f,0f,0f,0f,1f],start_interpolation:0}
execute if entity @s[tag=aj.percival.bone.torso] run data modify entity @s {} merge value {transformation:[-0.958213530836512f,0f,0.28605389233818335f,3.827021247335479e-18f,0f,1f,0f,0.5f,-0.28605389233818335f,0f,-0.958213530836512f,-0.03125f,0f,0f,0f,1f],start_interpolation:0}
execute if entity @s[tag=aj.percival.bone.head] run data modify entity @s {} merge value {transformation:[-0.9368795181037742f,0f,0.3496523538568558f,3.827021247335479e-18f,0f,1f,0f,0.875f,-0.3496523538568558f,0f,-0.9368795181037742f,-0.03125f,0f,0f,0f,1f],start_interpolation:0}