execute if entity @s[tag=aj.percival.bone.rightarm] run data modify entity @s {} merge value {transformation:[-0.06252786488187187f,0.9979641973603501f,0.012558937065974746f,-0.29859910188413163f,0.9958202188449461f,0.06322305832990671f,-0.06591613334395002f,0.816786694101509f,-0.06657595551637659f,0.008384848378232945f,-0.9977461282634754f,-0.14261012012381263f,0f,0f,0f,1f],start_interpolation:0}
execute if entity @s[tag=aj.percival.bone.leftarm] run data modify entity @s {} merge value {transformation:[-0.9316558978477569f,-0.3309177540276284f,0.15003575598769742f,0.2567547698812621f,-0.3309617550052494f,0.9433019080264766f,0.025413127266315574f,0.816786694101509f,-0.14993866989317728f,-0.02597980721480915f,-0.9883539066992886f,-0.05323267825402865f,0f,0f,0f,1f],start_interpolation:0}
execute if entity @s[tag=aj.percival.bone.torso] run data modify entity @s {} merge value {transformation:[-0.9872957720273666f,0f,0.15889322999072705f,3.827021247335479e-18f,0f,1f,0f,0.5f,-0.15889322999072705f,0f,-0.9872957720273666f,-0.03125f,0f,0f,0f,1f],start_interpolation:0}
execute if entity @s[tag=aj.percival.bone.head] run data modify entity @s {} merge value {transformation:[-0.9992245650853262f,0f,0.03937344955729444f,3.827021247335479e-18f,0f,1f,0f,0.875f,-0.03937344955729444f,0f,-0.9992245650853262f,-0.03125f,0f,0f,0f,1f],start_interpolation:0}