execute if entity @s[tag=aj.percival.bone.rightarm] run data modify entity @s {} merge value {transformation:[0.44468170094158305f,0.8954256696141425f,0.021703802518588f,-0.264794639386959f,0.875039030623398f,-0.43947537180318363f,0.20289921750494314f,0.7422337278106509f,0.19121945437994872f,-0.07123389484310727f,-0.9789590657898398f,-0.208581043396046f,0f,0f,0f,1f],start_interpolation:0}
execute if entity @s[tag=aj.percival.bone.leftarm] run data modify entity @s {} merge value {transformation:[0.551919419589678f,-0.5063432637854137f,0.6625718478013746f,0.2548875976506398f,-0.8019484241770204f,-0.5401112898929763f,0.255261668665977f,0.7422337278106509f,0.22861250893113158f,-0.6722323212619877f,-0.7041590921169258f,0.006678387309317038f,0f,0f,0f,1f],start_interpolation:0}
execute if entity @s[tag=aj.percival.bone.torso] run data modify entity @s {} merge value {transformation:[-0.9238795325112867f,0f,0.38268343236508984f,3.827021247335479e-18f,0f,1f,0f,0.5f,-0.38268343236508984f,0f,-0.9238795325112867f,-0.03125f,0f,0f,0f,1f],start_interpolation:0}
execute if entity @s[tag=aj.percival.bone.head] run data modify entity @s {} merge value {transformation:[-0.6909677632469009f,0.02053537045793706f,0.7225938338470168f,3.827021247335479e-18f,8.673617379884035e-19f,0.9995964255918255f,-0.02840749802509902f,0.875f,-0.7228855719639f,-0.019628665369843423f,-0.6906889063407808f,-0.03125f,0f,0f,0f,1f],start_interpolation:0}