execute if entity @s[tag=aj.percival.bone.rightarm] run data modify entity @s {} merge value {transformation:[0.3440086519480016f,0.9389478949789305f,-0.005907444418162711f,-0.2862702568206677f,0.85194517116112f,-0.3094753801167879f,0.4223913048783312f,0.7582716486412722f,0.3947752179660831f,-0.15033908213170855f,-0.9063943334242701f,-0.1567343165272504f,0f,0f,0f,1f],start_interpolation:0}
execute if entity @s[tag=aj.percival.bone.leftarm] run data modify entity @s {} merge value {transformation:[0.5923682916029764f,-0.4981536892170027f,0.6332003703590681f,0.2334119802169311f,-0.8055819514178068f,-0.37766948908141285f,0.4565122961836439f,0.7582716486412722f,0.011727175842863286f,-0.7805181989783934f,-0.625023051103138f,0.058525114178112625f,0f,0f,0f,1f],start_interpolation:0}
execute if entity @s[tag=aj.percival.bone.torso] run data modify entity @s {} merge value {transformation:[-0.9238795325112867f,-0.033353058785002616f,0.38122720636965357f,-0.012507397044375979f,3.469446951953614e-18f,0.9961946980917455f,0.08715574274765817f,0.4985730117844046f,-0.38268343236508984f,0.0805214068653804f,-0.9203638919632243f,-0.0010544724254823515f,0f,0f,0f,1f],start_interpolation:0}
execute if entity @s[tag=aj.percival.bone.head] run data modify entity @s {} merge value {transformation:[-0.7076640547487802f,-0.17039940864560782f,0.6856935373399274f,-0.02501479408875196f,0.033353058785002596f,0.9613441491095654f,0.27332215505240304f,0.8721460235688092f,-0.7057614037946531f,0.21629024135645333f,-0.6746253570744045f,0.029141055149035297f,0f,0f,0f,1f],start_interpolation:0}