execute if entity @s[tag=aj.percival.bone.rightarm] run data modify entity @s {} merge value {transformation:[0.4324620449837192f,0.9007300446211369f,0.04076722170205371f,-0.2609583486504278f,0.8841724081634812f,-0.43250421477236156f,0.17657649007309337f,0.7437607783517857f,0.17667974499327863f,-0.04031737740661806f,-0.9834423098424038f,-0.21527374800944893f,0f,0f,0f,1f],start_interpolation:0}
execute if entity @s[tag=aj.percival.bone.leftarm] run data modify entity @s {} merge value {transformation:[0.496473712024472f,-0.5398876273553331f,0.679731714058768f,0.255552612257313f,-0.8375767812573671f,-0.503607799074081f,0.21176477565994845f,0.7437607783517857f,0.22798901018950485f,-0.6744631454278202f,-0.7022253745717403f,0.007487732642306288f,0f,0f,0f,1f],start_interpolation:0}
execute if entity @s[tag=aj.percival.bone.torso] run data modify entity @s {} merge value {transformation:[-0.9182417082804281f,0.002006990774476265f,0.3960153244033273f,0.0007526215404286032f,0f,0.9999871581259235f,-0.0050678973193205145f,0.49999518429722134f,-0.39602041004756483f,-0.004653554691882672f,-0.9182299163360386f,-0.032995083009456f,0f,0f,0f,1f],start_interpolation:0}
execute if entity @s[tag=aj.percival.bone.head] run data modify entity @s {} merge value {transformation:[-0.6805088246806947f,0.0038645911106478126f,0.7327296939985763f,0.0015052430808572027f,-0.0020440831800891722f,0.9999721881309569f,-0.007172495279805338f,0.8749903685944427f,-0.7327370341777824f,-0.006378706775942537f,-0.6804819989126928f,-0.03474016601891201f,0f,0f,0f,1f],start_interpolation:0}