execute if entity @s[tag=aj.lysander.bone.rightarm] run data modify entity @s {} merge value {transformation:[-1f,-1.915769668878472e-17f,1.2095693648649962e-16f,-0.3125f,0f,0.9876883405951378f,0.1564344650402308f,1.475f,-1.2246467991473532e-16f,0.1564344650402308f,-0.9876883405951378f,-0.03125000000000004f,0f,0f,0f,1f],start_interpolation:0}
execute if entity @s[tag=aj.lysander.bone.leftarm] run data modify entity @s {} merge value {transformation:[-1f,1.915769668878472e-17f,1.2095693648649962e-16f,0.3125f,0f,0.9876883405951378f,-0.1564344650402308f,1.475f,-1.2246467991473532e-16f,-0.1564344650402308f,-0.9876883405951378f,-0.031249999999999962f,0f,0f,0f,1f],start_interpolation:0}
execute if entity @s[tag=aj.lysander.bone.torso] run data modify entity @s {} merge value {transformation:[-1f,0f,1.2246467991473532e-16f,3.827021247335479e-18f,0f,1f,0f,1.1625f,-1.2246467991473532e-16f,0f,-1f,-0.03125f,0f,0f,0f,1f],start_interpolation:0}
execute if entity @s[tag=aj.lysander.bone.head] run data modify entity @s {} merge value {transformation:[-1f,0f,1.2246467991473532e-16f,3.827021247335479e-18f,0f,1f,0f,1.5375f,-1.2246467991473532e-16f,0f,-1f,-0.03125f,0f,0f,0f,1f],start_interpolation:0}
execute if entity @s[tag=aj.lysander.bone.leftleg] run data modify entity @s {} merge value {transformation:[-0.9999756307053947f,-0.006828703010549288f,-0.0014514856325879605f,0.125f,-0.006981260297961549f,0.9781237639667559f,0.20790662415651393f,0.7875000000000001f,-1.225701157541203e-16f,0.20791169081775931f,-0.9781476007338057f,-0.012499999999999983f,0f,0f,0f,1f],start_interpolation:0}
execute if entity @s[tag=aj.lysander.bone.rightleg] run data modify entity @s {} merge value {transformation:[-0.9999756307053947f,0.006977007502815377f,-0.0002436424707478877f,-0.125f,0.006981260297961551f,0.9993664725696063f,-0.03489864622638425f,0.7875000000000001f,-1.2246169553687175e-16f,-0.03489949670250096f,-0.9993908270190958f,0.012499999999999983f,0f,0f,0f,1f],start_interpolation:0}