execute if entity @s[tag=aj.villager_link.bone.rightarm] run data modify entity @s {} merge value {transformation:[-0.9915798415904595f,0.12822499788962335f,0.018104354935903278f,-0.37123041629268544f,-0.005940402913519503f,0.09461826945837576f,-0.9954959039081613f,0.703125f,-0.12936046291144804f,-0.9872212178640146f,-0.0930598604900501f,-0.37639768532943185f,0f,0f,0f,1f],start_interpolation:0}
execute if entity @s[tag=aj.villager_link.bone.leftarm] run data modify entity @s {} merge value {transformation:[-0.9729335399787374f,-0.2310851072320379f,2.719262146893782e-32f,0.2513912700146555f,-5.1311201339396375e-17f,2.160346435028909e-16f,-1f,0.703125f,0.2310851072320379f,-0.9729335399787374f,-2.220446049250313e-16f,-0.4308700245467182f,0f,0f,0f,1f],start_interpolation:0}
execute if entity @s[tag=aj.villager_link.bone.head] run data modify entity @s {} merge value {transformation:[-0.9690499139464306f,-0.08715574274765805f,-0.23096783496088674f,-0.06536680706074358f,0.23185009456817596f,2.2119965816619248e-16f,-0.9727515271891007f,0.703125f,0.08478088186108482f,-0.9961946980917455f,0.020207067198203924f,-0.4658960235688092f,0f,0f,0f,1f],start_interpolation:0}