execute if entity @s[tag=aj.villager_link.bone.torso] run data modify entity @s {} merge value {transformation:[-0.9974477024570573f,0.009734624906487598f,-0.07073413561405566f,0.003650484339932845f,0.0013873082215742954f,0.993117670472701f,0.11711262942472911f,1.0599191264272627f,0.07138736750319329f,0.11671559310051749f,-0.9905964436076674f,0.07501834741269406f,0f,0f,0f,1f],start_interpolation:0}
execute if entity @s[tag=aj.villager_link.bone.rightarm] run data modify entity @s {} merge value {transformation:[-0.9884962497618124f,0.129657468673052f,-0.07787236367370148f,-0.3050098523946202f,0.13497159285287266f,0.9885575663510159f,-0.06735434011936718f,1.3707019322692238f,0.06824832107525466f,-0.07709006957743374f,-0.9946855220837164f,0.13380052260135367f,0f,0f,0f,1f],start_interpolation:0}
execute if entity @s[tag=aj.villager_link.bone.leftarm] run data modify entity @s {} merge value {transformation:[-0.9945005412756083f,-0.07723571363983518f,-0.07073413561405566f,0.31839496164104064f,-0.0851738791109209f,0.9894594697846012f,0.11711262942472911f,1.3698348646307397f,0.06094328281049907f,0.12249327406890989f,-0.9905964436076674f,0.08918341791185787f,0f,0f,0f,1f],start_interpolation:0}
execute if entity @s[tag=aj.villager_link.bone.head] run data modify entity @s {} merge value {transformation:[-0.9992094364009343f,0.028773395962075565f,-0.0274334447734255f,0.007300968679865695f,0.022456692095601416f,0.9779243871144352f,0.20774886297397582f,1.4323382528545257f,0.03280547496151099f,0.20696855986276286f,-0.9777974309850092f,0.11878669482538812f,0f,0f,0f,1f],start_interpolation:0}