execute if entity @s[tag=aj.villager_link.bone.torso] run data modify entity @s {} merge value {transformation:[-0.9959181834437499f,0.00977641960160306f,-0.08972955759321788f,0.003666157350601144f,-0.00027334513817647073f,0.9937855745848648f,0.11131108224011377f,1.0601695904693242f,0.09026016379630965f,0.11088125796005088f,-0.989726451836395f,0.07283047173501908f,0f,0f,0f,1f],start_interpolation:0}
execute if entity @s[tag=aj.villager_link.bone.rightarm] run data modify entity @s {} merge value {transformation:[-0.9873191250115073f,0.12601852419652085f,-0.096541581434336f,-0.30450314385006977f,0.13330912367242917f,0.988368256551828f,-0.07319062089085361f,1.3706421621714144f,0.08619526049731858f,-0.08513237339596821f,-0.9926343012750307f,0.13568716603388176f,0f,0f,0f,1f],start_interpolation:0}
execute if entity @s[tag=aj.villager_link.bone.leftarm] run data modify entity @s {} merge value {transformation:[-0.9929804851916166f,-0.07706077162050134f,-0.08972955759321788f,0.31794572080227396f,-0.0868864248622527f,0.9899800968429571f,0.11131108224011377f,1.3708130028827747f,0.08025275822847328f,0.11832601291373851f,-0.989726451836395f,0.07927456366118822f,0f,0f,0f,1f],start_interpolation:0}
execute if entity @s[tag=aj.villager_link.bone.head] run data modify entity @s {} merge value {transformation:[-0.9394976821579089f,0.043790656894802424f,-0.3397447329814525f,0.007332314701202292f,-0.028842398204255753f,0.9781613667233101f,0.20583599470406772f,1.4328391809386485f,0.3413388657708699f,0.20318149280558892f,-0.9177173092491764f,0.11441094347003816f,0f,0f,0f,1f],start_interpolation:0}