execute if entity @s[tag=aj.villager_link.bone.torso] run data modify entity @s {} merge value {transformation:[-0.9959390862684272f,0.007543791503977475f,-0.08971302944698097f,0.0028289218139915494f,-0.0002530136820691745f,0.9962447772483136f,0.0865810590691467f,1.0610917914681175f,0.09002928649549012f,0.08625215948138876f,-0.992197204469913f,0.06359455980552078f,0f,0f,0f,1f],start_interpolation:0}
execute if entity @s[tag=aj.villager_link.bone.rightarm] run data modify entity @s {} merge value {transformation:[-0.9876351088722324f,0.12384971678833835f,-0.09611524007347737f,-0.30604460779989895f,0.1332067091593887f,0.9862360859659957f,-0.09795078036136222f,1.3723392175825688f,0.08266114176479687f,-0.10954282445656652f,-0.9905389973404471f,0.11868251167329544f,0f,0f,0f,1f],start_interpolation:0}
execute if entity @s[tag=aj.villager_link.bone.leftarm] run data modify entity @s {} merge value {transformation:[-0.9928067221146074f,-0.07928672569537687f,-0.08971302944698097f,0.316417321117868f,-0.08708050440817404f,0.992431713500976f,0.0865810590691467f,1.3724973511338618f,0.08216932685660014f,0.09377051330787932f,-0.992197204469913f,0.0624142076136141f,0f,0f,0f,1f],start_interpolation:0}
execute if entity @s[tag=aj.villager_link.bone.head] run data modify entity @s {} merge value {transformation:[-0.9395639732502844f,0.052383349643064694f,-0.3383423190354867f,0.005657843627983103f,-0.022463295453320167f,0.9766649994546546f,0.21359044734635657f,1.434683582936235f,0.341635683920043f,0.2082821728339042f,-0.9164625447622354f,0.09593911961104157f,0f,0f,0f,1f],start_interpolation:0}