execute if entity @s[tag=aj.villager_link.bone.rightarm] run data modify entity @s {} merge value {transformation:[-0.9407913962194883f,0.3081809389355186f,0.1411951050008749f,-0.37123041629268544f,6.139223793543542e-17f,0.41652186242382344f,-0.9091256998473806f,0.703125f,-0.3389860598894679f,-0.8552976364984364f,-0.3918601845056505f,-0.37639768532943185f,0f,0f,0f,1f],start_interpolation:0}
execute if entity @s[tag=aj.villager_link.bone.leftarm] run data modify entity @s {} merge value {transformation:[-0.9341556149878716f,-0.3568659229831723f,2.719262146893782e-32f,0.2513912700146555f,-7.924015288000517e-17f,2.0742421446848158e-16f,-1f,0.703125f,0.3568659229831723f,-0.9341556149878716f,-2.220446049250313e-16f,-0.4308700245467182f,0f,0f,0f,1f],start_interpolation:0}
execute if entity @s[tag=aj.villager_link.bone.head] run data modify entity @s {} merge value {transformation:[-0.8661503820629326f,-0.08715574274765805f,0.49212538255848987f,-0.06536680706074358f,-0.494005221570821f,2.2119965816619248e-16f,-0.8694589358105212f,0.703125f,0.07577833933915422f,-0.9961946980917455f,-0.04305539200722649f,-0.4658960235688092f,0f,0f,0f,1f],start_interpolation:0}