execute if entity @s[tag=aj.villager_link.bone.rightarm] run data modify entity @s {} merge value {transformation:[-0.9510660528186354f,0.28322479114899124f,0.12351955656733418f,-0.37123041629268544f,6.860903899063628e-17f,0.399755652345633f,-0.9166217422785242f,0.703125f,-0.3089876424324775f,-0.8717678223565767f,-0.3801940303682999f,-0.37639768532943185f,0f,0f,0f,1f],start_interpolation:0}
execute if entity @s[tag=aj.villager_link.bone.leftarm] run data modify entity @s {} merge value {transformation:[-0.9446935235240651f,-0.3279544886286611f,2.719262146893782e-32f,0.2513912700146555f,-7.282052486094175e-17f,2.097641002061368e-16f,-1f,0.703125f,0.3279544886286611f,-0.9446935235240651f,-2.220446049250313e-16f,-0.4308700245467182f,0f,0f,0f,1f],start_interpolation:0}
execute if entity @s[tag=aj.villager_link.bone.head] run data modify entity @s {} merge value {transformation:[-0.8744721808376595f,-0.08715574274765805f,0.47718160216748906f,-0.06536680706074358f,-0.47900435836644306f,2.2119965816619248e-16f,-0.877812522504636f,0.703125f,0.07650640239208674f,-0.9961946980917455f,-0.04174798063279291f,-0.4658960235688092f,0f,0f,0f,1f],start_interpolation:0}