execute if entity @s[tag=aj.villager_link.bone.rightarm] run data modify entity @s {} merge value {transformation:[-0.9438134691782569f,0.30131128240515354f,0.13574846773744886f,-0.37123041629268544f,7.338100036563145e-17f,0.41076320488617296f,-0.9117420630373702f,0.703125f,-0.3304786459027321f,-0.8605144395110413f,-0.3876838454143981f,-0.37639768532943185f,0f,0f,0f,1f],start_interpolation:0}
execute if entity @s[tag=aj.villager_link.bone.leftarm] run data modify entity @s {} merge value {transformation:[-0.9389232900687943f,-0.34412651069975836f,2.719262146893782e-32f,0.2513912700146555f,-7.641143511255743e-17f,2.08482850998236e-16f,-1f,0.703125f,0.34412651069975836f,-0.9389232900687943f,-2.220446049250313e-16f,-0.4308700245467182f,0f,0f,0f,1f],start_interpolation:0}
execute if entity @s[tag=aj.villager_link.bone.head] run data modify entity @s {} merge value {transformation:[-0.8691367482276456f,-0.08715574274765805f,0.48683178756771645f,-0.06536680706074358f,-0.48869140590716253f,2.2119965816619248e-16f,-0.8724567094088285f,0.703125f,0.076039612523704f,-0.9961946980917455f,-0.04259226245623619f,-0.4658960235688092f,0f,0f,0f,1f],start_interpolation:0}