execute if entity @s[tag=aj.villager_link.bone.torso] run data modify entity @s {} merge value {transformation:[-0.9978516564517259f,0.009154913553411172f,-0.06487109737299339f,0.0034330925825291855f,0.0019060729219377425f,0.993825943907114f,0.11093403491782872f,1.0601847289651676f,0.06548617107880929f,0.11057206145751008f,-0.9917083142852405f,0.07271452304656628f,0f,0f,0f,1f],start_interpolation:0}
execute if entity @s[tag=aj.villager_link.bone.rightarm] run data modify entity @s {} merge value {transformation:[-0.9888670841115161f,0.1302194697858071f,-0.07200541402902286f,-0.30553463957319416f,0.13546751001625232f,0.9880477284093514f,-0.07355433444140029f,1.3713509842242462f,0.06156657933314383f,-0.08248985436903168f,-0.9946883834826823f,0.12773272071416608f,0f,0f,0f,1f],start_interpolation:0}
execute if entity @s[tag=aj.villager_link.bone.leftarm] run data modify entity @s {} merge value {transformation:[-0.9948524329298135f,-0.07784842592663474f,-0.06487109737299339f,0.3181226457091345f,-0.08471881856410637f,0.9902102613475342f,0.11093403491782872f,1.3701596886480352f,0.055599986283569824f,0.11585879726112003f,-0.9917083142852405f,0.08680386378991028f,0f,0f,0f,1f],start_interpolation:0}
execute if entity @s[tag=aj.villager_link.bone.head] run data modify entity @s {} merge value {transformation:[-0.9977221309953265f,0.027673858401168237f,0.06151997141852911f,0.006866185165058375f,0.03894021649916914f,0.9809620349855592f,0.19025547418139666f,1.4328694579303354f,-0.05508365330243062f,0.19221769813984976f,-0.9798051580088131f,0.11417904609313256f,0f,0f,0f,1f],start_interpolation:0}