execute if entity @s[tag=aj.villager_link.bone.rightarm] run data modify entity @s {} merge value {transformation:[-0.9789361589116532f,0.19034410987355999f,0.07384522064250827f,-0.37123041629268544f,5.2272983884152615e-17f,0.3616910111201655f,-0.9322980277115641f,0.703125f,-0.20416659074221377f,-0.9126602502088684f,-0.35407240913884686f,-0.37639768532943185f,0f,0f,0f,1f],start_interpolation:0}
execute if entity @s[tag=aj.villager_link.bone.leftarm] run data modify entity @s {} merge value {transformation:[-0.9543888748666841f,-0.2985663670454277f,2.719262146893782e-32f,0.2513912700146555f,-6.629505101450391e-17f,2.11916900664618e-16f,-1f,0.703125f,0.2985663670454277f,-0.9543888748666841f,-2.220446049250313e-16f,-0.4308700245467182f,0f,0f,0f,1f],start_interpolation:0}
execute if entity @s[tag=aj.villager_link.bone.head] run data modify entity @s {} merge value {transformation:[-0.889939488079389f,-0.08715574274765805f,0.44767352396930854f,-0.06536680706074358f,-0.44938356410332914f,2.2119965816619248e-16f,-0.893338912347262f,0.703125f,0.07785961643101053f,-0.9961946980917455f,-0.03916635830801566f,-0.4658960235688092f,0f,0f,0f,1f],start_interpolation:0}