execute if entity @s[tag=aj.villager_link.bone.rightarm] run data modify entity @s {} merge value {transformation:[-0.9906050438389378f,0.1340533769218079f,0.027043284872877844f,-0.37123041629268544f,-0.0013423752834285764f,0.18821010439935712f,-0.9821278708144788f,0.703125f,-0.1367473771209319f,-0.9729371247608156f,-0.18626192877961628f,-0.37639768532943185f,0f,0f,0f,1f],start_interpolation:0}
execute if entity @s[tag=aj.villager_link.bone.leftarm] run data modify entity @s {} merge value {transformation:[-0.9675787159693116f,-0.2525696505979653f,2.719262146893782e-32f,0.2513912700146555f,-5.608172828307843e-17f,2.1484563372127487e-16f,-1f,0.703125f,0.2525696505979653f,-0.9675787159693116f,-2.220446049250313e-16f,-0.4308700245467182f,0f,0f,0f,1f],start_interpolation:0}
execute if entity @s[tag=aj.villager_link.bone.head] run data modify entity @s {} merge value {transformation:[-0.9695745896203797f,-0.08715574274765805f,0.22875530959646898f,-0.06536680706074358f,-0.22962911771630565f,2.2119965816619248e-16f,-0.9732782070388872f,0.703125f,0.08482678503458307f,-0.9961946980917455f,-0.020013496311054237f,-0.4658960235688092f,0f,0f,0f,1f],start_interpolation:0}