execute if entity @s[tag=aj.villager_link.bone.rightarm] run data modify entity @s {} merge value {transformation:[-0.9987195309784345f,0.04975116126476081f,0.00917171712515549f,-0.3712304162926854f,-0.017912477065702516f,-0.17820960598525026f,-0.9838294971690738f,0.06250000000000008f,-0.04731217187560501f,-0.9827340221481037f,0.17887258064058786f,-0.6263976853294319f,0f,0f,0f,1f],start_interpolation:0}
execute if entity @s[tag=aj.villager_link.bone.leftarm] run data modify entity @s {} merge value {transformation:[-0.9846330586606017f,-0.1746360208910756f,2.719262146893782e-32f,0.25139127001465555f,-3.877698626443842e-17f,2.1863245850641848e-16f,-1f,0.06250000000000008f,0.1746360208910756f,-0.9846330586606017f,-2.220446049250313e-16f,-0.6808700245467182f,0f,0f,0f,1f],start_interpolation:0}
execute if entity @s[tag=aj.villager_link.bone.head] run data modify entity @s {} merge value {transformation:[-0.9638786436737155f,-0.10715907690516689f,-0.24383373947538758f,-0.06536680706074355f,0.252639411135688f,-0.07799187416723298f,-0.9644120465365907f,0.0625000000000001f,0.08432845433619364f,-0.9911781877143558f,0.10224730797704888f,-0.7158960235688092f,0f,0f,0f,1f],start_interpolation:0}