execute if entity @s[tag=aj.villager_link.bone.rightarm] run data modify entity @s {} merge value {transformation:[-0.9910102625139806f,0.13215291071382262f,0.02083909263465364f,-0.37123041629268544f,-0.004698222915731116f,0.12129144490347776f,-0.9926058190916779f,0.703125f,-0.1337033518405778f,-0.9837804600535076f,-0.11958018282099926f,-0.37639768532943185f,0f,0f,0f,1f],start_interpolation:0}
execute if entity @s[tag=aj.villager_link.bone.leftarm] run data modify entity @s {} merge value {transformation:[-0.9715338171926501f,-0.23690091188317203f,2.719262146893782e-32f,0.2513912700146555f,-5.260256938547861e-17f,2.1572384260984958e-16f,-1f,0.703125f,0.23690091188317203f,-0.9715338171926501f,-2.220446049250313e-16f,-0.4308700245467182f,0f,0f,0f,1f],start_interpolation:0}
execute if entity @s[tag=aj.villager_link.bone.head] run data modify entity @s {} merge value {transformation:[-0.9756765418088696f,-0.08715574274765805f,-0.2011446302290697f,-0.06536680706074358f,0.2019129700392614f,2.2119965816619248e-16f,-0.9794034676934344f,0.703125f,0.08536063667645324f,-0.9961946980917455f,0.01759787487415724f,-0.4658960235688092f,0f,0f,0f,1f],start_interpolation:0}