execute if entity @s[tag=aj.villager_link.bone.rightarm] run data modify entity @s {} merge value {transformation:[-0.9823180250352193f,0.17502905821097325f,0.06645394249166957f,-0.37123041629268544f,4.8510066627336883e-17f,0.35495124240161585f,-0.9348848140372958f,0.703125f,-0.18721991798659243f,-0.9183542041605347f,-0.34867500341975266f,-0.37639768532943185f,0f,0f,0f,1f],start_interpolation:0}
execute if entity @s[tag=aj.villager_link.bone.leftarm] run data modify entity @s {} merge value {transformation:[-0.9554033747393296f,-0.2953038969209518f,2.719262146893782e-32f,0.2513912700146555f,-6.557063712463494e-17f,2.1214216488803607e-16f,-1f,0.703125f,0.2953038969209518f,-0.9554033747393296f,-2.220446049250313e-16f,-0.4308700245467182f,0f,0f,0f,1f],start_interpolation:0}
execute if entity @s[tag=aj.villager_link.bone.head] run data modify entity @s {} merge value {transformation:[-0.8922510574722157f,-0.08715574274765805f,0.4430484476282666f,-0.06536680706074358f,-0.44474082072203885f,2.2119965816619248e-16f,-0.8956593115596394f,0.703125f,0.07806185254783635f,-0.9961946980917455f,-0.03876171656023253f,-0.4658960235688092f,0f,0f,0f,1f],start_interpolation:0}