execute if entity @s[tag=aj.villager_link.bone.rightarm] run data modify entity @s {} merge value {transformation:[-0.9911382268671982f,0.13129635627898134f,0.020156439923984863f,-0.37123041629268544f,-0.0050082097569729405f,0.11469727820054017f,-0.993387865945834f,0.703125f,-0.13274009596793493f,-0.9846856357240369f,-0.11302329724960575f,-0.37639768532943185f,0f,0f,0f,1f],start_interpolation:0}
execute if entity @s[tag=aj.villager_link.bone.leftarm] run data modify entity @s {} merge value {transformation:[-0.9718863752970354f,-0.2354503631596056f,2.719262146893782e-32f,0.2513912700146555f,-5.22804828672298e-17f,2.1580212623485093e-16f,-1f,0.703125f,0.2354503631596056f,-0.9718863752970354f,-2.220446049250313e-16f,-0.4308700245467182f,0f,0f,0f,1f],start_interpolation:0}
execute if entity @s[tag=aj.villager_link.bone.head] run data modify entity @s {} merge value {transformation:[-0.9737248935446806f,-0.08715574274765805f,-0.21038942035545502f,-0.06536680706074358f,0.21119307376205185f,2.2119965816619248e-16f,-0.9774443644499345f,0.703125f,0.08518988957814666f,-0.9961946980917455f,0.018406689206892347f,-0.4658960235688092f,0f,0f,0f,1f],start_interpolation:0}