execute if entity @s[tag=aj.villager_link.bone.torso] run data modify entity @s {} merge value {transformation:[-0.9965677847883013f,0.011001302768280359f,-0.08204646037178269f,0.004125488538105131f,0.0003851725493432847f,0.9917353761688575f,0.12829963093213448f,1.0594007660633213f,0.0827798403250762f,0.12782767694288788f,-0.9883357643246246f,0.07918537885358296f,0f,0f,0f,1f],start_interpolation:0}
execute if entity @s[tag=aj.villager_link.bone.rightarm] run data modify entity @s {} merge value {transformation:[-0.987661520577722f,0.12870402737489875f,-0.08921879907050488f,-0.3038640370931514f,0.13399816472585155f,0.9893917761477119f,-0.0561106508728918f,1.3694384375377593f,0.08105067933216457f,-0.0673734860962182f,-0.9944302895382047f,0.14500022799982173f,0f,0f,0f,1f],start_interpolation:0}
execute if entity @s[tag=aj.villager_link.bone.leftarm] run data modify entity @s {} merge value {transformation:[-0.9937343702091028f,-0.07589716599174984f,-0.08204646037178269f,0.3189908283995369f,-0.0860517264676187f,0.9879950936490628f,0.12829963093213448f,1.3691977046944197f,0.0713239219130571f,0.13455599250795394f,-0.9883357643246246f,0.0932628277966491f,0f,0f,0f,1f],start_interpolation:0}
execute if entity @s[tag=aj.villager_link.bone.head] run data modify entity @s {} merge value {transformation:[-0.9473836944645138f,0.04272439860153977f,-0.31723612850194993f,0.008250977076210265f,-0.027932505132426066f,0.9762379637003228f,0.21489349312455713f,1.4313015321266431f,0.3188791473580484f,0.21244779122029922f,-0.9236785292437084f,0.1271207577071659f,0f,0f,0f,1f],start_interpolation:0}