execute if entity @s[tag=aj.villager_link.bone.rightarm] run data modify entity @s {} merge value {transformation:[-0.9908934942235197f,0.13291776032199076f,0.02151632163008977f,-0.37123041629268544f,-0.004388686945662733f,0.12782997178488426f,-0.9917863871521774f,0.703125f,-0.13457645608499513f,-0.9828491070883981f,-0.12608255296884602f,-0.37639768532943185f,0f,0f,0f,1f],start_interpolation:0}
execute if entity @s[tag=aj.villager_link.bone.leftarm] run data modify entity @s {} merge value {transformation:[-0.9711796121613568f,-0.23834882194404985f,2.719262146893782e-32f,0.2513912700146555f,-5.2924070002913213e-17f,2.156451932936136e-16f,-1f,0.703125f,0.23834882194404985f,-0.9711796121613568f,-2.220446049250313e-16f,-0.4308700245467182f,0f,0f,0f,1f],start_interpolation:0}
execute if entity @s[tag=aj.villager_link.bone.head] run data modify entity @s {} merge value {transformation:[-0.9778609878069401f,-0.08715574274765805f,-0.19024133365633078f,-0.06536680706074358f,0.19096802464492768f,2.2119965816619248e-16f,-0.9815962579203398f,0.703125f,0.08555175093736898f,-0.9961946980917455f,0.016643960028981525f,-0.4658960235688092f,0f,0f,0f,1f],start_interpolation:0}