execute if entity @s[tag=aj.villager_link.bone.rightarm] run data modify entity @s {} merge value {transformation:[-0.9420495347301285f,0.3053847811152415f,0.13886255642881032f,-0.37123041629268544f,7.449014858445786e-17f,0.4139296546865583f,-0.9103088711921171f,0.703125f,-0.3354738054077374f,-0.8575560485672424f,-0.389942238608475f,-0.37639768532943185f,0f,0f,0f,1f],start_interpolation:0}
execute if entity @s[tag=aj.villager_link.bone.leftarm] run data modify entity @s {} merge value {transformation:[-0.9365531647098344f,-0.35052556208070457f,2.719262146893782e-32f,0.2513912700146555f,-7.78323099483346e-17f,2.0795657744928295e-16f,-1f,0.703125f,0.35052556208070457f,-0.9365531647098344f,-2.220446049250313e-16f,-0.4308700245467182f,0f,0f,0f,1f],start_interpolation:0}
execute if entity @s[tag=aj.villager_link.bone.head] run data modify entity @s {} merge value {transformation:[-0.86751357044279f,-0.08715574274765805f,0.48971836968170457f,-0.06536680706074358f,-0.4915890142958816f,2.2119965816619248e-16f,-0.8708273313485306f,0.703125f,0.075897602868642f,-0.9961946980917455f,-0.04284480566754685f,-0.4658960235688092f,0f,0f,0f,1f],start_interpolation:0}