execute if entity @s[tag=aj.villager_link.bone.rightarm] run data modify entity @s {} merge value {transformation:[-0.9959432189309485f,0.08968022930136409f,0.007386551151621461f,-0.3712304162926854f,-0.012802776271066052f,-0.05997072455295923f,-0.9981180296519776f,0.06250000000000008f,-0.08906847694450483f,-0.9941634516864156f,0.06087559236457875f,-0.6263976853294319f,0f,0f,0f,1f],start_interpolation:0}
execute if entity @s[tag=aj.villager_link.bone.leftarm] run data modify entity @s {} merge value {transformation:[-0.9800377373925329f,-0.1988115521958541f,2.719262146893782e-32f,0.25139127001465555f,-4.414503256186069e-17f,2.1761209221094652e-16f,-1f,0.06250000000000008f,0.1988115521958541f,-0.9800377373925329f,-2.220446049250313e-16f,-0.6808700245467182f,0f,0f,0f,1f],start_interpolation:0}
execute if entity @s[tag=aj.villager_link.bone.head] run data modify entity @s {} merge value {transformation:[-0.9636844223090614f,-0.08842275234113042f,-0.25197966399546945f,-0.06536680706074355f,0.2533849078888639f,-0.004859844557814856f,-0.9673533327409514f,0.0625000000000001f,0.08431146216857187f,-0.9960711815825679f,0.027088347452446794f,-0.7158960235688092f,0f,0f,0f,1f],start_interpolation:0}