execute if entity @s[tag=aj.villager_link.bone.torso] run data modify entity @s {} merge value {transformation:[-0.998649637961603f,0.008075758998111348f,-0.051319418505704054f,0.0030284096242917517f,0.003103346451025344f,0.9953531402016839f,0.0962418595594039f,1.0607574275756313f,0.05185817042630876f,0.09595263627046191f,-0.9940341149843824f,0.06723223860142322f,0f,0f,0f,1f],start_interpolation:0}
execute if entity @s[tag=aj.villager_link.bone.rightarm] run data modify entity @s {} merge value {transformation:[-0.9895552076864768f,0.13175435401426855f,-0.05849171854935224f,-0.3065259275517994f,0.13658999265422533f,0.9866872836119603f,-0.08826878420579881f,1.372775079654603f,0.0460832382465958f,-0.09533621849399099f,-0.9943778661032101f,0.11342311569416405f,0f,0f,0f,1f],start_interpolation:0}
execute if entity @s[tag=aj.villager_link.bone.leftarm] run data modify entity @s {} merge value {transformation:[-0.9955533233623216f,-0.07899302264423821f,-0.051319418505704054f,0.31763009617420246f,-0.08365920494963842f,0.9918359954628297f,0.0962418595594039f,1.3708354881227123f,0.043298011148678955f,0.10010724488159946f,-0.9940341149843824f,0.08101175917772108f,0f,0f,0f,1f],start_interpolation:0}
execute if entity @s[tag=aj.villager_link.bone.head] run data modify entity @s {} merge value {transformation:[-0.9915965783253067f,0.03489244046927431f,0.1245742487500607f,0.006056819248583508f,0.05628002815208183f,0.9833932920057191f,0.17254040590353206f,1.4340148551512628f,-0.11648512473592806f,0.17810151834347993f,-0.9770931710328358f,0.10321447720284643f,0f,0f,0f,1f],start_interpolation:0}