execute if entity @s[tag=aj.villager_link.bone.rightarm] run data modify entity @s {} merge value {transformation:[-0.95313309386529f,0.277699799654958f,0.12008383176088522f,-0.37123041629268544f,8.105767764779783e-17f,0.3969039997645265f,-0.9178601282172141f,0.703125f,-0.3025513268501402f,-0.874842863743265f,-0.3783023372630715f,-0.37639768532943185f,0f,0f,0f,1f],start_interpolation:0}
execute if entity @s[tag=aj.villager_link.bone.leftarm] run data modify entity @s {} merge value {transformation:[-0.9458172930120912f,-0.32469931973947835f,2.719262146893782e-32f,0.2513912700146555f,-7.209773217097892e-17f,2.1001362715813236e-16f,-1f,0.703125f,0.32469931973947835f,-0.9458172930120912f,-2.220446049250313e-16f,-0.4308700245467182f,0f,0f,0f,1f],start_interpolation:0}
execute if entity @s[tag=aj.villager_link.bone.head] run data modify entity @s {} merge value {transformation:[-0.8757808915661138f,-0.08715574274765805f,0.4747754274114942f,-0.06536680706074358f,-0.47658899241377944f,2.2119965816619248e-16f,-0.8791262322954643f,0.703125f,0.07662089974466126f,-0.9961946980917455f,-0.04153746761918111f,-0.4658960235688092f,0f,0f,0f,1f],start_interpolation:0}