execute if entity @s[tag=aj.villager_link.bone.rightarm] run data modify entity @s {} merge value {transformation:[-0.9953331693971325f,0.09615607436672166f,0.008117343176224845f,-0.3712304162926854f,-0.011869710185233676f,-0.03851622114282418f,-0.9991874752462601f,0.06250000000000008f,-0.09576529579120859f,-0.9946207870697548f,0.039477817198570804f,-0.6263976853294319f,0f,0f,0f,1f],start_interpolation:0}
execute if entity @s[tag=aj.villager_link.bone.leftarm] run data modify entity @s {} merge value {transformation:[-0.9791344699151492f,-0.20321340955748932f,2.719262146893782e-32f,0.25139127001465555f,-4.512244124066133e-17f,2.1741152654078925e-16f,-1f,0.06250000000000008f,0.20321340955748932f,-0.9791344699151492f,-2.220446049250313e-16f,-0.6808700245467182f,0f,0f,0f,1f],start_interpolation:0}
execute if entity @s[tag=aj.villager_link.bone.head] run data modify entity @s {} merge value {transformation:[-0.9620218114667847f,-0.08715574274765805f,-0.25868496432585775f,-0.06536680706074355f,0.25967309886448914f,2.2119965816619248e-16f,-0.9656965784997446f,0.0625000000000001f,0.08416600256801736f,-0.9961946980917455f,0.022632001803120378f,-0.7158960235688092f,0f,0f,0f,1f],start_interpolation:0}