execute if entity @s[tag=aj.villager_link.bone.rightarm] run data modify entity @s {} merge value {transformation:[-0.9916803744084034f,0.12585578766890798f,0.027025094328187994f,-0.37123041629268544f,2.858261361831662e-17f,0.209944985203128f,-0.9777132008866702f,0.703125f,-0.1287246480407257f,-0.9695789931193317f,-0.2081983215314047f,-0.37639768532943185f,0f,0f,0f,1f],start_interpolation:0}
execute if entity @s[tag=aj.villager_link.bone.leftarm] run data modify entity @s {} merge value {transformation:[-0.9653770585619658f,-0.2608584574098508f,2.719262146893782e-32f,0.2513912700146555f,-5.792221311692345e-17f,2.143567675720805e-16f,-1f,0.703125f,0.2608584574098508f,-0.9653770585619658f,-2.220446049250313e-16f,-0.4308700245467182f,0f,0f,0f,1f],start_interpolation:0}
execute if entity @s[tag=aj.villager_link.bone.head] run data modify entity @s {} merge value {transformation:[-0.9304174055845768f,-0.08715574274765805f,0.3559878198637829f,-0.06536680706074358f,-0.35734763550307297f,2.2119965816619248e-16f,-0.9339714489214126f,0.703125f,0.08140097533585201f,-0.9961946980917455f,-0.031144898591389913f,-0.4658960235688092f,0f,0f,0f,1f],start_interpolation:0}