execute if entity @s[tag=aj.villager_link.bone.rightarm] run data modify entity @s {} merge value {transformation:[-0.9413621882449822f,0.3069266156513278f,0.1401188179633304f,-0.37123041629268544f,7.491734642829022e-17f,0.415292706703255f,-0.9096878408328234f,0.703125f,-0.3373977334580343f,-0.8563457364662397f,-0.39094085114435784f,-0.37639768532943185f,0f,0f,0f,1f],start_interpolation:0}
execute if entity @s[tag=aj.villager_link.bone.leftarm] run data modify entity @s {} merge value {transformation:[-0.9353573451496991f,-0.3537041657579204f,2.719262146893782e-32f,0.2513912700146555f,-7.853810174605525e-17f,2.076910521674911e-16f,-1f,0.703125f,0.3537041657579204f,-0.9353573451496991f,-2.220446049250313e-16f,-0.4308700245467182f,0f,0f,0f,1f],start_interpolation:0}
execute if entity @s[tag=aj.villager_link.bone.head] run data modify entity @s {} merge value {transformation:[-0.8668007417759072f,-0.08715574274765805f,0.49097897160962123f,-0.06536680706074358f,-0.4928544315183697f,2.2119965816619248e-16f,-0.8701117797919441f,0.703125f,0.07583523844125346f,-0.9961946980917455f,-0.042955094045458476f,-0.4658960235688092f,0f,0f,0f,1f],start_interpolation:0}