execute if entity @s[tag=aj.villager_link.bone.rightarm] run data modify entity @s {} merge value {transformation:[-0.9913624462230806f,0.12557437081037268f,0.037836194499034484f,-0.37123041629268544f,2.912130037950195e-17f,0.2884940833658071f,-0.9574816780821044f,0.703125f,-0.1311506775376694f,-0.9492113785972551f,-0.2860022002064119f,-0.37639768532943185f,0f,0f,0f,1f],start_interpolation:0}
execute if entity @s[tag=aj.villager_link.bone.leftarm] run data modify entity @s {} merge value {transformation:[-0.9611774220574781f,-0.2759310843796699f,2.719262146893782e-32f,0.2513912700146555f,-6.12690086176193e-17f,2.134242609436128e-16f,-1f,0.703125f,0.2759310843796699f,-0.9611774220574781f,-2.220446049250313e-16f,-0.4308700245467182f,0f,0f,0f,1f],start_interpolation:0}
execute if entity @s[tag=aj.villager_link.bone.head] run data modify entity @s {} merge value {transformation:[-0.9096367041643613f,-0.08715574274765805f,0.4061587656854179f,-0.06536680706074358f,-0.4077102261871427f,2.2119965816619248e-16f,-0.9131113685977351f,0.703125f,0.07958289954146608f,-0.9961946980917455f,-0.03553428758915629f,-0.4658960235688092f,0f,0f,0f,1f],start_interpolation:0}