execute if entity @s[tag=aj.villager_link.bone.torso] run data modify entity @s {} merge value {transformation:[-0.9961338415737793f,0.004310105300587231f,-0.08774276416755179f,0.0016162894877202079f,-0.0000609943703974978f,0.9987615166258835f,0.049753685158515415f,1.0620355687347063f,0.08784853983505668f,0.049566681344061614f,-0.9948998834804362f,0.049837505504023105f,0f,0f,0f,1f],start_interpolation:0}
execute if entity @s[tag=aj.villager_link.bone.rightarm] run data modify entity @s {} merge value {transformation:[-0.9882205087636391f,0.12108653076859072f,-0.09358567265004399f,-0.30832862809765227f,0.13306284673901242f,0.9819236339113189f,-0.13461150019259616f,1.3741294819395455f,0.07559434421068932f,-0.14547862122256433f,-0.9864691915567045f,0.09277976212249757f,0f,0f,0f,1f],start_interpolation:0}
execute if entity @s[tag=aj.villager_link.bone.leftarm] run data modify entity @s {} merge value {transformation:[-0.992718901994355f,-0.08252508078977867f,-0.08774276416755179f,0.31425502288595974f,-0.08710856407770987f,0.9949556115111206f,0.049753685158515415f,1.3741676034210442f,0.08319422869070679f,0.05703456989557882f,-0.9948998834804362f,0.03787442472558715f,0f,0f,0f,1f],start_interpolation:0}
execute if entity @s[tag=aj.villager_link.bone.head] run data modify entity @s {} merge value {transformation:[-0.9400027947409981f,0.08076371060894734f,-0.33146940873599046f,0.0032325789754404197f,-0.012862899301777598f,0.9624953955902531f,0.27099291372490797f,1.4365711374694126f,0.3409241729485683f,0.2589977538826105f,-0.9037095063033798f,0.06842501100804621f,0f,0f,0f,1f],start_interpolation:0}