execute if entity @s[tag=aj.villager_link.bone.rightarm] run data modify entity @s {} merge value {transformation:[-0.995742018694856f,0.0918700525833728f,0.0075977393888728186f,-0.3712304162926854f,-0.012492053158655918f,-0.052817227480469f,-0.9985260582925003f,0.06250000000000008f,-0.0913333499515606f,-0.9943692643679232f,0.05373997829382764f,-0.6263976853294319f,0f,0f,0f,1f],start_interpolation:0}
execute if entity @s[tag=aj.villager_link.bone.leftarm] run data modify entity @s {} merge value {transformation:[-0.9797391332937101f,-0.20027788368387023f,2.719262146893782e-32f,0.25139127001465555f,-4.4470623557806363e-17f,2.1754578878179445e-16f,-1f,0.06250000000000008f,0.20027788368387023f,-0.9797391332937101f,-2.220446049250313e-16f,-0.6808700245467182f,0f,0f,0f,1f],start_interpolation:0}
execute if entity @s[tag=aj.villager_link.bone.head] run data modify entity @s {} merge value {transformation:[-0.9629829555572741f,-0.08765065204332824f,-0.25491408455116105f,-0.06536680706074355f,0.2560580975896819f,-0.0018761228209158167f,-0.9666595733876088f,0.0625000000000001f,0.08425009177995012f,-0.9961495085375187f,0.024250333513783758f,-0.7158960235688092f,0f,0f,0f,1f],start_interpolation:0}