execute if entity @s[tag=aj.villager_link.bone.torso] run data modify entity @s {} merge value {transformation:[-0.9961946980917455f,0.019693584153511717f,-0.0849016268223672f,0.0073850940575668905f,-1.9352462465351423e-17f,0.974136920250715f,0.225958537356862f,1.052801345094018f,0.08715574274765805f,0.22509869690347162f,-0.9704300351691838f,0.11566201133880186f,0f,0f,0f,1f],start_interpolation:0}
execute if entity @s[tag=aj.villager_link.bone.rightarm] run data modify entity @s {} merge value {transformation:[-0.9861927837240348f,0.1365982792095092f,-0.09361999491369352f,-0.2977715040481312f,0.13305631644139057f,0.9901702681267989f,0.04311446129493002f,1.3572191326723664f,0.0985890966876539f,0.030062438934731456f,-0.9946740369485916f,0.21324152372977986f,0f,0f,0f,1f],start_interpolation:0}
execute if entity @s[tag=aj.villager_link.bone.leftarm] run data modify entity @s {} merge value {transformation:[-0.9941202854603669f,-0.06720544471331319f,-0.0849016268223672f,0.32485018225920975f,-0.08490162682236733f,0.9704300351691838f,0.225958537356862f,1.3572191326723664f,0.067205444713313f,0.2318382518964952f,-0.9704300351691838f,0.15876918451249358f,0f,0f,0f,1f],start_interpolation:0}
execute if entity @s[tag=aj.villager_link.bone.head] run data modify entity @s {} merge value {transformation:[-0.9402760289172426f,-0.08149201286852018f,-0.33051481250052583f,0.014770188115133785f,-0.058482372871465314f,0.9951583512108767f,-0.07899156966773366f,1.4181026901880363f,0.33535175787066285f,-0.05494458894091803f,-0.9404893889030169f,0.2000740226776037f,0f,0f,0f,1f],start_interpolation:0}