execute if entity @s[tag=aj.villager_link.bone.torso] run data modify entity @s {} merge value {transformation:[-0.9967167214633998f,0.010792623428717172f,-0.08024522686600942f,0.004047233785768936f,0.0005447941417019251f,0.9919478642791864f,0.12664571746136688f,1.0594804491046947f,0.08096592094575707f,0.1261861871659773f,-0.9886969029049897f,0.07856982018724148f,0f,0f,0f,1f],start_interpolation:0}
execute if entity @s[tag=aj.villager_link.bone.rightarm] run data modify entity @s {} merge value {transformation:[-0.9878041081146671f,0.12885021209307462f,-0.0874109079884012f,-0.3040540468500694f,0.13415451514238913f,0.9892748298847689f,-0.057774363028703896f,1.3696344048612223f,0.07902917220050797f,-0.06879632112280198f,-0.9944955787439536f,0.14330485397215847f,0f,0f,0f,1f],start_interpolation:0}
execute if entity @s[tag=aj.villager_link.bone.leftarm] run data modify entity @s {} merge value {transformation:[-0.9938645525323517f,-0.07611803192996455f,-0.08024522686600942f,0.31889390406455553f,-0.08591123184269081f,0.9882206851164205f,0.12664571746136688f,1.3692939085226588f,0.06965997030533283f,0.13276265560443487f,-0.9886969029049897f,0.0927011533810603f,0f,0f,0f,1f],start_interpolation:0}
execute if entity @s[tag=aj.villager_link.bone.head] run data modify entity @s {} merge value {transformation:[-0.9567803936635636f,0.04228931792438067f,-0.2877201624677818f,0.008094467571537875f,-0.021789684238819818f,0.9761642636417313f,0.21593642594423326f,1.4314608982093895f,0.28999394469845163f,0.21287307011054113f,-0.9330533575631912f,0.12588964037448297f,0f,0f,0f,1f],start_interpolation:0}