execute if entity @s[tag=aj.villager_link.bone.rightarm] run data modify entity @s {} merge value {transformation:[-0.9905584548007401f,0.13495606160479498f,0.024099980474949538f,-0.37123041629268544f,-0.0031566207866174168f,0.1532957330862868f,-0.9881753153984102f,0.703125f,-0.13705467291551815f,-0.9789214879926075f,-0.15142237938415723f,-0.37639768532943185f,0f,0f,0f,1f],start_interpolation:0}
execute if entity @s[tag=aj.villager_link.bone.leftarm] run data modify entity @s {} merge value {transformation:[-0.9697483707697399f,-0.24410673360117535f,2.719262146893782e-32f,0.2513912700146555f,-5.4202583222012877e-17f,2.1532739386425966e-16f,-1f,0.703125f,0.24410673360117535f,-0.9697483707697399f,-2.220446049250313e-16f,-0.4308700245467182f,0f,0f,0f,1f],start_interpolation:0}
execute if entity @s[tag=aj.villager_link.bone.head] run data modify entity @s {} merge value {transformation:[-0.9893627573406948f,-0.08715574274765805f,-0.11646978532358257f,-0.06536680706074358f,0.11691468098222718f,2.2119965816619248e-16f,-0.9931419623451745f,0.703125f,0.08655802538206035f,-0.9961946980917455f,0.010189785859111282f,-0.4658960235688092f,0f,0f,0f,1f],start_interpolation:0}