execute if entity @s[tag=aj.villager_link.bone.rightarm] run data modify entity @s {} merge value {transformation:[-0.9900391590469421f,0.1334981324330094f,0.04472932137337135f,-0.37123041629268544f,3.126216417514754e-17f,0.3176972789622339f,-0.948192195148216f,0.703125f,-0.14079227092998983f,-0.9387474034994139f,-0.31453274689527183f,-0.37639768532943185f,0f,0f,0f,1f],start_interpolation:0}
execute if entity @s[tag=aj.villager_link.bone.leftarm] run data modify entity @s {} merge value {transformation:[-0.9593173650615626f,-0.2823299365836728f,2.719262146893782e-32f,0.2513912700146555f,-6.268983922723079e-17f,2.130112453228167e-16f,-1f,0.703125f,0.2823299365836728f,-0.9593173650615626f,-2.220446049250313e-16f,-0.4308700245467182f,0f,0f,0f,1f],start_interpolation:0}
execute if entity @s[tag=aj.villager_link.bone.head] run data modify entity @s {} merge value {transformation:[-0.9030995846432182f,-0.08715574274765805f,0.42049377727066434f,-0.06536680706074358f,-0.42209999518782676f,2.2119965816619248e-16f,-0.9065492783420197f,0.703125f,0.07901097569125203f,-0.9961946980917455f,-0.03678843859437813f,-0.4658960235688092f,0f,0f,0f,1f],start_interpolation:0}