execute if entity @s[tag=aj.villager_link.bone.torso] run data modify entity @s {} merge value {transformation:[-0.997014957600397f,0.010363540446003633f,-0.07650994282119448f,0.003886327667251358f,0.0008757898489532465f,0.9924047800020732f,0.1230121360727332f,1.0596517925007773f,0.0772036742209778f,0.12257793299962372f,-0.9894514859397203f,0.0772167248748589f,0f,0f,0f,1f],start_interpolation:0}
execute if entity @s[tag=aj.villager_link.bone.rightarm] run data modify entity @s {} merge value {transformation:[-0.9880887881061599f,0.12915551132709108f,-0.0836624211503468f,-0.3044422401934966f,0.13447718852264973f,0.9890108763976103f,-0.06142777982536876f,1.3700519705792233f,0.07480930815041703f,-0.07194678770499702f,-0.9945990283289984f,0.13964847713129686f,0f,0f,0f,1f],start_interpolation:0}
execute if entity @s[tag=aj.villager_link.bone.leftarm] run data modify entity @s {} merge value {transformation:[-0.9941242567447489f,-0.07657147511441935f,-0.07650994282119448f,0.3186921083067516f,-0.0856213185032372f,0.9887047103137468f,0.1230121360727332f,1.3695046019236274f,0.06622652013708558f,0.12884023052684793f,-0.9894514859397203f,0.09139618074318574f,0f,0f,0f,1f],start_interpolation:0}
execute if entity @s[tag=aj.villager_link.bone.head] run data modify entity @s {} merge value {transformation:[-0.9819538412004875f,0.03720883699550156f,-0.1854242600121404f,0.0077726553345027205f,-0.0038286373993156823f,0.9763423277766923f,0.21619667094396722f,1.4318035850015547f,0.189081980334648f,0.21300507374480954f,-0.9585806399420425f,0.12318344974971779f,0f,0f,0f,1f],start_interpolation:0}