execute if entity @s[tag=aj.villager_link.bone.torso] run data modify entity @s {} merge value {transformation:[-0.9982204289160556f,0.008641363953387842f,-0.059002560314542374f,0.003240511482520437f,0.00242483710934352f,0.9945083533152336f,0.10462913242121386f,1.0604406324932125f,0.059582677513177196f,0.10429986584482198f,-0.992759508906922f,0.07036244969180824f,0f,0f,0f,1f],start_interpolation:0}
execute if entity @s[tag=aj.villager_link.bone.rightarm] run data modify entity @s {} merge value {transformation:[-0.9891941939055123f,0.13084222450260374f,-0.06614498492579807f,-0.30600294631831326f,0.13595771384765232f,0.9874895883622034f,-0.0798737311108376f,1.3719822545008928f,0.05486662727873566f,-0.08800355199340949f,-0.994607977068151f,0.12157574449118298f,0f,0f,0f,1f],start_interpolation:0}
execute if entity @s[tag=aj.villager_link.bone.leftarm] run data modify entity @s {} merge value {transformation:[-0.995175043306753f,-0.07839216195341867f,-0.059002560314542374f,0.3178848217542215f,-0.08426150432987552f,0.990935287259895f,0.10462913242121386f,1.3704667313075531f,0.05026561516055083f,0.10909594587984714f,-0.992759508906922f,0.08433657104544724f,0f,0f,0f,1f],start_interpolation:0}
execute if entity @s[tag=aj.villager_link.bone.head] run data modify entity @s {} merge value {transformation:[-0.9939547181214404f,0.03106738932775424f,0.10530354051258642f,0.006481022965040878f,0.04940641218309067f,0.9830948776311921f,0.17630504249880719f,1.433381264986425f,-0.09804603387859573f,0.18044189894719417f,-0.9786867202251228f,0.10947489938361649f,0f,0f,0f,1f],start_interpolation:0}