execute if entity @s[tag=aj.villager_link.bone.rightarm] run data modify entity @s {} merge value {transformation:[-0.9944991325603312f,0.104310955041592f,0.009523654501277656f,-0.37123041629268544f,-0.010622414054314891f,-0.009983026100752735f,-0.9998937461098206f,0.703125f,-0.1042047967053697f,-0.9944946273601395f,0.011036144952378554f,-0.37639768532943185f,0f,0f,0f,1f],start_interpolation:0}
execute if entity @s[tag=aj.villager_link.bone.leftarm] run data modify entity @s {} merge value {transformation:[-0.9778961475812885f,-0.20909118715449204f,2.719262146893782e-32f,0.2513912700146555f,-4.642757004502499e-17f,2.1713656374739732e-16f,-1f,0.703125f,0.20909118715449204f,-0.9778961475812885f,-2.220446049250313e-16f,-0.4308700245467182f,0f,0f,0f,1f],start_interpolation:0}
execute if entity @s[tag=aj.villager_link.bone.head] run data modify entity @s {} merge value {transformation:[-0.9615030543926866f,-0.08715574274765805f,-0.26060650970311244f,-0.06536680706074358f,0.26160198423291714f,2.2119965816619248e-16f,-0.9651758398578989f,0.703125f,0.0841206172049099f,-0.9961946980917455f,0.02280011524008081f,-0.4658960235688092f,0f,0f,0f,1f],start_interpolation:0}