execute if entity @s[tag=aj.villager_link.bone.rightarm] run data modify entity @s {} merge value {transformation:[-0.9751881620532848f,0.2058661592824004f,0.0814074508472639f,-0.37123041629268544f,4.915570514619787e-17f,0.3677311760165601f,-0.9299321384840281f,0.703125f,-0.2213776153795508f,-0.9068588129625202f,-0.35860708966928223f,-0.37639768532943185f,0f,0f,0f,1f],start_interpolation:0}
execute if entity @s[tag=aj.villager_link.bone.leftarm] run data modify entity @s {} merge value {transformation:[-0.9533609156958747f,-0.301832676202434f,2.719262146893782e-32f,0.2513912700146555f,-6.702031734083438e-17f,2.1168864787665657e-16f,-1f,0.703125f,0.301832676202434f,-0.9533609156958747f,-2.220446049250313e-16f,-0.4308700245467182f,0f,0f,0f,1f],start_interpolation:0}
execute if entity @s[tag=aj.villager_link.bone.head] run data modify entity @s {} merge value {transformation:[-0.8877545087094597f,-0.08715574274765805f,0.4519909388163992f,-0.06536680706074358f,-0.4537174707737429f,2.2119965816619248e-16f,-0.891145586711104f,0.703125f,0.07766845550610368f,-0.9961946980917455f,-0.0395440831628746f,-0.4658960235688092f,0f,0f,0f,1f],start_interpolation:0}