execute if entity @s[tag=aj.villager_link.bone.rightarm] run data modify entity @s {} merge value {transformation:[-0.9924614656047391f,0.1216583428995148f,0.01481509003135436f,-0.37123041629268544f,-0.007499069506333606f,0.060374890116785845f,-0.9981476026119209f,0.703125f,-0.12232744273560302f,-0.9907341319679717f,-0.05900742756160154f,-0.37639768532943185f,0f,0f,0f,1f],start_interpolation:0}
execute if entity @s[tag=aj.villager_link.bone.leftarm] run data modify entity @s {} merge value {transformation:[-0.9746406475265935f,-0.22377579893487676f,2.719262146893782e-32f,0.2513912700146555f,-4.9688208866277976e-17f,2.1641369752391915e-16f,-1f,0.703125f,0.22377579893487676f,-0.9746406475265935f,-2.220446049250313e-16f,-0.4308700245467182f,0f,0f,0f,1f],start_interpolation:0}
execute if entity @s[tag=aj.villager_link.bone.head] run data modify entity @s {} merge value {transformation:[-0.9642362629559021f,-0.08715574274765805f,-0.2503044260634246f,-0.06536680706074358f,0.2512605483073677f,2.2119965816619248e-16f,-0.9679194888337981f,0.703125f,0.08435974196924324f,-0.9961946980917455f,0.021898799710912235f,-0.4658960235688092f,0f,0f,0f,1f],start_interpolation:0}