execute if entity @s[tag=aj.villager_link.bone.rightarm] run data modify entity @s {} merge value {transformation:[-0.9969046701101218f,0.0783214885822122f,0.006842743521086502f,-0.3712304162926854f,-0.014349976971951051f,-0.09569438057385009f,-0.9953073212267112f,0.06250000000000008f,-0.07729913889257398f,-0.9923247099376563f,0.09652208645493016f,-0.6263976853294319f,0f,0f,0f,1f],start_interpolation:0}
execute if entity @s[tag=aj.villager_link.bone.leftarm] run data modify entity @s {} merge value {transformation:[-0.9814919275635581f,-0.19150351466114512f,2.719262146893782e-32f,0.25139127001465555f,-4.252232225468894e-17f,2.179349872929577e-16f,-1f,0.06250000000000008f,0.19150351466114512f,-0.9814919275635581f,-2.220446049250313e-16f,-0.6808700245467182f,0f,0f,0f,1f],start_interpolation:0}
execute if entity @s[tag=aj.villager_link.bone.head] run data modify entity @s {} merge value {transformation:[-0.9666563123402658f,-0.09293204054416856f,-0.23861938239173996f,-0.06536680706074355f,0.24170899956007738f,-0.023379680205011834f,-0.9700670853529553f,0.0625000000000001f,0.08457146885554796f,-0.9953979236435087f,0.04506262599767898f,-0.7158960235688092f,0f,0f,0f,1f],start_interpolation:0}