execute if entity @s[tag=aj.villager_link.bone.torso] run data modify entity @s {} merge value {transformation:[-0.9959714945699245f,0.0067717914779753365f,-0.0894143436162771f,0.0025394218042407474f,-0.00022138697236413673f,0.9969556509090498f,0.07797038609832119f,1.0613583690908936f,0.08967013433668604f,0.07767607714535818f,-0.9929379104694054f,0.06037852892950932f,0f,0f,0f,1f],start_interpolation:0}
execute if entity @s[tag=aj.villager_link.bone.rightarm] run data modify entity @s {} merge value {transformation:[-0.987764015887696f,0.12315674911406316f,-0.09568000870122767f,-0.3065854854119934f,0.1331761297977393f,0.9853488044113694f,-0.10654507073150112f,1.3728378265711079f,0.08115643763440453f,-0.11798368019662966f,-0.9896936313009962f,0.11267422001764814f,0f,0f,0f,1f],start_interpolation:0}
execute if entity @s[tag=aj.villager_link.bone.leftarm] run data modify entity @s {} merge value {transformation:[-0.9927717228570657f,-0.08005861259779509f,-0.0894143436162771f,0.31589669869420944f,-0.087110954769549f,0.9931426385221894f,0.07797038609832119f,1.3729761934288354f,0.08255899620605313f,0.08519576338116738f,-0.9929379104694054f,0.05663038605721936f,0f,0f,0f,1f],start_interpolation:0}
execute if entity @s[tag=aj.villager_link.bone.head] run data modify entity @s {} merge value {transformation:[-0.9396476710927092f,0.05667386080531352f,-0.3374171419941013f,0.005078843608481499f,-0.020228369021974724f,0.9752584000397984f,0.220140560184904f,1.4352167381817873f,0.34154511751269173f,0.21367996315338617f,-0.9152528645407284f,0.08950705785901863f,0f,0f,0f,1f],start_interpolation:0}