execute if entity @s[tag=aj.villager_link.bone.torso] run data modify entity @s {} merge value {transformation:[-0.9961946980917455f,0.01137610723096216f,-0.08641011328638333f,0.004266040211610807f,-1.2413568561444195e-17f,0.9914448613738105f,0.13052619222005157f,1.0592918230151789f,0.08715574274765805f,0.13002950065171937f,-0.9876721143508957f,0.08001106274439476f,0f,0f,0f,1f],start_interpolation:0}
execute if entity @s[tag=aj.villager_link.bone.rightarm] run data modify entity @s {} merge value {transformation:[-0.9873212334606714f,0.12822089995982605f,-0.09357447713554484f,-0.303489769432384f,0.13361833315078156f,0.9895676000113491f,-0.05387119874093732f,1.3691183421944946f,0.08569085717686031f,-0.0656914440492147f,-0.9941537663636466f,0.14788145130670022f,0f,0f,0f,1f],start_interpolation:0}
execute if entity @s[tag=aj.villager_link.bone.leftarm] run data modify entity @s {} merge value {transformation:[-0.9933953695813956f,-0.0754912711250575f,-0.08641011328638333f,0.31913191687495696f,-0.08641011328638347f,0.9876721143508956f,0.13052619222005157f,1.3691183421944946f,0.07549127112505735f,0.13713082263865597f,-0.9876721143508957f,0.09340911208941392f,0f,0f,0f,1f],start_interpolation:0}
execute if entity @s[tag=aj.villager_link.bone.head] run data modify entity @s {} merge value {transformation:[-0.9401392081900602f,0.04059255717385622f,-0.33836446847423834f,0.008532080423221617f,-0.033688875806270155f,0.9769473796064628f,0.21080530621162186f,1.4310836460303578f,0.3391214072727883f,0.2095854522197405f,-0.9170990182892853f,0.12877212548878952f,0f,0f,0f,1f],start_interpolation:0}