execute if entity @s[tag=aj.lysander.bone.rightarm] run data modify entity @s {} merge value {transformation:[-0.9167850738169027f,-0.33152152839742466f,0.22270744180554852f,-0.2868885062949716f,0.05233595624294382f,-0.6525481932525803f,-0.755937697940068f,0.8125f,0.39593695976843696f,-0.6813767912776517f,0.6155969397239549f,0.09265010070956381f,0f,0f,0f,1f],start_interpolation:0}
execute if entity @s[tag=aj.lysander.bone.leftarm] run data modify entity @s {} merge value {transformation:[-0.9167850738169027f,0.11786549206941385f,-0.3815925237812858f,0.2868885062949716f,-0.05233595624294383f,0.9117656704731342f,0.4073626269441181f,0.8125f,0.39593695976843696f,0.3934349856404626f,-0.8297245542729322f,-0.1551501007095638f,0f,0f,0f,1f],start_interpolation:0}
execute if entity @s[tag=aj.lysander.bone.torso] run data modify entity @s {} merge value {transformation:[-0.918043220143909f,0f,-0.3964803222706042f,3.827021247335479e-18f,0f,1f,0f,0.5f,0.3964803222706042f,0f,-0.918043220143909f,-0.03125f,0f,0f,0f,1f],start_interpolation:0}
execute if entity @s[tag=aj.lysander.bone.head] run data modify entity @s {} merge value {transformation:[-0.6913338098786391f,0f,-0.722535510074547f,3.827021247335479e-18f,0f,1f,0f,0.875f,0.722535510074547f,0f,-0.6913338098786391f,-0.03125f,0f,0f,0f,1f],start_interpolation:0}