execute if entity @s[tag=aj.lysander.bone.rightarm] run data modify entity @s {} merge value {transformation:[-0.9122524244203465f,-0.37229046250726094f,0.17086639712163892f,-0.2854701094950292f,0.05233595624294382f,-0.5196361847883f,-0.8527831982062009f,0.8125f,0.40627141398741873f,-0.7690110837853962f,0.4935235467451111f,0.09588404966764816f,0f,0f,0f,1f],start_interpolation:0}
execute if entity @s[tag=aj.lysander.bone.leftarm] run data modify entity @s {} merge value {transformation:[-0.9122524244203465f,0.11151683152887362f,-0.3941567079537791f,0.2854701094950292f,-0.05233595624294382f,0.9226133877210195f,0.382158978021033f,0.8125f,0.40627141398741873f,0.369254022434021f,-0.8358199597359223f,-0.15838404966764816f,0f,0f,0f,1f],start_interpolation:0}
execute if entity @s[tag=aj.lysander.bone.torso] run data modify entity @s {} merge value {transformation:[-0.9135043503840935f,0f,-0.4068289589364741f,3.827021247335479e-18f,0f,1f,0f,0.5f,0.4068289589364741f,0f,-0.9135043503840935f,-0.03125f,0f,0f,0f,1f],start_interpolation:0}
execute if entity @s[tag=aj.lysander.bone.head] run data modify entity @s {} merge value {transformation:[-0.6676901802220148f,0f,-0.744439267660629f,3.827021247335479e-18f,0f,1f,0f,0.875f,0.744439267660629f,0f,-0.6676901802220148f,-0.03125f,0f,0f,0f,1f],start_interpolation:0}