execute if entity @s[tag=aj.lysander.bone.rightarm] run data modify entity @s {} merge value {transformation:[-0.9226133877210194f,-0.30478816115230895f,0.23640793899388785f,-0.2887123539097771f,0.05233595624294383f,-0.7061377159181261f,-0.7061377159181264f,0.8125f,0.3821589780210329f,-0.6391194747301367f,0.6674434901462398f,0.0883385726140905f,0f,0f,0f,1f],start_interpolation:0}
execute if entity @s[tag=aj.lysander.bone.leftarm] run data modify entity @s {} merge value {transformation:[-0.9226133877210194f,0.1017750765056202f,-0.3720569453729076f,0.2887123539097771f,-0.05233595624294382f,0.9226133877210195f,0.382158978021033f,0.8125f,0.3821589780210329f,0.3720569453729077f,-0.8458889672514358f,-0.1508385726140905f,0f,0f,0f,1f],start_interpolation:0}
execute if entity @s[tag=aj.lysander.bone.torso] run data modify entity @s {} merge value {transformation:[-0.9238795325112867f,0f,-0.3826834323650896f,3.827021247335479e-18f,0f,1f,0f,0.5f,0.3826834323650896f,0f,-0.9238795325112867f,-0.03125f,0f,0f,0f,1f],start_interpolation:0}
execute if entity @s[tag=aj.lysander.bone.head] run data modify entity @s {} merge value {transformation:[-0.7071067811865476f,0f,-0.7071067811865474f,3.827021247335479e-18f,0f,1f,0f,0.875f,0.7071067811865474f,0f,-0.7071067811865476f,-0.03125f,0f,0f,0f,1f],start_interpolation:0}