execute if entity @s[tag=aj.lysander.bone.rightarm] run data modify entity @s {} merge value {transformation:[-0.9165260747327261f,0.06048198888532677f,-0.39537562311743046f,-0.28680745800730495f,0.052335956242943835f,0.9981367713621749f,0.031367711724479455f,0.8125f,0.3965361295256182f,0.008056964389184379f,-0.9179837598267593f,0.09283759821750118f,0f,0f,0f,1f],start_interpolation:0}
execute if entity @s[tag=aj.lysander.bone.leftarm] run data modify entity @s {} merge value {transformation:[-0.9165260747327261f,-0.05052706088015933f,-0.39677067741181915f,0.28680745800730495f,-0.052335956242943835f,0.9986098226625216f,-0.006274533135122166f,0.8125f,0.3965361295256182f,0.015014599586394204f,-0.9178963230017332f,-0.15533759821750118f,0f,0f,0f,1f],start_interpolation:0}
execute if entity @s[tag=aj.lysander.bone.torso] run data modify entity @s {} merge value {transformation:[-0.9177838656233758f,0f,-0.39708031429600377f,3.827021247335479e-18f,0f,1f,0f,0.5f,0.39708031429600377f,0f,-0.9177838656233758f,-0.03125f,0f,0f,0f,1f],start_interpolation:0}
execute if entity @s[tag=aj.lysander.bone.head] run data modify entity @s {} merge value {transformation:[-0.6843148979441123f,0f,-0.7291866156559232f,3.827021247335479e-18f,0f,1f,0f,0.875f,0.7291866156559232f,0f,-0.6843148979441123f,-0.03125f,0f,0f,0f,1f],start_interpolation:0}