execute if entity @s[tag=aj.lysander.bone.rightarm] run data modify entity @s {} merge value {transformation:[-0.9129568630063094f,0.04784604177137235f,-0.4052413140049898f,-0.2856905486573533f,0.05233595624294383f,0.9986295347545738f,0f,0.8125f,0.40468594486813514f,-0.021208691677598205f,-0.9142097557035307f,0.09538791062655932f,0f,0f,0f,1f],start_interpolation:0}
execute if entity @s[tag=aj.lysander.bone.leftarm] run data modify entity @s {} merge value {transformation:[-0.9129568630063094f,-0.04784604177137235f,-0.4052413140049898f,0.2856905486573533f,-0.05233595624294383f,0.9986295347545738f,0f,0.8125f,0.40468594486813514f,0.021208691677598205f,-0.9142097557035307f,-0.15788791062655932f,0f,0f,0f,1f],start_interpolation:0}
execute if entity @s[tag=aj.lysander.bone.torso] run data modify entity @s {} merge value {transformation:[-0.9142097557035307f,0f,-0.4052413140049898f,3.827021247335479e-18f,0f,1f,0f,0.5f,0.4052413140049898f,0f,-0.9142097557035307f,-0.03125f,0f,0f,0f,1f],start_interpolation:0}
execute if entity @s[tag=aj.lysander.bone.head] run data modify entity @s {} merge value {transformation:[-0.6744698171157075f,0f,-0.7383024216402816f,3.827021247335479e-18f,0f,1f,0f,0.875f,0.7383024216402816f,0f,-0.6744698171157075f,-0.03125f,0f,0f,0f,1f],start_interpolation:0}