execute if entity @s[tag=aj.lysander.bone.rightarm] run data modify entity @s {} merge value {transformation:[-0.9927701954027148f,0.05202888127944716f,-0.10816808509382285f,-0.3106664436272597f,0.05233595624294383f,0.9986295347545738f,0f,0.8125f,0.10801984449253746f,-0.005661080168353337f,-0.994132619607231f,0.0025525265918196413f,0f,0f,0f,1f],start_interpolation:0}
execute if entity @s[tag=aj.lysander.bone.leftarm] run data modify entity @s {} merge value {transformation:[-0.9927701954027148f,-0.05202888127944716f,-0.10816808509382285f,0.3106664436272597f,-0.05233595624294383f,0.9986295347545738f,0f,0.8125f,0.10801984449253746f,0.005661080168353337f,-0.994132619607231f,-0.06505252659181965f,0f,0f,0f,1f],start_interpolation:0}
execute if entity @s[tag=aj.lysander.bone.torso] run data modify entity @s {} merge value {transformation:[-0.994132619607231f,0f,-0.10816808509382285f,3.827021247335479e-18f,0f,1f,0f,0.5f,0.10816808509382285f,0f,-0.994132619607231f,-0.03125f,0f,0f,0f,1f],start_interpolation:0}
execute if entity @s[tag=aj.lysander.bone.head] run data modify entity @s {} merge value {transformation:[-0.8749158803809539f,0f,-0.4842749242498733f,3.827021247335479e-18f,0f,1f,0f,0.875f,0.4842749242498733f,0f,-0.8749158803809539f,-0.03125f,0f,0f,0f,1f],start_interpolation:0}