execute if entity @s[tag=aj.lysander.bone.rightarm] run data modify entity @s {} merge value {transformation:[-0.9794411482632123f,-0.16354433258646775f,-0.11810287197052816f,-0.3064954001260095f,0.05233595624294383f,0.3594018128954154f,-0.9317141646297031f,0.8125f,0.19482295751008608f,-0.9187402179976317f,-0.343453675276139f,0.029715725630040053f,0f,0f,0f,1f],start_interpolation:0}
execute if entity @s[tag=aj.lysander.bone.leftarm] run data modify entity @s {} merge value {transformation:[-0.9794411482632123f,-0.012283803770746358f,-0.20135576786812423f,0.3064954001260095f,-0.05233595624294383f,0.9794411482632123f,0.1948229575100862f,0.8125f,0.19482295751008608f,0.20135576786812434f,-0.9599478475278025f,-0.09221572563004005f,0f,0f,0f,1f],start_interpolation:0}
execute if entity @s[tag=aj.lysander.bone.torso] run data modify entity @s {} merge value {transformation:[-0.9807852804032304f,0f,-0.19509032201612816f,3.827021247335479e-18f,0f,1f,0f,0.5f,0.19509032201612816f,0f,-0.9807852804032304f,-0.03125f,0f,0f,0f,1f],start_interpolation:0}
execute if entity @s[tag=aj.lysander.bone.head] run data modify entity @s {} merge value {transformation:[-0.9238795325112867f,0f,-0.38268343236508967f,3.827021247335479e-18f,0f,1f,0f,0.875f,0.38268343236508967f,0f,-0.9238795325112867f,-0.03125f,0f,0f,0f,1f],start_interpolation:0}