execute if entity @s[tag=aj.lysander.bone.rightarm] run data modify entity @s {} merge value {transformation:[-0.9127183249336094f,0.04783354052070768f,-0.40577975766619984f,-0.2856159032106441f,0.05233595624294383f,0.9986295347545738f,0f,0.8125f,0.40522365061102084f,-0.021236871641490584f,-0.9139708902740612f,0.09555617427068744f,0f,0f,0f,1f],start_interpolation:0}
execute if entity @s[tag=aj.lysander.bone.leftarm] run data modify entity @s {} merge value {transformation:[-0.9127183249336094f,-0.04783354052070768f,-0.40577975766619984f,0.2856159032106441f,-0.05233595624294383f,0.9986295347545738f,0f,0.8125f,0.40522365061102084f,0.021236871641490584f,-0.9139708902740612f,-0.15805617427068744f,0f,0f,0f,1f],start_interpolation:0}
execute if entity @s[tag=aj.lysander.bone.torso] run data modify entity @s {} merge value {transformation:[-0.9139708902740612f,0f,-0.40577975766619984f,3.827021247335479e-18f,0f,1f,0f,0.5f,0.40577975766619984f,0f,-0.9139708902740612f,-0.03125f,0f,0f,0f,1f],start_interpolation:0}
execute if entity @s[tag=aj.lysander.bone.head] run data modify entity @s {} merge value {transformation:[-0.6689445387614963f,0f,-0.7433123193255773f,3.827021247335479e-18f,0f,1f,0f,0.875f,0.7433123193255773f,0f,-0.6689445387614963f,-0.03125f,0f,0f,0f,1f],start_interpolation:0}