execute if entity @s[tag=aj.lysander.bone.rightarm] run data modify entity @s {} merge value {transformation:[-0.9111225504240362f,-0.32871081594062346f,0.24860590820101003f,-0.2851165393155395f,0.05233595624294383f,-0.6906112429797893f,-0.7213300622835896f,0.8125f,0.4087990286105583f,-0.6442090581120077f,0.6464348719349103f,0.09667501322544561f,0f,0f,0f,1f],start_interpolation:0}
execute if entity @s[tag=aj.lysander.bone.leftarm] run data modify entity @s {} merge value {transformation:[-0.9111225504240362f,0.11254014198164791f,-0.3964724637998835f,0.2851165393155395f,-0.05233595624294382f,0.9226133877210195f,0.382158978021033f,0.8125f,0.4087990286105583f,0.36894342823892956f,-0.8347239669294093f,-0.1591750132254456f,0f,0f,0f,1f],start_interpolation:0}
execute if entity @s[tag=aj.lysander.bone.torso] run data modify entity @s {} merge value {transformation:[-0.9123729258097263f,0f,-0.409360042321426f,3.827021247335479e-18f,0f,1f,0f,0.5f,0.409360042321426f,0f,-0.9123729258097263f,-0.03125f,0f,0f,0f,1f],start_interpolation:0}
execute if entity @s[tag=aj.lysander.bone.head] run data modify entity @s {} merge value {transformation:[-0.6651389842154545f,0f,-0.7467195803491651f,3.827021247335479e-18f,0f,1f,0f,0.875f,0.7467195803491651f,0f,-0.6651389842154545f,-0.03125f,0f,0f,0f,1f],start_interpolation:0}