execute if entity @s[tag=aj.lysander.bone.rightarm] run data modify entity @s {} merge value {transformation:[-0.9174511089776686f,-0.3304519094235951f,0.2215513443740434f,-0.28709692791730074f,0.05233595624294383f,-0.652277692273252f,-0.7561711180988187f,0.8125f,0.39439118945506696f,-0.6821549294119196f,0.6157274088094802f,0.0921663845704784f,0f,0f,0f,1f],start_interpolation:0}
execute if entity @s[tag=aj.lysander.bone.leftarm] run data modify entity @s {} merge value {transformation:[-0.9174511089776686f,0.11608629199207034f,-0.3805357216440759f,0.28709692791730074f,-0.05233595624294383f,0.9129568630063094f,0.40468594486813525f,0.8125f,0.39439118945506696f,0.39119526978378777f,-0.8315177993158095f,-0.1546663845704784f,0f,0f,0f,1f],start_interpolation:0}
execute if entity @s[tag=aj.lysander.bone.torso] run data modify entity @s {} merge value {transformation:[-0.9187101693353623f,0f,-0.3949324306255309f,3.827021247335479e-18f,0f,1f,0f,0.5f,0.3949324306255309f,0f,-0.9187101693353623f,-0.03125f,0f,0f,0f,1f],start_interpolation:0}
execute if entity @s[tag=aj.lysander.bone.head] run data modify entity @s {} merge value {transformation:[-0.68659500718299f,0f,-0.7270400925061766f,3.827021247335479e-18f,0f,1f,0f,0.875f,0.7270400925061766f,0f,-0.68659500718299f,-0.03125f,0f,0f,0f,1f],start_interpolation:0}