execute if entity @s[tag=aj.lysander.bone.rightarm] run data modify entity @s {} merge value {transformation:[-0.9224350751527842f,0.09597852108261692f,-0.37403429738283483f,-0.28865655476141f,0.05233595624294383f,0.9907550425968501f,0.12516146872360726f,0.8125f,0.38258917890083344f,0.09587788618710522f,-0.9189303298554676f,0.08847319488417059f,0f,0f,0f,1f],start_interpolation:0}
execute if entity @s[tag=aj.lysander.bone.leftarm] run data modify entity @s {} merge value {transformation:[-0.9224350751527842f,-0.05795520366100036f,-0.3817783735316725f,0.28865655476141f,-0.05233595624294382f,0.9983141568454852f,-0.0250956555209181f,0.8125f,0.38258917890083344f,-0.003168376634790592f,-0.9239131352987066f,-0.1509731948841706f,0f,0f,0f,1f],start_interpolation:0}
execute if entity @s[tag=aj.lysander.bone.torso] run data modify entity @s {} merge value {transformation:[-0.9237009752365121f,0f,-0.3831142236293459f,3.827021247335479e-18f,0f,1f,0f,0.5f,0.3831142236293459f,0f,-0.9237009752365121f,-0.03125f,0f,0f,0f,1f],start_interpolation:0}
execute if entity @s[tag=aj.lysander.bone.head] run data modify entity @s {} merge value {transformation:[-0.7017477589811478f,0f,-0.7124254927814816f,3.827021247335479e-18f,0f,1f,0f,0.875f,0.7124254927814816f,0f,-0.7017477589811478f,-0.03125f,0f,0f,0f,1f],start_interpolation:0}