execute if entity @s[tag=aj.lysander.bone.rightarm] run data modify entity @s {} merge value {transformation:[-0.9225839705861342f,0.048350577100549894f,-0.3827545413336945f,-0.28870314843934813f,0.05233595624294383f,0.9986295347545738f,0f,0.8125f,0.38222998953726767f,-0.02003182492702827f,-0.9238500750059141f,0.08836079416677954f,0f,0f,0f,1f],start_interpolation:0}
execute if entity @s[tag=aj.lysander.bone.leftarm] run data modify entity @s {} merge value {transformation:[-0.9225839705861342f,-0.048350577100549894f,-0.3827545413336945f,0.28870314843934813f,-0.05233595624294383f,0.9986295347545738f,0f,0.8125f,0.38222998953726767f,0.02003182492702827f,-0.9238500750059141f,-0.15086079416677955f,0f,0f,0f,1f],start_interpolation:0}
execute if entity @s[tag=aj.lysander.bone.torso] run data modify entity @s {} merge value {transformation:[-0.9238500750059141f,0f,-0.3827545413336945f,3.827021247335479e-18f,0f,1f,0f,0.5f,0.3827545413336945f,0f,-0.9238500750059141f,-0.03125f,0f,0f,0f,1f],start_interpolation:0}
execute if entity @s[tag=aj.lysander.bone.head] run data modify entity @s {} merge value {transformation:[-0.7038309232689532f,0f,-0.7103675326550145f,3.827021247335479e-18f,0f,1f,0f,0.875f,0.7103675326550145f,0f,-0.7038309232689532f,-0.03125f,0f,0f,0f,1f],start_interpolation:0}