execute if entity @s[tag=aj.lysander.bone.rightarm] run data modify entity @s {} merge value {transformation:[-0.9147505844200857f,-0.31756501513201263f,0.2497675508694356f,-0.28625185585115953f,0.05233595624294383f,-0.7061377159181261f,-0.7061377159181264f,0.8125f,0.4006149223222322f,-0.6328680647039605f,0.6625599570534092f,0.09411397018987144f,0f,0f,0f,1f],start_interpolation:0}
execute if entity @s[tag=aj.lysander.bone.leftarm] run data modify entity @s {} merge value {transformation:[-0.9147505844200857f,0.10922825814395293f,-0.3889737213822413f,0.28625185585115953f,-0.05233595624294382f,0.9226133877210195f,0.382158978021033f,0.8125f,0.4006149223222322f,0.3699374601480386f,-0.8382445702728828f,-0.15661397018987144f,0f,0f,0f,1f],start_interpolation:0}
execute if entity @s[tag=aj.lysander.bone.torso] run data modify entity @s {} merge value {transformation:[-0.9160059387237105f,0f,-0.4011647046075886f,3.827021247335479e-18f,0f,1f,0f,0.5f,0.4011647046075886f,0f,-0.9160059387237105f,-0.03125f,0f,0f,0f,1f],start_interpolation:0}
execute if entity @s[tag=aj.lysander.bone.head] run data modify entity @s {} merge value {transformation:[-0.6833348205984429f,0f,-0.7301051451384888f,3.827021247335479e-18f,0f,1f,0f,0.875f,0.7301051451384888f,0f,-0.6833348205984429f,-0.03125f,0f,0f,0f,1f],start_interpolation:0}