execute if entity @s[tag=aj.lysander.bone.rightarm] run data modify entity @s {} merge value {transformation:[-0.9982726068807112f,0.052317250445710464f,-0.026734016858487437f,-0.3123883069679994f,0.05233595624294383f,0.9986295347545738f,0f,0.8125f,0.026697378817512243f,-0.0013991503365039211f,-0.9996425822975981f,-0.022895619731722675f,0f,0f,0f,1f],start_interpolation:0}
execute if entity @s[tag=aj.lysander.bone.leftarm] run data modify entity @s {} merge value {transformation:[-0.9982726068807112f,-0.052317250445710464f,-0.026734016858487437f,0.3123883069679994f,-0.05233595624294383f,0.9986295347545738f,0f,0.8125f,0.026697378817512243f,0.0013991503365039211f,-0.9996425822975981f,-0.039604380268277325f,0f,0f,0f,1f],start_interpolation:0}
execute if entity @s[tag=aj.lysander.bone.torso] run data modify entity @s {} merge value {transformation:[-0.9996425822975981f,0f,-0.026734016858487437f,3.827021247335479e-18f,0f,1f,0f,0.5f,0.026734016858487437f,0f,-0.9996425822975981f,-0.03125f,0f,0f,0f,1f],start_interpolation:0}
execute if entity @s[tag=aj.lysander.bone.head] run data modify entity @s {} merge value {transformation:[-0.9460297140522252f,0f,-0.3240798977571195f,3.827021247335479e-18f,0f,1f,0f,0.875f,0.3240798977571195f,0f,-0.9460297140522252f,-0.03125f,0f,0f,0f,1f],start_interpolation:0}