execute if entity @s[tag=aj.lysander.bone.rightarm] run data modify entity @s {} merge value {transformation:[-0.9982095876384274f,0.05231394774717028f,0.02899775884145208f,-0.31236858642847165f,0.05233595624294383f,0.9986295347545738f,0f,0.8125f,-0.02895801842076462f,0.0015176254378696736f,-0.9995794765711093f,-0.040311799637953775f,0f,0f,0f,1f],start_interpolation:0}
execute if entity @s[tag=aj.lysander.bone.leftarm] run data modify entity @s {} merge value {transformation:[-0.9982095876384274f,-0.05145107848865782f,0.03050255184529069f,0.31236858642847165f,-0.05233595624294383f,0.9982095876384274f,-0.0289580184207645f,0.8125f,-0.02895801842076462f,-0.03050255184529058f,-0.999115122245714f,-0.022188200362046225f,0f,0f,0f,1f],start_interpolation:0}
execute if entity @s[tag=aj.lysander.bone.torso] run data modify entity @s {} merge value {transformation:[-0.9995794765711093f,0f,0.02899775884145208f,3.827021247335479e-18f,0f,1f,0f,0.5f,-0.02899775884145208f,0f,-0.9995794765711093f,-0.03125f,0f,0f,0f,1f],start_interpolation:0}
execute if entity @s[tag=aj.lysander.bone.head] run data modify entity @s {} merge value {transformation:[-0.998318259964346f,0f,0.05797112920894773f,3.827021247335479e-18f,0f,1f,0f,0.875f,-0.05797112920894773f,0f,-0.998318259964346f,-0.03125f,0f,0f,0f,1f],start_interpolation:0}