execute if entity @s[tag=aj.lysander.bone.rightarm] run data modify entity @s {} merge value {transformation:[-0.9949980709265093f,0.052145639288168275f,-0.08520370388517957f,-0.31136361017096387f,0.05233595624294383f,0.9986295347545738f,0f,0.8125f,0.08508693517022335f,-0.004459217318271501f,-0.9963635525470844f,-0.004623842535881384f,0f,0f,0f,1f],start_interpolation:0}
execute if entity @s[tag=aj.lysander.bone.leftarm] run data modify entity @s {} merge value {transformation:[-0.9949980709265093f,-0.052145639288168275f,-0.08520370388517957f,0.31136361017096387f,-0.05233595624294383f,0.9986295347545738f,0f,0.8125f,0.08508693517022335f,0.004459217318271501f,-0.9963635525470844f,-0.057876157464118616f,0f,0f,0f,1f],start_interpolation:0}
execute if entity @s[tag=aj.lysander.bone.torso] run data modify entity @s {} merge value {transformation:[-0.9963635525470844f,0f,-0.08520370388517957f,3.827021247335479e-18f,0f,1f,0f,0.5f,0.08520370388517957f,0f,-0.9963635525470844f,-0.03125f,0f,0f,0f,1f],start_interpolation:0}
execute if entity @s[tag=aj.lysander.bone.head] run data modify entity @s {} merge value {transformation:[-0.8879138472854861f,0f,-0.46000978228586253f,3.827021247335479e-18f,0f,1f,0f,0.875f,0.46000978228586253f,0f,-0.8879138472854861f,-0.03125f,0f,0f,0f,1f],start_interpolation:0}