execute if entity @s[tag=aj.lysander.bone.rightarm] run data modify entity @s {} merge value {transformation:[-0.9270988566409281f,0.04858719225239762f,-0.3716544023203712f,-0.29011598657703636f,0.05233595624294383f,0.9986295347545738f,0f,0.8125f,0.37114506287868154f,-0.01945088853733639f,-0.9283711570465164f,0.084892000725116f,0f,0f,0f,1f],start_interpolation:0}
execute if entity @s[tag=aj.lysander.bone.leftarm] run data modify entity @s {} merge value {transformation:[-0.9270988566409281f,-0.04858719225239762f,-0.3716544023203712f,0.29011598657703636f,-0.05233595624294383f,0.9986295347545738f,0f,0.8125f,0.37114506287868154f,0.01945088853733639f,-0.9283711570465164f,-0.147392000725116f,0f,0f,0f,1f],start_interpolation:0}
execute if entity @s[tag=aj.lysander.bone.torso] run data modify entity @s {} merge value {transformation:[-0.9283711570465164f,0f,-0.3716544023203712f,3.827021247335479e-18f,0f,1f,0f,0.5f,0.3716544023203712f,0f,-0.9283711570465164f,-0.03125f,0f,0f,0f,1f],start_interpolation:0}
execute if entity @s[tag=aj.lysander.bone.head] run data modify entity @s {} merge value {transformation:[-0.6949367590402646f,0f,-0.7190708594670021f,3.827021247335479e-18f,0f,1f,0f,0.875f,0.7190708594670021f,0f,-0.6949367590402646f,-0.03125f,0f,0f,0f,1f],start_interpolation:0}