execute if entity @s[tag=aj.lysander.bone.rightarm] run data modify entity @s {} merge value {transformation:[-0.919191184751585f,0.048172768729378215f,-0.3908541290915617f,-0.28764144784228224f,0.05233595624294383f,0.9986295347545738f,0f,0.8125f,0.3903184770916104f,-0.02045572459750989f,-0.9204526330953031f,0.09089191534111303f,0f,0f,0f,1f],start_interpolation:0}
execute if entity @s[tag=aj.lysander.bone.leftarm] run data modify entity @s {} merge value {transformation:[-0.919191184751585f,-0.048172768729378215f,-0.3908541290915617f,0.28764144784228224f,-0.05233595624294383f,0.9986295347545738f,0f,0.8125f,0.3903184770916104f,0.02045572459750989f,-0.9204526330953031f,-0.15339191534111302f,0f,0f,0f,1f],start_interpolation:0}
execute if entity @s[tag=aj.lysander.bone.torso] run data modify entity @s {} merge value {transformation:[-0.9204526330953031f,0f,-0.3908541290915617f,3.827021247335479e-18f,0f,1f,0f,0.5f,0.3908541290915617f,0f,-0.9204526330953031f,-0.03125f,0f,0f,0f,1f],start_interpolation:0}
execute if entity @s[tag=aj.lysander.bone.head] run data modify entity @s {} merge value {transformation:[-0.6798497460790585f,0f,-0.733351431958948f,3.827021247335479e-18f,0f,1f,0f,0.875f,0.733351431958948f,0f,-0.6798497460790585f,-0.03125f,0f,0f,0f,1f],start_interpolation:0}