execute if entity @s[tag=aj.lysander.bone.rightarm] run data modify entity @s {} merge value {transformation:[-0.9132718827638886f,-0.3895540205215738f,0.11908876205746297f,-0.2857891274303792f,0.05233595624294383f,-0.40213659983547356f,-0.9140826564140141f,0.8125f,0.4039745237475236f,-0.8285733643849776f,0.3876477318322914f,0.0951652864276408f,0f,0f,0f,1f],start_interpolation:0}
execute if entity @s[tag=aj.lysander.bone.leftarm] run data modify entity @s {} merge value {transformation:[-0.9132718827638886f,0.11058728280295625f,-0.39205219172345f,0.2857891274303792f,-0.05233595624294382f,0.9226133877210195f,0.382158978021033f,0.8125f,0.4039745237475236f,0.36953347572338097f,-0.8368091744733435f,-0.1576652864276408f,0f,0f,0f,1f],start_interpolation:0}
execute if entity @s[tag=aj.lysander.bone.torso] run data modify entity @s {} merge value {transformation:[-0.9145252077772135f,0f,-0.4045289165684505f,3.827021247335479e-18f,0f,1f,0f,0.5f,0.4045289165684505f,0f,-0.9145252077772135f,-0.03125f,0f,0f,0f,1f],start_interpolation:0}
execute if entity @s[tag=aj.lysander.bone.head] run data modify entity @s {} merge value {transformation:[-0.6710757089486035f,0f,-0.7413888270395832f,3.827021247335479e-18f,0f,1f,0f,0.875f,0.7413888270395832f,0f,-0.6710757089486035f,-0.03125f,0f,0f,0f,1f],start_interpolation:0}