execute if entity @s[tag=aj.lysander.bone.rightarm] run data modify entity @s {} merge value {transformation:[-0.9114407753031736f,-0.38589268358119305f,0.14269740668020242f,-0.2852161210635946f,0.05233595624294383f,-0.4527569879327198f,-0.8900966563032509f,0.8125f,0.4080890353818472f,-0.8038021812838008f,0.43285724270770515f,0.09645283585510905f,0f,0f,0f,1f],start_interpolation:0}
execute if entity @s[tag=aj.lysander.bone.leftarm] run data modify entity @s {} merge value {transformation:[-0.9114407753031736f,0.11225265850265506f,-0.39582199758709236f,0.2852161210635946f,-0.05233595624294382f,0.9226133877210195f,0.382158978021033f,0.8125f,0.4080890353818472f,0.36903099796227146f,-0.8350326111859844f,-0.15895283585510905f,0f,0f,0f,1f],start_interpolation:0}
execute if entity @s[tag=aj.lysander.bone.torso] run data modify entity @s {} merge value {transformation:[-0.9126915874035029f,0f,-0.4086490747363489f,3.827021247335479e-18f,0f,1f,0f,0.5f,0.4086490747363489f,0f,-0.9126915874035029f,-0.03125f,0f,0f,0f,1f],start_interpolation:0}
execute if entity @s[tag=aj.lysander.bone.head] run data modify entity @s {} merge value {transformation:[-0.6679640931061629f,0f,-0.7441935032777842f,3.827021247335479e-18f,0f,1f,0f,0.875f,0.7441935032777842f,0f,-0.6679640931061629f,-0.03125f,0f,0f,0f,1f],start_interpolation:0}