execute if entity @s[tag=aj.lysander.bone.rightarm] run data modify entity @s {} merge value {transformation:[-0.9954541917150518f,0.008738394191162943f,-0.0948398263594599f,-0.31150634352848927f,0.05233595624294382f,0.8821527199110069f,-0.4680465002943076f,0.8125f,0.07957323595951923f,-0.47088238363796586f,-0.8785999549842681f,-0.006349238133928153f,0f,0f,0f,1f],start_interpolation:0}
execute if entity @s[tag=aj.lysander.bone.leftarm] run data modify entity @s {} merge value {transformation:[-0.9954541917150518f,-0.045654369110054153f,-0.08358606808610863f,0.31150634352848927f,-0.05233595624294382f,0.9954541917150519f,0.07957323595951935f,0.8125f,0.07957323595951923f,0.08358606808610873f,-0.9933184128671102f,-0.05615076186607185f,0f,0f,0f,1f],start_interpolation:0}
execute if entity @s[tag=aj.lysander.bone.torso] run data modify entity @s {} merge value {transformation:[-0.9968202992911657f,0f,-0.0796824379714299f,3.827021247335479e-18f,0f,1f,0f,0.5f,0.0796824379714299f,0f,-0.9968202992911657f,-0.03125f,0f,0f,0f,1f],start_interpolation:0}
execute if entity @s[tag=aj.lysander.bone.head] run data modify entity @s {} merge value {transformation:[-0.9873014181578582f,0f,-0.1588581433338611f,3.827021247335479e-18f,0f,1f,0f,0.875f,0.1588581433338611f,0f,-0.9873014181578582f,-0.03125f,0f,0f,0f,1f],start_interpolation:0}