execute if entity @s[tag=aj.lysander.bone.rightarm] run data modify entity @s {} merge value {transformation:[-0.9192945383193125f,-0.3933326306378686f,0.013674556364864428f,-0.28767379015621425f,0.05233595624294382f,-0.15660792660630163f,-0.9862732405414899f,0.8125f,0.39007499214948216f,-0.9059599323367281f,0.16455425093267032f,0.09081572187620236f,0f,0f,0f,1f],start_interpolation:0}
execute if entity @s[tag=aj.lysander.bone.leftarm] run data modify entity @s {} merge value {transformation:[-0.9192945383193125f,0.08867425771741136f,-0.38345068500988233f,0.28767379015621425f,-0.05233595624294382f,0.9380923796301074f,0.3424085789872375f,0.8125f,0.39007499214948216f,0.33484259480864836f,-0.8577423489611509f,-0.15331572187620235f,0f,0f,0f,1f],start_interpolation:0}
execute if entity @s[tag=aj.lysander.bone.torso] run data modify entity @s {} merge value {transformation:[-0.9205561284998857f,0f,-0.39061031000384755f,3.827021247335479e-18f,0f,1f,0f,0.5f,0.39061031000384755f,0f,-0.9205561284998857f,-0.03125f,0f,0f,0f,1f],start_interpolation:0}
execute if entity @s[tag=aj.lysander.bone.head] run data modify entity @s {} merge value {transformation:[-0.6998528254270067f,0f,-0.7142870730608497f,3.827021247335479e-18f,0f,1f,0f,0.875f,0.7142870730608497f,0f,-0.6998528254270067f,-0.03125f,0f,0f,0f,1f],start_interpolation:0}