execute if entity @s[tag=aj.villager_link.bone.torso] run data modify entity @s {} merge value {transformation:[-0.9948718862149959f,0f,-0.10114311651821035f,3.827021247335479e-18f,0f,1f,0f,1.125f,0.10114311651821035f,0f,-0.9948718862149959f,-0.03125f,0f,0f,0f,1f],start_interpolation:0}
execute if entity @s[tag=aj.villager_link.bone.rightarm] run data modify entity @s {} merge value {transformation:[-0.9944926634317915f,-0.02746656806601824f,-0.10114311651821035f,-0.31089746444218624f,-0.027608145778965757f,0.9996188224951786f,0f,1.4375f,0.10110456303742608f,0.002792373905373671f,-0.9948718862149959f,0.000357223911940735f,0f,0f,0f,1f],start_interpolation:0}
execute if entity @s[tag=aj.villager_link.bone.leftarm] run data modify entity @s {} merge value {transformation:[-0.9944926634317915f,0.02746656806601824f,-0.10114311651821035f,0.31089746444218624f,0.027608145778965757f,0.9996188224951786f,0f,1.4375f,0.10110456303742608f,-0.002792373905373671f,-0.9948718862149959f,-0.06285722391194073f,0f,0f,0f,1f],start_interpolation:0}
execute if entity @s[tag=aj.villager_link.bone.head] run data modify entity @s {} merge value {transformation:[-0.9325308051091129f,0f,-0.3610904284560169f,3.827021247335479e-18f,0f,1f,0f,1.5f,0.3610904284560169f,0f,-0.9325308051091129f,-0.03125f,0f,0f,0f,1f],start_interpolation:0}