execute if entity @s[tag=aj.villager_link.bone.torso] run data modify entity @s {} merge value {transformation:[-0.9948718862149959f,0f,-0.10114311651821022f,3.827021247335479e-18f,0f,1f,0f,1.125f,0.10114311651821022f,0f,-0.9948718862149959f,-0.03125f,0f,0f,0f,1f],start_interpolation:0}
execute if entity @s[tag=aj.villager_link.bone.rightarm] run data modify entity @s {} merge value {transformation:[-0.9465559539224415f,0.3062709520587294f,-0.10114311651821022f,-0.31089746444218624f,0.3078496400415349f,0.9514350209690083f,0f,1.4375f,0.09623110318537419f,-0.03113687201281004f,-0.9948718862149959f,0.00035722391194069336f,0f,0f,0f,1f],start_interpolation:0}
execute if entity @s[tag=aj.villager_link.bone.leftarm] run data modify entity @s {} merge value {transformation:[-0.9465559539224415f,-0.3062709520587294f,-0.10114311651821022f,0.31089746444218624f,-0.3078496400415349f,0.9514350209690083f,0f,1.4375f,0.09623110318537419f,0.03113687201281004f,-0.9948718862149959f,-0.0628572239119407f,0f,0f,0f,1f],start_interpolation:0}
execute if entity @s[tag=aj.villager_link.bone.head] run data modify entity @s {} merge value {transformation:[-0.996069636645596f,0f,0.08857357931522426f,3.827021247335479e-18f,0f,1f,0f,1.5f,-0.08857357931522426f,0f,-0.996069636645596f,-0.03125f,0f,0f,0f,1f],start_interpolation:0}