execute if entity @s[tag=aj.villager_link.bone.torso] run data modify entity @s {} merge value {transformation:[-0.9124300091070537f,0f,-0.4092327925287779f,3.827021247335479e-18f,0f,1f,0f,1.125f,0.4092327925287779f,0f,-0.9124300091070537f,-0.03125f,0f,0f,0f,1f],start_interpolation:0}
execute if entity @s[tag=aj.villager_link.bone.rightarm] run data modify entity @s {} merge value {transformation:[-0.8306424665164654f,0.3775733231288206f,-0.4092327925287779f,-0.2851343778459543f,0.4138107245051391f,0.9103629409661467f,0f,1.4375f,0.3725503685462872f,-0.16934491836759488f,-0.9124300091070537f,0.09663524766524309f,0f,0f,0f,1f],start_interpolation:0}
execute if entity @s[tag=aj.villager_link.bone.leftarm] run data modify entity @s {} merge value {transformation:[-0.8306424665164654f,-0.3775733231288206f,-0.4092327925287779f,0.2851343778459543f,-0.4138107245051391f,0.9103629409661467f,0f,1.4375f,0.3725503685462872f,0.16934491836759488f,-0.9124300091070537f,-0.1591352476652431f,0f,0f,0f,1f],start_interpolation:0}
execute if entity @s[tag=aj.villager_link.bone.head] run data modify entity @s {} merge value {transformation:[-0.641762236032717f,0f,-0.7669036656597016f,3.827021247335479e-18f,0f,1f,0f,1.5f,0.7669036656597016f,0f,-0.641762236032717f,-0.03125f,0f,0f,0f,1f],start_interpolation:0}