execute if entity @s[tag=aj.villager_link.bone.torso] run data modify entity @s {} merge value {transformation:[-0.9450630751798048f,0f,-0.32688802965494235f,3.827021247335479e-18f,0f,1f,0f,1.125f,0.32688802965494235f,0f,-0.9450630751798048f,-0.03125f,0f,0f,0f,1f],start_interpolation:0}
execute if entity @s[tag=aj.villager_link.bone.rightarm] run data modify entity @s {} merge value {transformation:[-0.8731244320907972f,0.36165998141131456f,-0.32688802965494235f,-0.295332210993689f,0.3826834323650897f,0.9238795325112867f,0f,1.4375f,0.30200516002114375f,-0.12509463318741457f,-0.9450630751798048f,0.07090250926716948f,0f,0f,0f,1f],start_interpolation:0}
execute if entity @s[tag=aj.villager_link.bone.leftarm] run data modify entity @s {} merge value {transformation:[-0.8731244320907972f,-0.36165998141131456f,-0.32688802965494235f,0.295332210993689f,-0.3826834323650897f,0.9238795325112867f,0f,1.4375f,0.30200516002114375f,0.12509463318741457f,-0.9450630751798048f,-0.13340250926716948f,0f,0f,0f,1f],start_interpolation:0}
execute if entity @s[tag=aj.villager_link.bone.head] run data modify entity @s {} merge value {transformation:[-0.9974656794790775f,0f,-0.07114926746876682f,3.827021247335479e-18f,0f,1f,0f,1.5f,0.07114926746876682f,0f,-0.9974656794790775f,-0.03125f,0f,0f,0f,1f],start_interpolation:0}