execute if entity @s[tag=aj.villager_link.bone.torso] run data modify entity @s {} merge value {transformation:[-0.9126713308446481f,0f,-0.408694313459655f,3.827021247335479e-18f,0f,1f,0f,1.125f,0.408694313459655f,0f,-0.9126713308446481f,-0.03125f,0f,0f,0f,1f],start_interpolation:0}
execute if entity @s[tag=aj.villager_link.bone.rightarm] run data modify entity @s {} merge value {transformation:[-0.8347648043679601f,0.36896704396769964f,-0.408694313459655f,-0.28520979088895254f,0.4042715394886267f,0.914639012047647f,0f,1.4375f,0.3738077630922302f,-0.1652234792825821f,-0.9126713308446481f,0.0964669729561422f,0f,0f,0f,1f],start_interpolation:0}
execute if entity @s[tag=aj.villager_link.bone.leftarm] run data modify entity @s {} merge value {transformation:[-0.8347648043679601f,-0.36896704396769964f,-0.408694313459655f,0.28520979088895254f,-0.4042715394886267f,0.914639012047647f,0f,1.4375f,0.3738077630922302f,0.1652234792825821f,-0.9126713308446481f,-0.1589669729561422f,0f,0f,0f,1f],start_interpolation:0}
execute if entity @s[tag=aj.villager_link.bone.head] run data modify entity @s {} merge value {transformation:[-0.6500074029970544f,0f,-0.7599278755572957f,3.827021247335479e-18f,0f,1f,0f,1.5f,0.7599278755572957f,0f,-0.6500074029970544f,-0.03125f,0f,0f,0f,1f],start_interpolation:0}