execute if entity @s[tag=aj.villager_link.bone.torso] run data modify entity @s {} merge value {transformation:[-0.9214568408214985f,0f,-0.388480746631366f,3.827021247335479e-18f,0f,1f,0f,1.125f,0.388480746631366f,0f,-0.9214568408214985f,-0.03125f,0f,0f,0f,1f],start_interpolation:0}
execute if entity @s[tag=aj.villager_link.bone.rightarm] run data modify entity @s {} merge value {transformation:[-0.8413833778428109f,0.3757082924112242f,-0.388480746631366f,-0.2879552627567183f,0.4077329243942367f,0.9131012333607504f,0f,1.4375f,0.3547222488860055f,-0.15839639089486338f,-0.9214568408214985f,0.09015023332230188f,0f,0f,0f,1f],start_interpolation:0}
execute if entity @s[tag=aj.villager_link.bone.leftarm] run data modify entity @s {} merge value {transformation:[-0.8413833778428109f,-0.3757082924112242f,-0.388480746631366f,0.2879552627567183f,-0.4077329243942367f,0.9131012333607504f,0f,1.4375f,0.3547222488860055f,0.15839639089486338f,-0.9214568408214985f,-0.15265023332230188f,0f,0f,0f,1f],start_interpolation:0}
execute if entity @s[tag=aj.villager_link.bone.head] run data modify entity @s {} merge value {transformation:[-0.8612746218759619f,0f,-0.5081397698590604f,3.827021247335479e-18f,0f,1f,0f,1.5f,0.5081397698590604f,0f,-0.8612746218759619f,-0.03125f,0f,0f,0f,1f],start_interpolation:0}