execute if entity @s[tag=aj.melissa.bone.head] run data modify entity @s {} merge value {transformation:[-0.999578768714555f,-1.8039103882776116e-18f,-0.029022149043348072f,-0.24999999999999997f,-0.00042749759510976875f,0.9998915069846752f,0.014723841405059428f,1.3749254110519642f,0.029019000342887152f,0.014730046161338634f,-0.9994703213998825f,-0.23987309326407974f,0f,0f,0f,1f],start_interpolation:0}
execute if entity @s[tag=aj.melissa.bone.broom] run data modify entity @s {} merge value {transformation:[-0.9862790942115803f,0.031287353839000026f,0.16209457057822124f,-0.7719240940015661f,0.03550391203465296f,0.9991006470975942f,0.02318122514890525f,0.684433475160503f,-0.1612235111620522f,0.028618149117680958f,-0.9865029047041158f,-0.022878693341475603f,0f,0f,0f,1f],start_interpolation:0}
execute if entity @s[tag=aj.melissa.bone.rightarm] run data modify entity @s {} merge value {transformation:[-0.9238795325112867f,0.3649716762170987f,-0.11507512748638361f,-0.59375f,0.38264191388559754f,0.8854533855939654f,-0.26373749767174065f,1.2811855822721507f,0.005636944623917169f,-0.28769424307668334f,-0.9577057206448342f,-0.2412540350917053f,0f,0f,0f,1f],start_interpolation:0}
execute if entity @s[tag=aj.melissa.bone.leftarm] run data modify entity @s {} merge value {transformation:[-0.9957889423626006f,-0.09167541801580827f,1.2245139335234059e-16f,0.09375000000000003f,-0.09166547187327657f,0.9956809062176166f,0.014730046161338634f,1.2811855822721507f,-0.0013503831392329931f,0.014668017087951672f,-0.9998915069846752f,-0.2412540350917052f,0f,0f,0f,1f],start_interpolation:0}
execute if entity @s[tag=aj.melissa.bone.torso] run data modify entity @s {} merge value {transformation:[-1f,-1.8039103882776116e-18f,1.2245139335234059e-16f,-0.24999999999999997f,0f,0.9998915069846752f,0.014730046161338634f,0.7187466095932711f,-1.2246467991473532e-16f,0.014730046161338634f,-0.9998915069846752f,-0.24953968605745822f,0f,0f,0f,1f],start_interpolation:0}