execute if entity @s[tag=aj.melissa.bone.head] run data modify entity @s {} merge value {transformation:[-1f,1.0083126626109434e-18f,1.2246052887438056e-16f,-0.24999999999999997f,0f,0.9999661041832009f,-0.008233497717978521f,1.3749766966259505f,-1.2246467991473532e-16f,-0.008233497717978521f,-0.9999661041832009f,-0.2556605296811103f,0f,0f,0f,1f],start_interpolation:0}
execute if entity @s[tag=aj.melissa.bone.broom] run data modify entity @s {} merge value {transformation:[-0.9862790942115803f,0.031287353839000026f,0.16209457057822124f,-0.7719240940015661f,0.03179251223834495f,0.9994943535397243f,0.0005228841013186769f,0.6896494775060797f,-0.16199624837248372f,0.005669103276703613f,-0.9867750892585802f,-0.022868163263452645f,0f,0f,0f,1f],start_interpolation:0}
execute if entity @s[tag=aj.melissa.bone.rightarm] run data modify entity @s {} merge value {transformation:[-0.9238795325112867f,0.3649716762170987f,-0.11507512748638361f,-0.59375f,0.3826704609975742f,0.878613843823817f,-0.28565894300903877f,1.2812298743587756f,-0.0031508231670862668f,-0.3079503028094281f,-0.9513972268789475f,-0.25488863927004984f,0f,0f,0f,1f],start_interpolation:0}
execute if entity @s[tag=aj.melissa.bone.leftarm] run data modify entity @s {} merge value {transformation:[-0.9915517877041912f,-0.12971141931465643f,1.2246052887438056e-16f,0.09375000000000003f,-0.12970702264015058f,0.9915181782464483f,-0.008233497717978521f,1.2812298743587756f,0.0010679786749228574f,-0.008163939381319997f,-0.9999661041832009f,-0.25488863927004973f,0f,0f,0f,1f],start_interpolation:0}
execute if entity @s[tag=aj.melissa.bone.torso] run data modify entity @s {} merge value {transformation:[-1f,1.0083126626109434e-18f,1.2246052887438056e-16f,-0.24999999999999997f,0f,0.9999661041832009f,-0.008233497717978521f,0.718748940755725f,-1.2246467991473532e-16f,-0.008233497717978521f,-0.9999661041832009f,-0.25025729680368686f,0f,0f,0f,1f],start_interpolation:0}