execute if entity @s[tag=aj.melissa.bone.head] run data modify entity @s {} merge value {transformation:[-1f,-6.944176501049501e-19f,1.224627111031999e-16f,-0.24999999999999997f,0f,0.9999839234337868f,0.005670350427473707f,1.3749889473607284f,-1.2246467991473532e-16f,0.005670350427473707f,-0.9999839234337868f,-0.24610163408111188f,0f,0f,0f,1f],start_interpolation:0}
execute if entity @s[tag=aj.melissa.bone.broom] run data modify entity @s {} merge value {transformation:[-0.9862790942115803f,0.031287353839000026f,0.16209457057822124f,-0.7719240940015661f,0.034041757875642176f,0.9993189232483691f,0.014242484279657075f,0.6864913368931109f,-0.16153856208943085f,0.019565048619242853f,-0.98667243897385f,-0.022860232210201586f,0f,0f,0f,1f],start_interpolation:0}
execute if entity @s[tag=aj.melissa.bone.rightarm] run data modify entity @s {} merge value {transformation:[-0.9238795325112867f,0.3649716762170987f,-0.11507512748638361f,-0.59375f,0.38267728012955055f,0.8828105124870061f,-0.2724035578238269f,1.281240454538811f,0.0021699491642983783f,-0.2957047084537391f,-0.9552769319516271f,-0.24663322943368757f,0f,0f,0f,1f],start_interpolation:0}
execute if entity @s[tag=aj.melissa.bone.leftarm] run data modify entity @s {} merge value {transformation:[-0.9942911381700745f,-0.10670113662214521f,1.224627111031999e-16f,0.09375000000000003f,-0.10669942123425728f,0.9942751533827566f,0.005670350427473707f,1.281240454538811f,-0.0006050328356574333f,0.0056379791803559875f,-0.9999839234337868f,-0.24663322943368748f,0f,0f,0f,1f],start_interpolation:0}
execute if entity @s[tag=aj.melissa.bone.torso] run data modify entity @s {} merge value {transformation:[-1f,-6.944176501049501e-19f,1.224627111031999e-16f,-0.24999999999999997f,0f,0.9999839234337868f,0.005670350427473707f,0.7187494976073059f,-1.2246467991473532e-16f,0.005670350427473707f,-0.9999839234337868f,-0.2498228015491415f,0f,0f,0f,1f],start_interpolation:0}