execute if entity @s[tag=aj.melissa.bone.head] run data modify entity @s {} merge value {transformation:[-1f,-1.855202548224602e-18f,1.2245062698950805e-16f,-0.24999999999999997f,0f,0.9998852491572504f,0.015148878431856975f,1.3749211087956097f,-1.2246467991473532e-16f,0.015148878431856975f,-0.9998852491572504f,-0.2395851460780984f,0f,0f,0f,1f],start_interpolation:0}
execute if entity @s[tag=aj.melissa.bone.broom] run data modify entity @s {} merge value {transformation:[-0.9862790942115803f,0.031287353839000026f,0.16209457057822124f,-0.7719240940015661f,0.03557144206436012f,0.9990885719047589f,0.02359444847355832f,0.684338339081848f,-0.16120862517448192f,0.029036648895193473f,-0.986493108029798f,-0.022879997769669452f,0f,0f,0f,1f],start_interpolation:0}
execute if entity @s[tag=aj.melissa.bone.rightarm] run data modify entity @s {} merge value {transformation:[-0.9238795325112867f,0.3649716762170987f,-0.11507512748638361f,-0.59375f,0.38263951911871946f,0.8855738169925164f,-0.26333631171165944f,1.2811818666871175f,0.005797224794784391f,-0.2873233200013296f,-0.9578161107269454f,-0.241005353431085f,0f,0f,0f,1f],start_interpolation:0}
execute if entity @s[tag=aj.melissa.bone.leftarm] run data modify entity @s {} merge value {transformation:[-0.9958527012051857f,-0.09098020390356992f,1.2245062698950805e-16f,0.09375000000000003f,-0.09096976384849846f,0.9957384262684679f,0.015148878431856975f,1.2811818666871175f,-0.001378248048640862f,0.015086051506593735f,-0.9998852491572504f,-0.24100535343108492f,0f,0f,0f,1f],start_interpolation:0}
execute if entity @s[tag=aj.melissa.bone.torso] run data modify entity @s {} merge value {transformation:[-1f,-1.855202548224602e-18f,1.2245062698950805e-16f,-0.24999999999999997f,0f,0.9998852491572504f,0.015148878431856975f,0.7187464140361641f,-1.2246467991473532e-16f,0.015148878431856975f,-0.9998852491572504f,-0.24952659754900453f,0f,0f,0f,1f],start_interpolation:0}