execute if entity @s[tag=aj.melissa.bone.head] run data modify entity @s {} merge value {transformation:[-1f,-1.3061713844055537e-18f,1.2245771410137109e-16f,-0.24999999999999997f,0f,0.9999431198173294f,0.010665698757510828f,1.3749608948744139f,-1.2246467991473532e-16f,0.010665698757510828f,-0.9999431198173294f,-0.24266733210421138f,0f,0f,0f,1f],start_interpolation:0}
execute if entity @s[tag=aj.melissa.bone.broom] run data modify entity @s {} merge value {transformation:[-0.9862790942115803f,0.031287353839000026f,0.16209457057822124f,-0.7719240940015661f,0.03484829890554732f,0.9992087169731281f,0.019171228137629143f,0.6853566729067175f,-0.16136649089750443f,0.02455690156898066f,-0.9865889793631171f,-0.022868105141884726f,0f,0f,0f,1f],start_interpolation:0}
execute if entity @s[tag=aj.melissa.bone.rightarm] run data modify entity @s {} merge value {transformation:[-0.9238795325112867f,0.3649716762170987f,-0.11507512748638361f,-0.59375f,0.38266166526155176f,0.8842766898353802f,-0.26762807355178364f,1.2812162273915395f,0.004081586209096203f,-0.29129093939404305f,-0.9566258042102741f,-0.24366724136272805f,0f,0f,0f,1f],start_interpolation:0}
execute if entity @s[tag=aj.melissa.bone.leftarm] run data modify entity @s {} merge value {transformation:[-0.9951450454114771f,-0.09841919829479016f,1.2245771410137109e-16f,0.09375000000000003f,-0.09841360019281287f,0.9950884413795104f,0.010665698757510828f,1.2812162273915395f,-0.001049709520968077f,0.010613917274388235f,-0.9999431198173294f,-0.24366724136272797f,0f,0f,0f,1f],start_interpolation:0}
execute if entity @s[tag=aj.melissa.bone.torso] run data modify entity @s {} merge value {transformation:[-1f,-1.3061713844055537e-18f,1.2245771410137109e-16f,-0.24999999999999997f,0f,0.9999431198173294f,0.010665698757510828f,0.7187482224942916f,-1.2246467991473532e-16f,0.010665698757510828f,-0.9999431198173294f,-0.24966669691382784f,0f,0f,0f,1f],start_interpolation:0}