execute if entity @s[tag=aj.melissa.bone.head] run data modify entity @s {} merge value {transformation:[-0.9758212980143658f,8.3120934970066715e-19f,0.2185698843426474f,-0.24999999999999997f,-0.0014835079923051506f,0.9999769657465017f,-0.006623230364145071f,1.37498416395072f,-0.21856484974852436f,-0.006787339421287734f,-0.9757988206992183f,-0.25466629585213535f,0f,0f,0f,1f],start_interpolation:0}
execute if entity @s[tag=aj.melissa.bone.broom] run data modify entity @s {} merge value {transformation:[-0.9862790942115803f,0.031287353839000026f,0.16209457057822124f,-0.7719240940015661f,0.032026757756331015f,0.999485109672779f,0.0019499564123359736f,0.6893209974897493f,-0.16195010067549212f,0.007114564789636069f,-0.9867733011482689f,-0.02286529221404965f,0f,0f,0f,1f],start_interpolation:0}
execute if entity @s[tag=aj.melissa.bone.rightarm] run data modify entity @s {} merge value {transformation:[-0.9238795325112867f,0.3649716762170987f,-0.11507512748638361f,-0.59375f,0.382674617537899f,0.879058282346625f,-0.2842827348433669f,1.2812363234119855f,-0.0025974023463653847f,-0.3066793305670968f,-0.9518093515531189f,-0.2540299827813897f,0f,0f,0f,1f],start_interpolation:0}
execute if entity @s[tag=aj.melissa.bone.leftarm] run data modify entity @s {} merge value {transformation:[-0.9918615546804908f,-0.12732107581543534f,1.2246185903225358e-16f,0.09375000000000003f,-0.12731814306949935f,0.9918387078900051f,-0.006787339421287734f,1.2812363234119855f,0.0008641713570427471f,-0.00673210103054265f,-0.9999769657465017f,-0.2540299827813896f,0f,0f,0f,1f],start_interpolation:0}
execute if entity @s[tag=aj.melissa.bone.torso] run data modify entity @s {} merge value {transformation:[-1f,8.3120934970066715e-19f,1.2246185903225358e-16f,-0.24999999999999997f,0f,0.9999769657465017f,-0.006787339421287734f,0.7187492801795782f,-1.2246467991473532e-16f,-0.006787339421287734f,-0.9999769657465017f,-0.2502121043569153f,0f,0f,0f,1f],start_interpolation:0}