execute if entity @s[tag=aj.melissa.bone.head] run data modify entity @s {} merge value {transformation:[-0.9803586708015931f,6.264964389346555e-19f,0.1972229109006702f,-0.24999999999999997f,-0.0010089394872188745f,0.9999869145592329f,-0.00501525187967285f,1.3749910037594728f,-0.1972203301519517f,-0.005115731649083202f,-0.9803458423762759f,-0.25351706550874475f,0f,0f,0f,1f],start_interpolation:0}
execute if entity @s[tag=aj.melissa.bone.broom] run data modify entity @s {} merge value {transformation:[-0.9862790942115803f,0.031287353839000026f,0.16209457057822124f,-0.7719240940015661f,0.032297434756071844f,0.99947182023814f,0.003599480245358f,0.6889413082107625f,-0.16189633729446143f,0.008785330933587798f,-0.9867686628237774f,-0.02286256551702376f,0f,0f,0f,1f],start_interpolation:0}
execute if entity @s[tag=aj.melissa.bone.rightarm] run data modify entity @s {} merge value {transformation:[-0.9238795325112867f,0.3649716762170987f,-0.11507512748638361f,-0.59375f,0.3826784247837029f,0.8795697105918251f,-0.28269125811470885f,1.2812422305195446f,-0.0019577057465299933f,-0.3052094359103178f,-0.9522832391780902f,-0.25303746566664326f,0f,0f,0f,1f],start_interpolation:0}
execute if entity @s[tag=aj.melissa.bone.leftarm] run data modify entity @s {} merge value {transformation:[-0.9922124292276762f,-0.12455719684592219f,1.2246307741042024e-16f,0.09375000000000003f,-0.12455556696010076f,0.9921994456907052f,-0.005115731649083202f,1.2812422305195446f,0.0006372011940256491f,-0.005075892526813766f,-0.9999869145592329f,-0.25303746566664315f,0f,0f,0f,1f],start_interpolation:0}
execute if entity @s[tag=aj.melissa.bone.torso] run data modify entity @s {} merge value {transformation:[-1f,6.264964389346555e-19f,1.2246307741042024e-16f,-0.24999999999999997f,0f,0.9999869145592329f,-0.005115731649083202f,0.718749591079976f,-1.2246467991473532e-16f,-0.005115731649083202f,-0.9999869145592329f,-0.2501598666140339f,0f,0f,0f,1f],start_interpolation:0}