execute if entity @s[tag=aj.melissa.bone.head] run data modify entity @s {} merge value {transformation:[-0.9996073813864592f,-2.906877429743378e-19f,0.028019333998257893f,-0.24999999999999997f,0.00006650796756475793f,0.9999971828994245f,0.0023727136163506617f,1.3749980632433543f,-0.028019255064975962f,0.002373645553777023f,-0.9996045653919299f,-0.24836811868177835f,0f,0f,0f,1f],start_interpolation:0}
execute if entity @s[tag=aj.melissa.bone.broom] run data modify entity @s {} merge value {transformation:[-0.9862790942115803f,0.031287353839000026f,0.16209457057822124f,-0.7719240940015661f,0.033509024336416046f,0.9993779933552804f,0.01098961715412955f,0.6872401601932411f,-0.16164991063779222f,0.01627046056281345f,-0.986714030762646f,-0.02285814125057975f,0f,0f,0f,1f],start_interpolation:0}
execute if entity @s[tag=aj.melissa.bone.rightarm] run data modify entity @s {} merge value {transformation:[-0.9238795325112867f,0.3649716762170987f,-0.11507512748638361f,-0.59375f,0.38268235430737213f,0.8818308573869006f,-0.2755513648343092f,1.2812483273465332f,0.000908354827737412f,-0.2986134868346789f,-0.9543737005869043f,-0.24859064795244498f,0f,0f,0f,1f],start_interpolation:0}
execute if entity @s[tag=aj.melissa.bone.leftarm] run data modify entity @s {} merge value {transformation:[-0.9936898569964848f,-0.11216268587326886f,1.2246433491941505e-16f,0.09375000000000003f,-0.11216236989970194f,0.9936870576722169f,0.002373645553777023f,1.2812483273465332f,-0.00026623446062289525f,0.002358667510893018f,-0.9999971828994245f,-0.2485906479524449f,0f,0f,0f,1f],start_interpolation:0}
execute if entity @s[tag=aj.melissa.bone.torso] run data modify entity @s {} merge value {transformation:[-1f,-2.906877429743378e-19f,1.2246433491941505e-16f,-0.24999999999999997f,0f,0.9999971828994245f,0.002373645553777023f,0.718749911965607f,-1.2246467991473532e-16f,0.002373645553777023f,-0.9999971828994245f,-0.24992582357644452f,0f,0f,0f,1f],start_interpolation:0}