execute if entity @s[tag=aj.melissa.bone.head] run data modify entity @s {} merge value {transformation:[-1f,-7.347309266364273e-19f,1.2246247587356716e-16f,-0.24999999999999997f,0f,0.9999820026380692f,0.005999533311547261f,1.3749876268136725f,-1.2246467991473532e-16f,0.005999533311547261f,-0.9999820026380692f,-0.24587532084831132f,0f,0f,0f,1f],start_interpolation:0}
execute if entity @s[tag=aj.melissa.bone.broom] run data modify entity @s {} merge value {transformation:[-0.9862790942115803f,0.031287353839000026f,0.16209457057822124f,-0.7719240940015661f,0.03409493266545907f,0.9993124285140561f,0.014567284711887896f,0.6864165651520552f,-0.16152734718221107f,0.019894011840063897f,-0.9866676970516389f,-0.022860576557487494f,0f,0f,0f,1f],start_interpolation:0}
execute if entity @s[tag=aj.melissa.bone.rightarm] run data modify entity @s {} merge value {transformation:[-0.9238795325112867f,0.3649716762170987f,-0.11507512748638361f,-0.59375f,0.3826765450728525f,0.8829078072386467f,-0.2720890768997345f,1.2812393140663536f,0.002295922000251485f,-0.2954140813778616f,-0.9553665523064133f,-0.2464377770962689f,0f,0f,0f,1f],start_interpolation:0}
execute if entity @s[tag=aj.melissa.bone.leftarm] run data modify entity @s {} merge value {transformation:[-0.9943495298293181f,-0.10615560526045748f,1.2246247587356716e-16f,0.09375000000000003f,-0.10615369473960863f,0.9943316341609441f,0.005999533311547261f,1.2812393140663536f,-0.000636884089967698f,0.005965633127532338f,-0.9999820026380692f,-0.24643777709626882f,0f,0f,0f,1f],start_interpolation:0}
execute if entity @s[tag=aj.melissa.bone.torso] run data modify entity @s {} merge value {transformation:[-1f,-7.347309266364273e-19f,1.2246247587356716e-16f,-0.24999999999999997f,0f,0.9999820026380692f,0.005999533311547261f,0.7187494375824397f,-1.2246467991473532e-16f,0.005999533311547261f,-0.9999820026380692f,-0.2498125145840142f,0f,0f,0f,1f],start_interpolation:0}