execute if entity @s[tag=aj.melissa.bone.head] run data modify entity @s {} merge value {transformation:[-0.9637521963073902f,1.0686923765729392e-18f,0.2667989957115314f,-0.24999999999999997f,-0.0023282309070071926f,0.9999619230641713f,-0.008410217752712286f,1.3749738221066177f,-0.2667888368232925f,-0.008726535498373935f,-0.9637154995768566f,-0.25599949315513215f,0f,0f,0f,1f],start_interpolation:0}
execute if entity @s[tag=aj.melissa.bone.broom] run data modify entity @s {} merge value {transformation:[-0.9862790942115803f,0.031287353839000026f,0.16209457057822124f,-0.7719240940015661f,0.03171263523368499f,0.9994970272318341f,0.00003634915894495938f,0.6897614658447061f,-0.16201190415435524f,0.005176296405667524f,-0.9867752271251041f,-0.02286925068344453f,0f,0f,0f,1f],start_interpolation:0}
execute if entity @s[tag=aj.melissa.bone.rightarm] run data modify entity @s {} merge value {transformation:[-0.9238795325112867f,0.3649716762170987f,-0.11507512748638361f,-0.59375f,0.3826688609525928f,0.8784619004380735f,-0.286127999916075f,1.2812273918193515f,-0.003339500557173649f,-0.3083834707600417f,-0.9512562655236596f,-0.2551813804521596f,0f,0f,0f,1f],start_interpolation:0}
execute if entity @s[tag=aj.melissa.bone.leftarm] run data modify entity @s {} merge value {transformation:[-0.9914448613738104f,-0.13052619222005157f,1.2246001683497691e-16f,0.09375000000000003f,-0.13052122218260645f,0.9914071101914461f,-0.008726535498373935f,1.2812273918193515f,0.0011390414498757384f,-0.008651878777458996f,-0.9999619230641713f,-0.25518138045215955f,0f,0f,0f,1f],start_interpolation:0}
execute if entity @s[tag=aj.melissa.bone.torso] run data modify entity @s {} merge value {transformation:[-1f,1.0686923765729392e-18f,1.2246001683497691e-16f,-0.24999999999999997f,0f,0.9999619230641713f,-0.008726535498373935f,0.7187488100957553f,-1.2246467991473532e-16f,-0.008726535498373935f,-0.9999619230641713f,-0.25027270423432424f,0f,0f,0f,1f],start_interpolation:0}