execute if entity @s[tag=aj.melissa.bone.head] run data modify entity @s {} merge value {transformation:[-1f,-3.7428398686053595e-19f,1.2246410795868216e-16f,-0.24999999999999997f,0f,0.9999953296243981f,0.0030562606877438214f,1.3749967891167736f,-1.2246467991473532e-16f,0.0030562606877438214f,-0.9999953296243981f,-0.24789882077717618f,0f,0f,0f,1f],start_interpolation:0}
execute if entity @s[tag=aj.melissa.bone.broom] run data modify entity @s {} merge value {transformation:[-0.9862790942115803f,0.031287353839000026f,0.16209457057822124f,-0.7719240940015661f,0.0336193616050232f,0.9993666540138672f,0.011663162967153029f,0.6870851092210315f,-0.16162699912593634f,0.016952649789365892f,-0.9867062991684322f,-0.022858371542096523f,0f,0f,0f,1f],start_interpolation:0}
execute if entity @s[tag=aj.melissa.bone.rightarm] run data modify entity @s {} merge value {transformation:[-0.9238795325112867f,0.3649716762170987f,-0.11507512748638361f,-0.59375f,0.3826816450897239f,0.8820344907596184f,-0.27489982834087634f,1.2812472269644863f,0.0011695803301881818f,-0.29801146399040085f,-0.9545615744477405f,-0.2481853452166522f,0f,0f,0f,1f],start_interpolation:0}
execute if entity @s[tag=aj.melissa.bone.leftarm] run data modify entity @s {} merge value {transformation:[-0.9938168209274316f,-0.11103209644824899f,1.2246410795868216e-16f,0.09375000000000003f,-0.11103157788665471f,0.9938121794295984f,0.0030562606877438214f,1.2812472269644863f,-0.0003393430314526855f,0.003037363280619037f,-0.9999953296243981f,-0.24818534521665211f,0f,0f,0f,1f],start_interpolation:0}
execute if entity @s[tag=aj.melissa.bone.torso] run data modify entity @s {} merge value {transformation:[-1f,-3.7428398686053595e-19f,1.2246410795868216e-16f,-0.24999999999999997f,0f,0.9999953296243981f,0.0030562606877438214f,0.7187498540507624f,-1.2246467991473532e-16f,0.0030562606877438214f,-0.9999953296243981f,-0.24990449185350805f,0f,0f,0f,1f],start_interpolation:0}