execute if entity @s[tag=aj.melissa.bone.head] run data modify entity @s {} merge value {transformation:[-0.9999326271374793f,2.7643836863468595e-19f,0.011607807111545035f,-0.24999999999999997f,-0.000026202193673928702f,0.9999974523163682f,-0.002257138502161886f,1.3749982484675032f,-0.011607777538524855f,-0.0022572905822899557f,-0.9999300796254922f,-0.2515518872753244f,0f,0f,0f,1f],start_interpolation:0}
execute if entity @s[tag=aj.melissa.bone.broom] run data modify entity @s {} merge value {transformation:[-0.9862790942115803f,0.031287353839000026f,0.16209457057822124f,-0.7719240940015661f,0.03276007661927445f,0.9994426245020538f,0.006420101895289521f,0.6882920396031507f,-0.16180335503655047f,0.011642242833743155f,-0.9867543425193102f,-0.022859373545519646f,0f,0f,0f,1f],start_interpolation:0}
execute if entity @s[tag=aj.melissa.bone.rightarm] run data modify entity @s {} merge value {transformation:[-0.9238795325112867f,0.3649716762170987f,-0.11507512748638361f,-0.59375f,0.3826824574087729f,0.8804385454221931f,-0.27996804197342845f,1.2812484873128436f,-0.0008638277078762254f,-0.3026939763096285f,-0.9530874096889315f,-0.25134026628323475f,0f,0f,0f,1f],start_interpolation:0}
execute if entity @s[tag=aj.melissa.bone.leftarm] run data modify entity @s {} merge value {transformation:[-0.9927945702895806f,-0.11982879955806472f,1.224643679134748e-16f,0.09375000000000003f,-0.11982849427219346f,0.9927920409631041f,-0.0022572905822899557f,1.2812484873128436f,0.0002704884207294087f,-0.002241025833663289f,-0.9999974523163682f,-0.25134026628323464f,0f,0f,0f,1f],start_interpolation:0}
execute if entity @s[tag=aj.melissa.bone.torso] run data modify entity @s {} merge value {transformation:[-1f,2.7643836863468595e-19f,1.224643679134748e-16f,-0.24999999999999997f,0f,0.9999974523163682f,-0.0022572905822899557f,0.7187499203848865f,-1.2246467991473532e-16f,-0.0022572905822899557f,-0.9999974523163682f,-0.2500705403306966f,0f,0f,0f,1f],start_interpolation:0}