execute if entity @s[tag=aj.melissa.bone.head] run data modify entity @s {} merge value {transformation:[-0.9902865464329612f,-5.984753031143549e-20f,0.13904156196576142f,-0.24999999999999997f,0.00006794852279113328f,0.9999998805899738f,0.0004839452823942124f,1.374999917905607f,-0.13904154536280486f,0.000488692171106834f,-0.9902864281828188f,-0.2496640241323641f,0f,0f,0f,1f],start_interpolation:0}
execute if entity @s[tag=aj.melissa.bone.broom] run data modify entity @s {} merge value {transformation:[-0.9862790942115803f,0.031287353839000026f,0.16209457057822124f,-0.7719240940015661f,0.03320426208409699f,0.99940688700949f,0.009129686602016962f,0.6876683127181743f,-0.1617127864475637f,0.01438664963616132f,-0.986732992765323f,-0.022858054988305537f,0f,0f,0f,1f],start_interpolation:0}
execute if entity @s[tag=aj.melissa.bone.rightarm] run data modify entity @s {} merge value {transformation:[-0.9238795325112867f,0.3649716762170987f,-0.11507512748638361f,-0.59375f,0.382683386668851f,0.881266417960875f,-0.27734982628815014f,1.281249929100297f,0.0001870143974089978f,-0.3002751673610218f,-0.9538526033365561f,-0.2497098390234054f,0f,0f,0f,1f],start_interpolation:0}
execute if entity @s[tag=aj.melissa.bone.leftarm] run data modify entity @s {} merge value {transformation:[-0.9933325844473029f,-0.1152838959926406f,1.224646652912247e-16f,0.09375000000000003f,-0.11528388222658756f,0.9933324658334329f,0.000488692171106834f,1.281249929100297f,-0.000056338337426419625f,0.0004854338573247009f,-0.9999998805899738f,-0.24970983902340532f,0f,0f,0f,1f],start_interpolation:0}
execute if entity @s[tag=aj.melissa.bone.torso] run data modify entity @s {} merge value {transformation:[-1f,-5.984753031143549e-20f,1.224646652912247e-16f,-0.24999999999999997f,0f,0.9999998805899738f,0.000488692171106834f,0.7187499962684367f,-1.2246467991473532e-16f,0.000488692171106834f,-0.9999998805899738f,-0.24998472836965296f,0f,0f,0f,1f],start_interpolation:0}