execute if entity @s[tag=aj.melissa.bone.head] run data modify entity @s {} merge value {transformation:[-0.9971974208301747f,-8.5305793231544e-19f,0.07481513142170833f,-0.24999999999999997f,0.0005211432501268562f,0.9999757388925912f,0.006946224580964455f,1.3749833204886563f,-0.0748133163237691f,0.0069657466373926925f,-0.9971732277164401f,-0.24521104918679257f,0f,0f,0f,1f],start_interpolation:0}
execute if entity @s[tag=aj.melissa.bone.broom] run data modify entity @s {} merge value {transformation:[-0.9862790942115803f,0.031287353839000026f,0.16209457057822124f,-0.7719240940015661f,0.034250989886432825f,0.9992927397702946f,0.01552062930997386f,0.6861970959340477f,-0.16149432811397502f,0.02085957171495506f,-0.9866531610727676f,-0.022861729438076295f,0f,0f,0f,1f],start_interpolation:0}
execute if entity @s[tag=aj.melissa.bone.rightarm] run data modify entity @s {} merge value {transformation:[-0.9238795325112867f,0.3649716762170987f,-0.11507512748638361f,-0.59375f,0.3826741480412335f,0.8831928340805607f,-0.27116584270453986f,1.2812355949674759f,0.002665675832182904f,-0.29456084836248764f,-0.9556290079232261f,-0.24586408793404818f,0f,0f,0f,1f],start_interpolation:0}
execute if entity @s[tag=aj.melissa.bone.leftarm] run data modify entity @s {} merge value {transformation:[-0.9945191922716032f,-0.10455417831649692f,1.2246170878598213e-16f,0.09375000000000003f,-0.10455164171634675f,0.9944950641346594f,0.0069657466373926925f,1.2812355949674759f,-0.0007282979160336162f,0.006927568719388404f,-0.9999757388925912f,-0.2458640879340481f,0f,0f,0f,1f],start_interpolation:0}
execute if entity @s[tag=aj.melissa.bone.torso] run data modify entity @s {} merge value {transformation:[-1f,-8.5305793231544e-19f,1.2246170878598213e-16f,-0.24999999999999997f,0f,0.9999757388925912f,0.0069657466373926925f,0.7187492418403935f,-1.2246467991473532e-16f,0.0069657466373926925f,-0.9999757388925912f,-0.24978232041758153f,0f,0f,0f,1f],start_interpolation:0}