execute if entity @s[tag=aj.melissa.bone.head] run data modify entity @s {} merge value {transformation:[-0.9999946050220473f,7.523642496255361e-19f,0.0032848023988783976f,-0.24999999999999997f,-0.000020180250287028692f,0.9999811284009659f,-0.006143487176554247f,1.374987025775664f,-0.0032847404094046195f,-0.00614352032071093f,-0.999975733524825f,-0.2542236702204888f,0f,0f,0f,1f],start_interpolation:0}
execute if entity @s[tag=aj.melissa.bone.broom] run data modify entity @s {} merge value {transformation:[-0.9862790942115803f,0.031287353839000026f,0.16209457057822124f,-0.7719240940015661f,0.032131019860544716f,0.9994803219311086f,0.002585272753314549f,0.6891747604001196f,-0.16192944724140207f,0.00775806433596421f,-0.9867718411840972f,-0.02286416687262019f,0f,0f,0f,1f],start_interpolation:0}
execute if entity @s[tag=aj.melissa.bone.rightarm] run data modify entity @s {} merge value {transformation:[-0.9238795325112867f,0.3649716762170987f,-0.11507512748638361f,-0.59375f,0.38267621051679707f,0.8792555502803141f,-0.283669870105667f,1.2812387949880735f,-0.0023510234431344482f,-0.3061133006919877f,-0.9519921847516536f,-0.25364771519042223f,0f,0f,0f,1f],start_interpolation:0}
execute if entity @s[tag=aj.melissa.bone.leftarm] run data modify entity @s {} merge value {transformation:[-0.9919976060425169f,-0.12625668143078825f,1.2246236881040014e-16f,0.09375000000000003f,-0.1262542987653209f,0.9919788854614529f,-0.00614352032071093f,1.2812387949880735f,0.0007756604879954525f,-0.006094357450818813f,-0.9999811284009659f,-0.2536477151904221f,0f,0f,0f,1f],start_interpolation:0}
execute if entity @s[tag=aj.melissa.bone.torso] run data modify entity @s {} merge value {transformation:[-1f,7.523642496255361e-19f,1.2246236881040014e-16f,-0.24999999999999997f,0f,0.9999811284009659f,-0.00614352032071093f,0.7187494102625301f,-1.2246467991473532e-16f,-0.00614352032071093f,-0.9999811284009659f,-0.25019198501002227f,0f,0f,0f,1f],start_interpolation:0}