execute if entity @s[tag=aj.melissa.bone.head] run data modify entity @s {} merge value {transformation:[-0.9959564229743358f,-1.1627345940205573e-18f,0.08983765099425689f,-0.24999999999999997f,0.0008529589488928148f,0.9999549267082334f,0.009456056945851641f,1.3749690121119105f,-0.089833601715602f,0.009494448479595083f,-0.9959115319398962f,-0.24347256667027845f,0f,0f,0f,1f],start_interpolation:0}
execute if entity @s[tag=aj.melissa.bone.broom] run data modify entity @s {} merge value {transformation:[-0.9862790942115803f,0.031287353839000026f,0.16209457057822124f,-0.7719240940015661f,0.034659264882592467f,0.9992367952668304f,0.018015613857785384f,0.6856227161426758f,-0.16140719834933956f,0.0233865019750229f,-0.9866107580228332f,-0.02286575045100364f,0f,0f,0f,1f],start_interpolation:0}
execute if entity @s[tag=aj.melissa.bone.rightarm] run data modify entity @s {} merge value {transformation:[-0.9238795325112867f,0.3649716762170987f,-0.11507512748638361f,-0.59375f,0.3826661835630884f,0.8839348913667834f,-0.2687483949378183f,1.2812232377330135f,0.0036333681325848403f,-0.2923265013365605f,-0.9563116726529793f,-0.24436267121524052f,0f,0f,0f,1f],start_interpolation:0}
execute if entity @s[tag=aj.melissa.bone.leftarm] run data modify entity @s {} merge value {transformation:[-0.9949510169813002f,-0.10036171485121488f,1.224591600284864e-16f,0.09375000000000003f,-0.10035719121835919f,0.9949061712638183f,0.009494448479595083f,1.2812232377330135f,-0.0009528791309787942f,0.009446511170449675f,-0.9999549267082334f,-0.24436267121524044f,0f,0f,0f,1f],start_interpolation:0}
execute if entity @s[tag=aj.melissa.bone.torso] run data modify entity @s {} merge value {transformation:[-1f,-1.1627345940205573e-18f,1.224591600284864e-16f,-0.24999999999999997f,0f,0.9999549267082334f,0.009494448479595083f,0.7187485914596323f,-1.2246467991473532e-16f,0.009494448479595083f,-0.9999549267082334f,-0.24970329848501271f,0f,0f,0f,1f],start_interpolation:0}