execute if entity @s[tag=aj.melissa.bone.head] run data modify entity @s {} merge value {transformation:[-0.9999978655171953f,8.490800673733914e-19f,0.0020661464259170543f,-0.24999999999999997f,-0.000014325140503713144f,0.999975964630028f,-0.006933250106216332f,1.3749834756831443f,-0.002066096765323291f,-0.006933264905151053f,-0.9999738301985264f,-0.2547666196222914f,0f,0f,0f,1f],start_interpolation:0}
execute if entity @s[tag=aj.melissa.bone.broom] run data modify entity @s {} merge value {transformation:[-0.9862790942115803f,0.031287353839000026f,0.16209457057822124f,-0.7719240940015661f,0.0320031242124422f,0.9994861372513753f,0.0018059576319230386f,0.6893541429923928f,-0.1619547725811985f,0.006968710933774824f,-0.9867735751965057f,-0.022865560368687143f,0f,0f,0f,1f],start_interpolation:0}
execute if entity @s[tag=aj.melissa.bone.rightarm] run data modify entity @s {} merge value {transformation:[-0.9238795325112867f,0.3649716762170987f,-0.11507512748638361f,-0.59375f,0.38267423442721066f,0.8790135196040144f,-0.28442162832476586f,1.281235728999079f,-0.0026532456113997358f,-0.3068076073252492f,-0.9517678563468517f,-0.2541166260374335f,0f,0f,0f,1f],start_interpolation:0}
execute if entity @s[tag=aj.melissa.bone.leftarm] run data modify entity @s {} merge value {transformation:[-0.9918305589667131f,-0.12756230751980563f,1.2246173643084506e-16f,0.09375000000000003f,-0.1275592415125499f,0.9918067199522789f,-0.006933264905151053f,1.281235728999079f,0.0008844232699470332f,-0.0068766240063402794f,-0.999975964630028f,-0.2541166260374334f,0f,0f,0f,1f],start_interpolation:0}
execute if entity @s[tag=aj.melissa.bone.torso] run data modify entity @s {} merge value {transformation:[-1f,8.490800673733914e-19f,1.2246173643084506e-16f,-0.24999999999999997f,0f,0.999975964630028f,-0.006933264905151053f,0.7187492488946884f,-1.2246467991473532e-16f,-0.006933264905151053f,-0.999975964630028f,-0.250216664528286f,0f,0f,0f,1f],start_interpolation:0}