execute if entity @s[tag=aj.melissa.bone.head] run data modify entity @s {} merge value {transformation:[-0.9315244797233386f,-5.343512749254816e-19f,0.36367862691690217f,-0.24999999999999997f,0.001586842329490403f,0.9999904807207345f,0.0040645294113455625f,1.374993455495505f,-0.36367516495848967f,0.004363309284746571f,-0.9315156122816735f,-0.24700022486673678f,0f,0f,0f,1f],start_interpolation:0}
execute if entity @s[tag=aj.melissa.bone.broom] run data modify entity @s {} merge value {transformation:[-0.9862790942115803f,0.031287353839000026f,0.16209457057822124f,-0.7719240940015661f,0.033830588638413844f,0.999343642270231f,0.012952834687713466f,0.6867882224490708f,-0.16158291863177604f,0.018258864801022512f,-0.9866902119016967f,-0.022859107852450433f,0f,0f,0f,1f],start_interpolation:0}
execute if entity @s[tag=aj.melissa.bone.rightarm] run data modify entity @s {} merge value {transformation:[-0.9238795325112867f,0.3649716762170987f,-0.11507512748638361f,-0.59375f,0.3826797894946267f,0.8824232553890571f,-0.27365192683576556f,1.281244347927936f,0.0016697661735571691f,-0.2968583397983966f,-0.9549200688921903f,-0.24740928511218183f,0f,0f,0f,1f],start_interpolation:0}
execute if entity @s[tag=aj.melissa.bone.leftarm] run data modify entity @s {} merge value {transformation:[-0.9940563382223196f,-0.10886687485196457f,1.2246351413924705e-16f,0.09375000000000003f,-0.10886583851778009f,0.9940468755224304f,0.004363309284746571f,1.281244347927936f,-0.00047501984584304174f,0.004337375250126612f,-0.9999904807207345f,-0.24740928511218174f,0f,0f,0f,1f],start_interpolation:0}
execute if entity @s[tag=aj.melissa.bone.torso] run data modify entity @s {} merge value {transformation:[-1f,-5.343512749254816e-19f,1.2246351413924705e-16f,-0.24999999999999997f,0f,0.9999904807207345f,0.004363309284746571f,0.7187497025225229f,-1.2246467991473532e-16f,0.004363309284746571f,-0.9999904807207345f,-0.24986364658485172f,0f,0f,0f,1f],start_interpolation:0}