execute if entity @s[tag=aj.uncle_alphon.bone.head] run data modify entity @s {} merge value {transformation:[-0.9993669954030912f,-0.035575391761694615f,1.2246467991473532e-16f,-0.21195808183616502f,-0.035575391761694615f,0.9993669954030912f,0f,1.3745648093396252f,-1.2238715920939033e-16f,-4.3567289649372426e-18f,-1f,-0.12500000000000003f,0f,0f,0f,1f],start_interpolation:0}
execute if entity @s[tag=aj.uncle_alphon.bone.basket] run data modify entity @s {} merge value {transformation:[-0.9992736404559787f,-0.03809914843257452f,0.0008039767212038829f,-0.06741742208766327f,-0.03810763033639829f,0.9990512245556156f,-0.02108220159446092f,-2.4239504639098013f,-1.2237233839388472e-16f,-0.021097525983814504f,-0.9997774224282934f,0.3275773567743333f,0f,0f,0f,1f],start_interpolation:0}
execute if entity @s[tag=aj.uncle_alphon.bone.leftarm] run data modify entity @s {} merge value {transformation:[-0.9992736404559787f,-0.03809914843257452f,0.0008039767212038829f,-0.20751115786595323f,-0.03810763033639829f,0.9990512245556156f,-0.02108220159446092f,1.2496439349142388f,-1.2237233839388472e-16f,-0.021097525983814504f,-0.9997774224282934f,0.24999999999999997f,0f,0f,0f,1f],start_interpolation:0}
execute if entity @s[tag=aj.uncle_alphon.bone.righarm] run data modify entity @s {} merge value {transformation:[-0.9983116801141568f,-0.05807140135306435f,-0.0012254356534547016f,-0.20751115786595314f,-0.058084329622105836f,0.9980894783245907f,0.021061906611153935f,1.2496439349142388f,-1.2228502541463401e-16f,0.021097525983814494f,-0.9997774224282934f,-0.5f,0f,0f,0f,1f],start_interpolation:0}
execute if entity @s[tag=aj.uncle_alphon.bone.torso] run data modify entity @s {} merge value {transformation:[-0.9993669954030912f,-0.035575391761694615f,1.2246467991473532e-16f,-0.186388269007447f,-0.035575391761694615f,0.9993669954030912f,0f,0.6562697813936534f,-1.2238715920939033e-16f,-4.3567289649372426e-18f,-1f,-0.12500000000000003f,0f,0f,0f,1f],start_interpolation:0}