execute if entity @s[tag=aj.uncle_alphon.bone.head] run data modify entity @s {} merge value {transformation:[-0.9991603343673734f,-0.04097104132040794f,1.2246467991473532e-16f,-0.21566759090778043f,-0.04097104132040794f,0.9991603343673734f,0f,1.374422729877569f,-1.223618505318003e-16f,-5.017505461077153e-18f,-1f,-0.12500000000000003f,0f,0f,0f,1f],start_interpolation:0}
execute if entity @s[tag=aj.uncle_alphon.bone.basket] run data modify entity @s {} merge value {transformation:[-0.9999986791387016f,0.0016238755936672424f,-0.00006891232437929656f,-0.21651733628530265f,0.0016253371503043568f,0.9990994474277086f,-0.042398731452666656f,-2.4242440302516046f,-1.224645181558792e-16f,-0.042398787455584105f,-0.999100767101245f,0.40590386587339f,0f,0f,0f,1f],start_interpolation:0}
execute if entity @s[tag=aj.uncle_alphon.bone.leftarm] run data modify entity @s {} merge value {transformation:[-0.9999986791387016f,0.0016238755936672424f,-0.00006891232437929656f,-0.21054621074272947f,0.0016253371503043568f,0.9990994474277086f,-0.042398731452666656f,1.2495276880816475f,-1.224645181558792e-16f,-0.042398787455584105f,-0.999100767101245f,0.24999999999999997f,0f,0f,0f,1f],start_interpolation:0}
execute if entity @s[tag=aj.uncle_alphon.bone.righarm] run data modify entity @s {} merge value {transformation:[-0.9993438924594932f,-0.03618599818852763f,-0.0015356233290810166f,-0.2105462107427294f,-0.036218567115623754f,0.9984452495542236f,0.042370969291426135f,1.2495276880816475f,-1.2239788244195356e-16f,0.04239878745558409f,-0.999100767101245f,-0.5f,0f,0f,0f,1f],start_interpolation:0}
execute if entity @s[tag=aj.uncle_alphon.bone.torso] run data modify entity @s {} merge value {transformation:[-0.9991603343673734f,-0.04097104132040794f,1.2246467991473532e-16f,-0.1862196549587372f,-0.04097104132040794f,0.9991603343673734f,0f,0.6562762395510195f,-1.223618505318003e-16f,-5.017505461077153e-18f,-1f,-0.12500000000000003f,0f,0f,0f,1f],start_interpolation:0}