execute if entity @s[tag=aj.uncle_alphon.bone.head] run data modify entity @s {} merge value {transformation:[-0.9994149479166323f,-0.03420178183655272f,1.2246467991473532e-16f,-0.21101372501262997f,-0.03420178183655272f,0.9994149479166323f,0f,1.3745977766926847f,-1.2239303169861225e-16f,-4.188510265127037e-18f,-1f,-0.12500000000000003f,0f,0f,0f,1f],start_interpolation:0}
execute if entity @s[tag=aj.uncle_alphon.bone.basket] run data modify entity @s {} merge value {transformation:[-0.9993378352371756f,-0.036385255934927745f,0.00006491552599085871f,-0.07294689168593202f,-0.036385313843303714f,0.9993362447594532f,-0.001782932022965194f,-2.4249715336027493f,-1.223835881190052e-16f,-0.0017841133999915559f,-0.9999984084684215f,0.2565603332761953f,0f,0f,0f,1f],start_interpolation:0}
execute if entity @s[tag=aj.uncle_alphon.bone.leftarm] run data modify entity @s {} merge value {transformation:[-0.9993378352371756f,-0.036385255934927745f,0.00006491552599085871f,-0.20673850228306093f,-0.036385313843303714f,0.9993362447594532f,-0.001782932022965194f,1.2496709082031057f,-1.223835881190052e-16f,-0.0017841133999915559f,-0.9999984084684215f,0.24999999999999997f,0f,0f,0f,1f],start_interpolation:0}
execute if entity @s[tag=aj.uncle_alphon.bone.righarm] run data modify entity @s {} merge value {transformation:[-0.9999708102717745f,0.007640577110937727f,0.000013631677702660736f,-0.20673850228306084f,0.007640589271176827f,0.9999692187866523f,0.0017840613222062818f,1.2496709082031057f,-1.2246110520401138e-16f,0.001784113399991552f,-0.9999984084684215f,-0.5f,0f,0f,0f,1f],start_interpolation:0}
execute if entity @s[tag=aj.uncle_alphon.bone.torso] run data modify entity @s {} merge value {transformation:[-0.9994149479166323f,-0.03420178183655272f,1.2246467991473532e-16f,-0.1864311943176077f,-0.03420178183655272f,0.9994149479166323f,0f,0.6562682828776052f,-1.2239303169861225e-16f,-4.188510265127037e-18f,-1f,-0.12500000000000003f,0f,0f,0f,1f],start_interpolation:0}