execute if entity @s[tag=aj.uncle_alphon.bone.head] run data modify entity @s {} merge value {transformation:[-0.9990597251102327f,-0.04335511114812591f,1.2246467991473532e-16f,-0.21730663891433655f,-0.04335511114812591f,0.9990597251102327f,0f,1.3743535610132849f,-1.223495294513281e-16f,-5.309469809423012e-18f,-1f,-0.12500000000000003f,0f,0f,0f,1f],start_interpolation:0}
execute if entity @s[tag=aj.uncle_alphon.bone.basket] run data modify entity @s {} merge value {transformation:[-0.9989154707009067f,-0.04655747769066298f,0.0005326025434542235f,-0.040691534461920004f,-0.04656052399174513f,0.9988501149656508f,-0.011426523474806211f,-2.4233838067699986f,-1.2233525151305272e-16f,-0.01143892932881357f,-0.9999345733075792f,0.29206189400304794f,0f,0f,0f,1f],start_interpolation:0}
execute if entity @s[tag=aj.uncle_alphon.bone.leftarm] run data modify entity @s {} merge value {transformation:[-0.9989154707009067f,-0.04655747769066298f,0.0005326025434542235f,-0.21188725002082082f,-0.04656052399174513f,0.9988501149656508f,-0.011426523474806211f,1.2494710953745058f,-1.2233525151305272e-16f,-0.01143892932881357f,-0.9999345733075792f,0.24999999999999997f,0f,0f,0f,1f],start_interpolation:0}
execute if entity @s[tag=aj.uncle_alphon.bone.righarm] run data modify entity @s {} merge value {transformation:[-0.9999375642222439f,-0.011173688668693853f,-0.0001278233980853821f,-0.21188725002082073f,-0.011174419774019374f,0.9998721416147894f,0.011438215130364223f,1.2494710953745058f,-1.224570337371972e-16f,0.011438929328813564f,-0.9999345733075792f,-0.5f,0f,0f,0f,1f],start_interpolation:0}
execute if entity @s[tag=aj.uncle_alphon.bone.torso] run data modify entity @s {} merge value {transformation:[-0.9990597251102327f,-0.04335511114812591f,1.2246467991473532e-16f,-0.18614515277662103f,-0.04335511114812591f,0.9990597251102327f,0f,0.6562793835903052f,-1.223495294513281e-16f,-5.309469809423012e-18f,-1f,-0.12500000000000003f,0f,0f,0f,1f],start_interpolation:0}