execute if entity @s[tag=aj.lysander.bone.rightarm] run data modify entity @s {} merge value {transformation:[-0.9864624534367458f,0.05514200586770694f,-0.15443829560197117f,-0.3045422969900775f,0.03561325310422254f,0.9913301289013028f,0.12647636829013176f,0.8125f,0.16007349612878027f,0.1192641384549951f,-0.9798737373333859f,0.02027567356898114f,0f,0f,0f,1f],start_interpolation:0}
execute if entity @s[tag=aj.lysander.bone.leftarm] run data modify entity @s {} merge value {transformation:[-0.9846361500833191f,-0.051602594027670014f,-0.16681973575903722f,0.30812106611352946f,-0.05233595624294383f,0.9986295347545738f,0f,0.8125f,0.1665911151089283f,0.008730670391144424f,-0.9859874115632943f,-0.08338116742469913f,0f,0f,0f,1f],start_interpolation:0}
execute if entity @s[tag=aj.lysander.bone.torso] run data modify entity @s {} merge value {transformation:[-0.9859874115632943f,0f,-0.16681973575903722f,3.827021247335479e-18f,0f,1f,0f,0.5f,0.16681973575903722f,0f,-0.9859874115632943f,-0.03125f,0f,0f,0f,1f],start_interpolation:0}
execute if entity @s[tag=aj.lysander.bone.head] run data modify entity @s {} merge value {transformation:[-0.9859874115632943f,-0.0019021738268368157f,-0.16680889057075912f,3.827021247335479e-18f,0f,0.9999349885777679f,-0.011402570674158187f,0.875f,0.16681973575903722f,-0.011242791144180758f,-0.9859233111193656f,-0.03125f,0f,0f,0f,1f],start_interpolation:0}