execute if entity @s[tag=aj.lysander.bone.rightarm] run data modify entity @s {} merge value {transformation:[-0.996915904326197f,0.05224614867768075f,-0.05855783166947277f,-0.3066511283712894f,0.05233595624294383f,0.9986295347545738f,0f,0.8125f,0.05847758019632224f,-0.003064680115935197f,-0.9982840178777629f,-0.013262308286178921f,0f,0f,0f,1f],start_interpolation:0}
execute if entity @s[tag=aj.lysander.bone.leftarm] run data modify entity @s {} merge value {transformation:[-0.996915904326197f,-0.05224614867768075f,-0.05855783166947277f,0.3119637555868009f,-0.05233595624294383f,0.9986295347545738f,0f,0.8125f,0.05847758019632224f,0.003064680115935197f,-0.9982840178777629f,-0.04954932239671024f,0f,0f,0f,1f],start_interpolation:0}
execute if entity @s[tag=aj.lysander.bone.torso] run data modify entity @s {} merge value {transformation:[-0.9982840178777629f,0f,-0.05855783166947277f,3.827021247335479e-18f,0f,1f,0f,0.5f,0.05855783166947277f,0f,-0.9982840178777629f,-0.03125f,0f,0f,0f,1f],start_interpolation:0}
execute if entity @s[tag=aj.lysander.bone.head] run data modify entity @s {} merge value {transformation:[-0.9982840178777629f,-0.000978971055795047f,-0.05854964786830254f,3.827021247335479e-18f,0f,0.9998602441221454f,-0.016718020935624946f,0.875f,0.05855783166947277f,-0.016689333110580226f,-0.9981445018184961f,-0.03125f,0f,0f,0f,1f],start_interpolation:0}