execute if entity @s[tag=aj.lysander.bone.rightarm] run data modify entity @s {} merge value {transformation:[-0.9659122934015194f,-0.03428978601926802f,-0.2565884877202599f,-0.33886230720441773f,0.1460260344874851f,0.7462642805091642f,-0.6494351552603227f,0.8125f,0.21375181568276083f,-0.6647659995900004f,-0.7158186411944234f,0.03222263373030401f,0f,0f,0f,1f],start_interpolation:0}
execute if entity @s[tag=aj.lysander.bone.leftarm] run data modify entity @s {} merge value {transformation:[-0.9825927045866572f,-0.05149550158710403f,-0.1784931096971835f,0.3074816130476197f,-0.05233595624294383f,0.9986295347545738f,0f,0.8125f,0.17824849109379545f,0.009341607578778768f,-0.983941161752383f,-0.08702909678036984f,0f,0f,0f,1f],start_interpolation:0}
execute if entity @s[tag=aj.lysander.bone.torso] run data modify entity @s {} merge value {transformation:[-0.983941161752383f,0f,-0.1784931096971835f,3.827021247335479e-18f,0f,1f,0f,0.5f,0.1784931096971835f,0f,-0.983941161752383f,-0.03125f,0f,0f,0f,1f],start_interpolation:0}
execute if entity @s[tag=aj.lysander.bone.head] run data modify entity @s {} merge value {transformation:[-0.983941161752383f,0.01281455574600909f,-0.17803251773314674f,3.827021247335479e-18f,0f,0.9974195532543628f,0.07179299956031465f,0.875f,0.1784931096971835f,0.07064008739306432f,-0.9814021539836406f,-0.03125f,0f,0f,0f,1f],start_interpolation:0}