execute if entity @s[tag=aj.lysander.bone.rightarm] run data modify entity @s {} merge value {transformation:[-0.8581672924242076f,-0.5080834576166153f,0.07348536119288977f,-0.4412867053024213f,0.4014209673425978f,-0.7533489621317704f,-0.5208901498710817f,0.8125f,0.3200157889714778f,-0.417512324789736f,0.850454792130442f,-0.0071970641431458315f,0f,0f,0f,1f],start_interpolation:0}
execute if entity @s[tag=aj.lysander.bone.leftarm] run data modify entity @s {} merge value {transformation:[-0.9794411482632123f,-0.05133033551890686f,-0.19509032201612816f,0.3064954001260095f,-0.05233595624294383f,0.9986295347545738f,0f,0.8125f,0.19482295751008608f,0.010210238556457904f,-0.9807852804032304f,-0.09221572563004005f,0f,0f,0f,1f],start_interpolation:0}
execute if entity @s[tag=aj.lysander.bone.torso] run data modify entity @s {} merge value {transformation:[-0.9807852804032304f,0f,-0.19509032201612816f,3.827021247335479e-18f,0f,1f,0f,0.5f,0.19509032201612816f,0f,-0.9807852804032304f,-0.03125f,0f,0f,0f,1f],start_interpolation:0}
execute if entity @s[tag=aj.lysander.bone.head] run data modify entity @s {} merge value {transformation:[-0.9807852804032304f,0.08234164490936646f,-0.17686177443974824f,3.827021247335479e-18f,0f,0.9065635476532098f,0.42206934746132235f,0.875f,0.19509032201612816f,0.4139594032994615f,-0.8891441832884007f,-0.03125f,0f,0f,0f,1f],start_interpolation:0}