execute if entity @s[tag=aj.lysander.bone.rightarm] run data modify entity @s {} merge value {transformation:[-0.860040190362676f,-0.49465449213100277f,0.1250911842439416f,-0.433754224803007f,0.4014209673425978f,-0.8073218287732926f,-0.4325421040359884f,0.8125f,0.3149477384244329f,-0.3217893693097497f,0.892893904033715f,0.02996701124313772f,0f,0f,0f,1f],start_interpolation:0}
execute if entity @s[tag=aj.lysander.bone.leftarm] run data modify entity @s {} merge value {transformation:[-0.9805734011203052f,-0.05138967437673398f,-0.18930109979292287f,0.30684971471968764f,-0.05233595624294383f,0.9986295347545738f,0f,0.8125f,0.18904166921473572f,0.009907254075503554f,-0.9819190871030005f,-0.09040659368528839f,0f,0f,0f,1f],start_interpolation:0}
execute if entity @s[tag=aj.lysander.bone.torso] run data modify entity @s {} merge value {transformation:[-0.9819190871030005f,0f,-0.18930109979292287f,3.827021247335479e-18f,0f,1f,0f,0.5f,0.18930109979292287f,0f,-0.9819190871030005f,-0.03125f,0f,0f,0f,1f],start_interpolation:0}
execute if entity @s[tag=aj.lysander.bone.head] run data modify entity @s {} merge value {transformation:[-0.9819190871030005f,0.07989819166330962f,-0.17161347660292645f,3.827021247335479e-18f,0f,0.9065635476532098f,0.42206934746132235f,0.875f,0.18930109979292287f,0.41443794835338077f,-0.8901720511124972f,-0.03125f,0f,0f,0f,1f],start_interpolation:0}