execute if entity @s[tag=aj.lysander.bone.rightarm] run data modify entity @s {} merge value {transformation:[-0.991644039733946f,0.05045091128165148f,-0.11872996256628396f,-0.30073611514362025f,0.02825166021899847f,0.9829454912154278f,0.18171407483772853f,0.8125f,0.12587272204497096f,0.17684136068836462f,-0.9761573597504026f,0.009890271043671836f,0f,0f,0f,1f],start_interpolation:0}
execute if entity @s[tag=aj.lysander.bone.leftarm] run data modify entity @s {} merge value {transformation:[-0.9894145692445645f,-0.05185302036439442f,-0.13553624771876513f,0.3096163713652975f,-0.05233595624294383f,0.9986295347545738f,0f,0.8125f,0.1353505000017711f,0.007093419129942087f,-0.990772388368952f,-0.07360507741211411f,0f,0f,0f,1f],start_interpolation:0}
execute if entity @s[tag=aj.lysander.bone.torso] run data modify entity @s {} merge value {transformation:[-0.990772388368952f,0f,-0.13553624771876513f,3.827021247335479e-18f,0f,1f,0f,0.5f,0.13553624771876513f,0f,-0.990772388368952f,-0.03125f,0f,0f,0f,1f],start_interpolation:0}
execute if entity @s[tag=aj.lysander.bone.head] run data modify entity @s {} merge value {transformation:[-0.990772388368952f,-0.0038159224597918515f,-0.13548251983729606f,3.827021247335479e-18f,0f,0.9996035903134891f,-0.028154257802014783f,0.875f,0.13553624771876513f,-0.027894461245257386f,-0.990379636597075f,-0.03125f,0f,0f,0f,1f],start_interpolation:0}