execute if entity @s[tag=aj.lysander.bone.rightarm] run data modify entity @s {} merge value {transformation:[-0.9985785972133631f,0.052333286719526834f,0.010100113292620075f,-0.31248406017339325f,0.05233595624294383f,0.9986295347545738f,0f,0.8125f,-0.010086271438377672f,0.0005285990873313396f,-0.9999489925548584f,-0.034406285403943776f,0f,0f,0f,1f],start_interpolation:0}
execute if entity @s[tag=aj.lysander.bone.leftarm] run data modify entity @s {} merge value {transformation:[-0.9985785972133631f,-0.052333286719526834f,0.010100113292620075f,0.31248406017339325f,-0.05233595624294383f,0.9986295347545738f,0f,0.8125f,-0.010086271438377672f,-0.0005285990873313396f,-0.9999489925548584f,-0.028093714596056227f,0f,0f,0f,1f],start_interpolation:0}
execute if entity @s[tag=aj.lysander.bone.torso] run data modify entity @s {} merge value {transformation:[-0.9999489925548584f,0f,0.010100113292620075f,3.827021247335479e-18f,0f,1f,0f,0.5f,-0.010100113292620075f,0f,-0.9999489925548584f,-0.03125f,0f,0f,0f,1f],start_interpolation:0}
execute if entity @s[tag=aj.lysander.bone.head] run data modify entity @s {} merge value {transformation:[-0.9999489925548584f,0.00022951179519702073f,0.010097505279009572f,3.827021247335479e-18f,0f,0.9997417837270787f,-0.02272368522486969f,0.875f,-0.010100113292620075f,-0.022722526147742166f,-0.9996907894528894f,-0.03125f,0f,0f,0f,1f],start_interpolation:0}