execute if entity @s[tag=aj.lysander.bone.rightarm] run data modify entity @s {} merge value {transformation:[-0.862131659136631f,-0.5015600692520976f,0.07187836424231518f,-0.4403671049335869f,0.4014209673425978f,-0.7626792399158282f,-0.5071307365750453f,0.8125f,0.309176663563169f,-0.4083599808174718f,0.858866646677295f,-0.006369025493135137f,0f,0f,0f,1f],start_interpolation:0}
execute if entity @s[tag=aj.lysander.bone.leftarm] run data modify entity @s {} merge value {transformation:[-0.9818183386111763f,-0.05145491878597674f,-0.18271601270692736f,0.30723929158714214f,-0.05233595624294383f,0.9986295347545738f,0f,0.8125f,0.18246560676172968f,0.00956261724591492f,-0.9831657330788548f,-0.0883487539709148f,0f,0f,0f,1f],start_interpolation:0}
execute if entity @s[tag=aj.lysander.bone.torso] run data modify entity @s {} merge value {transformation:[-0.9831657330788548f,0f,-0.18271601270692736f,3.827021247335479e-18f,0f,1f,0f,0.5f,0.18271601270692736f,0f,-0.9831657330788548f,-0.03125f,0f,0f,0f,1f],start_interpolation:0}
execute if entity @s[tag=aj.lysander.bone.head] run data modify entity @s {} merge value {transformation:[-0.9831657330788548f,0.07440028218779239f,-0.16688241162535644f,3.827021247335479e-18f,0f,0.9133431118214709f,0.40719081532897106f,0.875f,0.18271601270692736f,0.40033605645588444f,-0.8979676500864788f,-0.03125f,0f,0f,0f,1f],start_interpolation:0}