execute if entity @s[tag=aj.lysander.bone.rightarm] run data modify entity @s {} merge value {transformation:[-0.9362380961243345f,-0.2709456636930385f,-0.22371114118751498f,-0.3911973772912956f,0.2860601736661132f,-0.21805950511664318f,-0.9330700023419451f,0.8125f,0.2040289303201743f,-0.937570530442496f,0.2816623795223316f,0.018226169795506203f,0f,0f,0f,1f],start_interpolation:0}
execute if entity @s[tag=aj.lysander.bone.leftarm] run data modify entity @s {} merge value {transformation:[-0.9921251410001019f,-0.05199507541068947f,-0.11394830726502544f,0.3104645874896219f,-0.05233595624294383f,0.9986295347545738f,0f,0.8125f,0.11379214507014358f,0.00596359362297989f,-0.9934866799667902f,-0.06685884602032045f,0f,0f,0f,1f],start_interpolation:0}
execute if entity @s[tag=aj.lysander.bone.torso] run data modify entity @s {} merge value {transformation:[-0.9934866799667902f,0f,-0.11394830726502544f,3.827021247335479e-18f,0f,1f,0f,0.5f,0.11394830726502544f,0f,-0.9934866799667902f,-0.03125f,0f,0f,0f,1f],start_interpolation:0}
execute if entity @s[tag=aj.lysander.bone.head] run data modify entity @s {} merge value {transformation:[-0.9934866799667902f,0.02895699086678977f,-0.11020757418846176f,3.827021247335479e-18f,0f,0.9671716661146765f,0.2541239230473206f,0.875f,0.11394830726502544f,0.2524687326084186f,-0.9608721675262188f,-0.03125f,0f,0f,0f,1f],start_interpolation:0}