execute if entity @s[tag=aj.lysander.bone.rightarm] run data modify entity @s {} merge value {transformation:[-0.9910019048733081f,0.051341828865862464f,-0.123609227593183f,-0.3008633961411158f,0.026318063341947594f,0.9802219720791766f,0.1961434296507f,0.8125f,0.1312348432368632f,0.19112535693078078f,-0.9727530590333179f,0.011803366676668953f,0f,0f,0f,1f],start_interpolation:0}
execute if entity @s[tag=aj.lysander.bone.leftarm] run data modify entity @s {} merge value {transformation:[-0.9885592486595434f,-0.05180819491195839f,-0.14165635470971147f,0.30934871687129656f,-0.05233595624294383f,0.9986295347545738f,0f,0.8125f,0.14146221959878805f,0.00741372078162239f,-0.989915893988149f,-0.07551761084678484f,0f,0f,0f,1f],start_interpolation:0}
execute if entity @s[tag=aj.lysander.bone.torso] run data modify entity @s {} merge value {transformation:[-0.989915893988149f,0f,-0.14165635470971147f,3.827021247335479e-18f,0f,1f,0f,0.5f,0.14165635470971147f,0f,-0.989915893988149f,-0.03125f,0f,0f,0f,1f],start_interpolation:0}
execute if entity @s[tag=aj.lysander.bone.head] run data modify entity @s {} merge value {transformation:[-0.989915893988149f,-0.0038141995351460363f,-0.14160499536227417f,3.827021247335479e-18f,0f,0.9996374370387933f,-0.026925721355475118f,0.875f,0.14165635470971147f,-0.02665419952688095f,-0.9895569871502791f,-0.03125f,0f,0f,0f,1f],start_interpolation:0}