execute if entity @s[tag=aj.lysander.bone.rightarm] run data modify entity @s {} merge value {transformation:[-0.9985701212905531f,0.05233284251523499f,0.010908091494182495f,-0.3124814078125468f,0.05233595624294383f,0.9986295347545738f,0f,0.8125f,-0.01089314233389579f,0.0005708853991335628f,-0.9999405050001497f,-0.03465877859193203f,0f,0f,0f,1f],start_interpolation:0}
execute if entity @s[tag=aj.lysander.bone.leftarm] run data modify entity @s {} merge value {transformation:[-0.9985701212905531f,-0.05233284251523499f,0.010908091494182495f,0.3124814078125468f,-0.05233595624294383f,0.9986295347545738f,0f,0.8125f,-0.01089314233389579f,-0.0005708853991335628f,-0.9999405050001497f,-0.02784122140806797f,0f,0f,0f,1f],start_interpolation:0}
execute if entity @s[tag=aj.lysander.bone.torso] run data modify entity @s {} merge value {transformation:[-0.9999405050001497f,0f,0.010908091494182495f,3.827021247335479e-18f,0f,1f,0f,0.5f,-0.010908091494182495f,0f,-0.9999405050001497f,-0.03125f,0f,0f,0f,1f],start_interpolation:0}
execute if entity @s[tag=aj.lysander.bone.head] run data modify entity @s {} merge value {transformation:[-0.9999405050001497f,0.00026769796610756836f,0.010904806180964354f,3.827021247335479e-18f,0f,0.9996988186962042f,-0.024541228522912285f,0.875f,-0.010908091494182495f,-0.02453976844252499f,-0.9996393416151356f,-0.03125f,0f,0f,0f,1f],start_interpolation:0}