execute if entity @s[tag=aj.lysander.bone.rightarm] run data modify entity @s {} merge value {transformation:[-0.8887631355216895f,-0.4572893807745657f,-0.03140877534176162f,-0.4105206327614079f,0.35167215064496177f,-0.6363328636436849f,-0.6865909882220823f,0.8125f,0.2939843318927087f,-0.6212623510867551f,0.7263651311315513f,0.05018132122944634f,0f,0f,0f,1f],start_interpolation:0}
execute if entity @s[tag=aj.lysander.bone.leftarm] run data modify entity @s {} merge value {transformation:[-0.9813566521570494f,-0.05143072282419088f,-0.1851863980342214f,0.3070948165722407f,-0.05233595624294383f,0.9986295347545738f,0f,0.8125f,0.18493260651178986f,0.00969190722430739f,-0.9827034130311703f,-0.0891207493856942f,0f,0f,0f,1f],start_interpolation:0}
execute if entity @s[tag=aj.lysander.bone.torso] run data modify entity @s {} merge value {transformation:[-0.9827034130311703f,0f,-0.1851863980342214f,3.827021247335479e-18f,0f,1f,0f,0.5f,0.1851863980342214f,0f,-0.9827034130311703f,-0.03125f,0f,0f,0f,1f],start_interpolation:0}
execute if entity @s[tag=aj.lysander.bone.head] run data modify entity @s {} merge value {transformation:[-0.9827034130311703f,0.04624375919248857f,-0.17931959388933552f,3.827021247335479e-18f,0f,0.9683194651056297f,0.24971466416201357f,0.875f,0.1851863980342214f,0.24539545275594318f,-0.9515708432638195f,-0.03125f,0f,0f,0f,1f],start_interpolation:0}