execute if entity @s[tag=aj.lysander.bone.rightarm] run data modify entity @s {} merge value {transformation:[-0.8584462320816958f,-0.48737380562315347f,0.15980250378871932f,-0.4291678804652713f,0.40142096734259775f,-0.8323555239208349f,-0.3821589836392768f,0.8125f,0.3192667749742716f,-0.26391486390667074f,0.910174527772916f,0.05372752865873767f,0f,0f,0f,1f],start_interpolation:0}
execute if entity @s[tag=aj.lysander.bone.leftarm] run data modify entity @s {} merge value {transformation:[-0.9796107904014638f,-0.05133922608664545f,-0.19423435121997182f,0.3065484860466223f,-0.05233595624294383f,0.9986295347545738f,0f,0.8125f,0.19396815979215695f,0.010165440506325028f,-0.9809551553491915f,-0.0919482347562412f,0f,0f,0f,1f],start_interpolation:0}
execute if entity @s[tag=aj.lysander.bone.torso] run data modify entity @s {} merge value {transformation:[-0.9809551553491915f,0f,-0.19423435121997182f,3.827021247335479e-18f,0f,1f,0f,0.5f,0.19423435121997182f,0f,-0.9809551553491915f,-0.03125f,0f,0f,0f,1f],start_interpolation:0}
execute if entity @s[tag=aj.lysander.bone.head] run data modify entity @s {} merge value {transformation:[-0.9809551553491915f,0.08298921902678962f,-0.1756125642406229f,3.827021247335479e-18f,0f,0.9041272212541869f,0.4272633471141452f,0.875f,0.19423435121997182f,0.41912618304337185f,-0.8869082587808338f,-0.03125f,0f,0f,0f,1f],start_interpolation:0}