execute if entity @s[tag=aj.lysander.bone.rightarm] run data modify entity @s {} merge value {transformation:[-0.9954855351000684f,0.05193578181053716f,-0.07944321226044812f,-0.30426447360206066f,0.051741622129906725f,0.9986503576508796f,0.004501966585423425f,0.8125f,0.07956980549113013f,0.0003711219457267871f,-0.9968292272614226f,-0.006856560070030354f,0f,0f,0f,1f],start_interpolation:0}
execute if entity @s[tag=aj.lysander.bone.leftarm] run data modify entity @s {} merge value {transformation:[-0.9954355666226319f,-0.05216856746604795f,-0.07991541322686166f,0.3115005151995858f,-0.05233595624294383f,0.9986295347545738f,0f,0.8125f,0.07980589193046038f,0.004182449569777806f,-0.9968016486386747f,-0.05622356663339427f,0f,0f,0f,1f],start_interpolation:0}
execute if entity @s[tag=aj.lysander.bone.torso] run data modify entity @s {} merge value {transformation:[-0.9968016486386747f,0f,-0.07991541322686166f,3.827021247335479e-18f,0f,1f,0f,0.5f,0.07991541322686166f,0f,-0.9968016486386747f,-0.03125f,0f,0f,0f,1f],start_interpolation:0}
execute if entity @s[tag=aj.lysander.bone.head] run data modify entity @s {} merge value {transformation:[-0.9968016486386747f,-0.0018223638123817314f,-0.07989463224369568f,3.827021247335479e-18f,0f,0.9997399627640416f,-0.022803658753643125f,0.875f,0.07991541322686166f,-0.022730724640625213f,-0.996542443093164f,-0.03125f,0f,0f,0f,1f],start_interpolation:0}