execute if entity @s[tag=aj.lysander.bone.rightarm] run data modify entity @s {} merge value {transformation:[-0.8603366395976096f,-0.48851161653696584f,0.14552411165965945f,-0.4308919063508711f,0.4014209673425978f,-0.8252820589240595f,-0.39720363819557153f,0.8125f,0.3141370298828612f,-0.2833124136470301f,0.9061191989632869f,0.04478068486678356f,0f,0f,0f,1f],start_interpolation:0}
execute if entity @s[tag=aj.lysander.bone.leftarm] run data modify entity @s {} merge value {transformation:[-0.980751133165509f,-0.05139898891853054f,-0.1883755789180823f,0.30690533220564536f,-0.05233595624294383f,0.9986295347545738f,0f,0.8125f,0.18811741673408802f,0.009858816055495967f,-0.9820970630580652f,-0.09011736841190071f,0f,0f,0f,1f],start_interpolation:0}
execute if entity @s[tag=aj.lysander.bone.torso] run data modify entity @s {} merge value {transformation:[-0.9820970630580652f,0f,-0.1883755789180823f,3.827021247335479e-18f,0f,1f,0f,0.5f,0.1883755789180823f,0f,-0.9820970630580652f,-0.03125f,0f,0f,0f,1f],start_interpolation:0}
execute if entity @s[tag=aj.lysander.bone.head] run data modify entity @s {} merge value {transformation:[-0.9820970630580652f,0.07916448984597509f,-0.17093373651842153f,3.827021247335479e-18f,0f,0.9074092167369233f,0.4202481569036125f,0.875f,0.1883755789180823f,0.4127244806506028f,-0.8911639267491518f,-0.03125f,0f,0f,0f,1f],start_interpolation:0}