execute if entity @s[tag=aj.lysander.bone.rightarm] run data modify entity @s {} merge value {transformation:[-0.8581784625597318f,-0.5066519359832132f,0.08266524156546619f,-0.44001968008021375f,0.4014209673425978f,-0.7626792399158282f,-0.5071307365750453f,0.8125f,0.3199858330869476f,-0.4020251145959378f,0.8578956077855717f,-0.0008373193863752612f,0f,0f,0f,1f],start_interpolation:0}
execute if entity @s[tag=aj.lysander.bone.leftarm] run data modify entity @s {} merge value {transformation:[-0.9794479482706353f,-0.05133069189219501f,-0.19505608603248298f,0.30649752804456765f,-0.05233595624294383f,0.9986295347545738f,0f,0.8125f,0.19478876844566662f,0.010208446783515917f,-0.9807920897426164f,-0.09220502688515093f,0f,0f,0f,1f],start_interpolation:0}
execute if entity @s[tag=aj.lysander.bone.torso] run data modify entity @s {} merge value {transformation:[-0.9807920897426164f,0f,-0.19505608603248298f,3.827021247335479e-18f,0f,1f,0f,0.5f,0.19505608603248298f,0f,-0.9807920897426164f,-0.03125f,0f,0f,0f,1f],start_interpolation:0}
execute if entity @s[tag=aj.lysander.bone.head] run data modify entity @s {} merge value {transformation:[-0.9807920897426164f,0.08197196064798344f,-0.1769956902465053f,3.827021247335479e-18f,0f,0.9074092167369233f,0.4202481569036125f,0.875f,0.19505608603248298f,0.4121760680199771f,-0.8899797819351178f,-0.03125f,0f,0f,0f,1f],start_interpolation:0}