execute if entity @s[tag=aj.lysander.bone.rightarm] run data modify entity @s {} merge value {transformation:[-0.8592791277420563f,-0.5066229722109199f,0.07051627227118809f,-0.4413679772473891f,0.4014209673425978f,-0.7533489621317704f,-0.5208901498710817f,0.8125f,0.31701827645197966f,-0.4192833234021579f,0.8507061226488607f,-0.008737588744245517f,0f,0f,0f,1f],start_interpolation:0}
execute if entity @s[tag=aj.lysander.bone.leftarm] run data modify entity @s {} merge value {transformation:[-0.9801152402049135f,-0.05136566318060402f,-0.19166555393205453f,0.3067063429475969f,-0.05233595624294383f,0.9986295347545738f,0f,0.8125f,0.1914028829516453f,0.010031000043867597f,-0.9814602974323101f,-0.09114548560376703f,0f,0f,0f,1f],start_interpolation:0}
execute if entity @s[tag=aj.lysander.bone.torso] run data modify entity @s {} merge value {transformation:[-0.9814602974323101f,0f,-0.19166555393205453f,3.827021247335479e-18f,0f,1f,0f,0.5f,0.19166555393205453f,0f,-0.9814602974323101f,-0.03125f,0f,0f,0f,1f],start_interpolation:0}
execute if entity @s[tag=aj.lysander.bone.head] run data modify entity @s {} merge value {transformation:[-0.9814602974323101f,0.07512130967921392f,-0.17633057986679718f,3.827021247335479e-18f,0f,0.9199909751613814f,0.39193954332474595f,0.875f,0.19166555393205453f,0.38467310076698896f,-0.9029346161169304f,-0.03125f,0f,0f,0f,1f],start_interpolation:0}