execute if entity @s[tag=aj.lysander.bone.rightarm] run data modify entity @s {} merge value {transformation:[-0.996479977731491f,0.05222330273292179f,-0.06557728746992131f,-0.3058402566170479f,0.05233595624294383f,0.9986295347545738f,0f,0.8125f,0.06548741607655446f,-0.00343205004755675f,-0.9978474930409392f,-0.011150561390469119f,0f,0f,0f,1f],start_interpolation:0}
execute if entity @s[tag=aj.lysander.bone.leftarm] run data modify entity @s {} merge value {transformation:[-0.996479977731491f,-0.05222330273292179f,-0.06557728746992131f,0.3118273415752935f,-0.05233595624294383f,0.9986295347545738f,0f,0.8125f,0.06548741607655446f,0.00343205004755675f,-0.9978474930409392f,-0.05174290233435041f,0f,0f,0f,1f],start_interpolation:0}
execute if entity @s[tag=aj.lysander.bone.torso] run data modify entity @s {} merge value {transformation:[-0.9978474930409392f,0f,-0.06557728746992131f,3.827021247335479e-18f,0f,1f,0f,0.5f,0.06557728746992131f,0f,-0.9978474930409392f,-0.03125f,0f,0f,0f,1f],start_interpolation:0}
execute if entity @s[tag=aj.lysander.bone.head] run data modify entity @s {} merge value {transformation:[-0.9978474930409392f,-0.0012360295495768049f,-0.06556563782092927f,3.827021247335479e-18f,0f,0.999822352380809f,-0.018848439715408193f,0.875f,0.06557728746992131f,-0.01880786831775334f,-0.9976702278094848f,-0.03125f,0f,0f,0f,1f],start_interpolation:0}