execute if entity @s[tag=aj.lysander.bone.rightarm] run data modify entity @s {} merge value {transformation:[-0.8845378444367694f,-0.4657690711082939f,0.02553378464056215f,-0.4210803790797287f,0.37413821950571424f,-0.741085391722988f,-0.5575060850608539f,0.8125f,0.27859180616853674f,-0.4835820660174477f,0.8297800859035181f,0.03967902613629548f,0f,0f,0f,1f],start_interpolation:0}
execute if entity @s[tag=aj.lysander.bone.leftarm] run data modify entity @s {} merge value {transformation:[-0.9858942205099084f,-0.05166852670490923f,-0.1591946899657909f,0.30851475265556205f,-0.05233595624294383f,0.9986295347545738f,0f,0.8125f,0.1589765191759364f,0.008331606328158641f,-0.9872472084977986f,-0.08099834061430966f,0f,0f,0f,1f],start_interpolation:0}
execute if entity @s[tag=aj.lysander.bone.torso] run data modify entity @s {} merge value {transformation:[-0.9872472084977986f,0f,-0.1591946899657909f,3.827021247335479e-18f,0f,1f,0f,0.5f,0.1591946899657909f,0f,-0.9872472084977986f,-0.03125f,0f,0f,0f,1f],start_interpolation:0}
execute if entity @s[tag=aj.lysander.bone.head] run data modify entity @s {} merge value {transformation:[-0.9872472084977986f,0.0560382437168285f,-0.14900558564845015f,3.827021247335479e-18f,0f,0.9359959536368314f,0.35201075945981913f,0.875f,0.1591946899657909f,0.3475216396378965f,-0.9240593923931967f,-0.03125f,0f,0f,0f,1f],start_interpolation:0}