execute if entity @s[tag=aj.lysander.bone.rightarm] run data modify entity @s {} merge value {transformation:[-0.8597650191681906f,-0.500774578778594f,0.10014456083004497f,-0.4372185591308572f,0.40142096734259775f,-0.7839087816010966f,-0.473654123919995f,0.8125f,0.3156981450570368f,-0.3670311204486708f,0.8749987644732647f,0.012183069791774047f,0f,0f,0f,1f],start_interpolation:0}
execute if entity @s[tag=aj.lysander.bone.leftarm] run data modify entity @s {} merge value {transformation:[-0.9804080577890302f,-0.051381009099922596f,-0.19015791365655862f,0.3067979740198333f,-0.05233595624294383f,0.9986295347545738f,0f,0.8125f,0.18989730884474956f,0.009952096248379142f,-0.9817535168634665f,-0.09067434801767457f,0f,0f,0f,1f],start_interpolation:0}
execute if entity @s[tag=aj.lysander.bone.torso] run data modify entity @s {} merge value {transformation:[-0.9817535168634665f,0f,-0.19015791365655862f,3.827021247335479e-18f,0f,1f,0f,0.5f,0.19015791365655862f,0f,-0.9817535168634665f,-0.03125f,0f,0f,0f,1f],start_interpolation:0}
execute if entity @s[tag=aj.lysander.bone.head] run data modify entity @s {} merge value {transformation:[-0.9817535168634665f,0.08055640942349274f,-0.17225184186826514f,3.827021247335479e-18f,0f,0.905835779095508f,0.4236290137731763f,0.875f,0.19015791365655862f,0.4158992741172177f,-0.8893074618277731f,-0.03125f,0f,0f,0f,1f],start_interpolation:0}