execute if entity @s[tag=aj.lysander.bone.rightarm] run data modify entity @s {} merge value {transformation:[-0.9985530969321128f,0.052331950306415416f,0.012372533467856108f,-0.31247608039949976f,0.05233595624294383f,0.9986295347545738f,0f,0.8125f,-0.01235557734074054f,0.0006475283701880753f,-0.9999234572783993f,-0.03511641670870504f,0f,0f,0f,1f],start_interpolation:0}
execute if entity @s[tag=aj.lysander.bone.leftarm] run data modify entity @s {} merge value {transformation:[-0.9985530969321128f,-0.052331950306415416f,0.012372533467856108f,0.31247608039949976f,-0.05233595624294383f,0.9986295347545738f,0f,0.8125f,-0.01235557734074054f,-0.0006475283701880753f,-0.9999234572783993f,-0.027383583291294967f,0f,0f,0f,1f],start_interpolation:0}
execute if entity @s[tag=aj.lysander.bone.torso] run data modify entity @s {} merge value {transformation:[-0.9999234572783993f,0f,0.012372533467856108f,3.827021247335479e-18f,0f,1f,0f,0.5f,-0.012372533467856108f,0f,-0.9999234572783993f,-0.03125f,0f,0f,0f,1f],start_interpolation:0}
execute if entity @s[tag=aj.lysander.bone.head] run data modify entity @s {} merge value {transformation:[-0.9999234572783993f,0.00034439336459567274f,0.012367739390189378f,3.827021247335479e-18f,0f,0.9996125225541572f,-0.02783531485208006f,0.875f,-0.012372533467856108f,-0.027833184261324667f,-0.9995360094911347f,-0.03125f,0f,0f,0f,1f],start_interpolation:0}