execute if entity @s[tag=aj.lysander.bone.rightarm] run data modify entity @s {} merge value {transformation:[-0.9922275497906934f,0.04980466509563397f,-0.11403501554815836f,-0.3007726047484638f,0.030928791350659592f,0.9863588877561669f,0.16167731569396102f,0.8125f,0.12053173566303749f,0.15689372160519716f,-0.9802328605076075f,0.007920306216244573f,0f,0f,0f,1f],start_interpolation:0}
execute if entity @s[tag=aj.lysander.bone.leftarm] run data modify entity @s {} merge value {transformation:[-0.9902671546569288f,-0.05189770247250555f,-0.12914174726146985f,0.30988316994484216f,-0.05233595624294383f,0.9986295347545738f,0f,0.8125f,0.1289647629851144f,0.006758756833813597f,-0.9916261438234949f,-0.07160679601920933f,0f,0f,0f,1f],start_interpolation:0}
execute if entity @s[tag=aj.lysander.bone.torso] run data modify entity @s {} merge value {transformation:[-0.9916261438234949f,0f,-0.12914174726146985f,3.827021247335479e-18f,0f,1f,0f,0.5f,0.12914174726146985f,0f,-0.9916261438234949f,-0.03125f,0f,0f,0f,1f],start_interpolation:0}
execute if entity @s[tag=aj.lysander.bone.head] run data modify entity @s {} merge value {transformation:[-0.9916261438234949f,-0.003726950114428138f,-0.12908795733371073f,3.827021247335479e-18f,0f,0.9995834814930123f,-0.028859375015906217f,0.875f,0.12914174726146985f,-0.028617710760179195f,-0.9912131131825797f,-0.03125f,0f,0f,0f,1f],start_interpolation:0}