execute if entity @s[tag=aj.lysander.bone.rightarm] run data modify entity @s {} merge value {transformation:[-0.8459583409553527f,-0.4872662561818665f,0.21662428523730823f,-0.4434433515360022f,0.4243814129666532f,-0.8611707366917405f,-0.2797952440522007f,0.8125f,0.32288527636994224f,-0.14476380021369745f,0.9353013099804756f,0.027252085249310526f,0f,0f,0f,1f],start_interpolation:0}
execute if entity @s[tag=aj.lysander.bone.leftarm] run data modify entity @s {} merge value {transformation:[-0.9805734011203052f,-0.05138967437673398f,-0.18930109979292287f,0.30684971471968764f,-0.05233595624294383f,0.9986295347545738f,0f,0.8125f,0.18904166921473572f,0.009907254075503554f,-0.9819190871030005f,-0.09040659368528839f,0f,0f,0f,1f],start_interpolation:0}
execute if entity @s[tag=aj.lysander.bone.torso] run data modify entity @s {} merge value {transformation:[-0.9819190871030005f,0f,-0.18930109979292287f,3.827021247335479e-18f,0f,1f,0f,0.5f,0.18930109979292287f,0f,-0.9819190871030005f,-0.03125f,0f,0f,0f,1f],start_interpolation:0}
execute if entity @s[tag=aj.lysander.bone.head] run data modify entity @s {} merge value {transformation:[-0.9819190871030005f,0.06921045049342836f,-0.17619540267926073f,3.827021247335479e-18f,0f,0.9307679821828901f,0.3656103982974104f,0.875f,0.18930109979292287f,0.3589998285315576f,-0.9139388473697253f,-0.03125f,0f,0f,0f,1f],start_interpolation:0}