execute if entity @s[tag=aj.lysander.bone.rightarm] run data modify entity @s {} merge value {transformation:[-0.8595112833904776f,-0.5049634972040167f,0.07907098213594592f,-0.4401432117673807f,0.4014209673425978f,-0.7626792399158282f,-0.5071307365750453f,0.8125f,0.316388306835425f,-0.40414384010263477f,0.858234347835665f,-0.0026807309317391018f,0f,0f,0f,1f],start_interpolation:0}
execute if entity @s[tag=aj.lysander.bone.leftarm] run data modify entity @s {} merge value {transformation:[-0.9802552825035084f,-0.051373002486479066f,-0.19094605452716545f,0.30675016622418527f,-0.05233595624294383f,0.9986295347545738f,0f,0.8125f,0.19068436959568472f,0.009993344354496498f,-0.9816005319173929f,-0.09092064203973921f,0f,0f,0f,1f],start_interpolation:0}
execute if entity @s[tag=aj.lysander.bone.torso] run data modify entity @s {} merge value {transformation:[-0.9816005319173929f,0f,-0.19094605452716545f,3.827021247335479e-18f,0f,1f,0f,0.5f,0.19094605452716545f,0f,-0.9816005319173929f,-0.03125f,0f,0f,0f,1f],start_interpolation:0}
execute if entity @s[tag=aj.lysander.bone.head] run data modify entity @s {} merge value {transformation:[-0.9816005319173929f,0.08113828253624848f,-0.17284957288509323f,3.827021247335479e-18f,0f,0.9052272554838379f,0.42492777730950776f,0.875f,0.19094605452716545f,0.4171093322334883f,-0.888571555489057f,-0.03125f,0f,0f,0f,1f],start_interpolation:0}