execute if entity @s[tag=aj.fiona.bone.rightarm] run data modify entity @s {} merge value {transformation:[-0.9238795325112867f,-0.3535533905932737f,0.14644660940672632f,-0.25f,-0.38263829655858295f,0.8593300822728208f,-0.33932247745726013f,0.812418912436889f,-0.005877364500533797f,-0.36952917300395505f,-0.929200541802221f,-0.020691173167219908f,0f,0f,0f,1f],start_interpolation:0}
execute if entity @s[tag=aj.fiona.bone.leftarm] run data modify entity @s {} merge value {transformation:[-0.9238795325112867f,0.3535533905932738f,-0.1464466094067261f,0.25f,0.38263829655858295f,0.8593300822728208f,-0.33932247745726013f,0.812418912436889f,0.0058773645005335716f,-0.36952917300395494f,-0.929200541802221f,-0.020691173167219846f,0f,0f,0f,1f],start_interpolation:0}
execute if entity @s[tag=aj.fiona.bone.torso] run data modify entity @s {} merge value {transformation:[-1f,-1.880848506693144e-18f,1.2245023575115504e-16f,3.12170305732555e-18f,0f,0.9998820544536569f,0.01535829357495291f,0.4999557704201213f,-1.2246467991473532e-16f,0.01535829357495291f,-0.9998820544536569f,-0.02549063990939266f,0f,0f,0f,1f],start_interpolation:0}
execute if entity @s[tag=aj.fiona.bone.head] run data modify entity @s {} merge value {transformation:[-0.9953110239990349f,-0.09627269298946163f,-0.00935596550599233f,2.4163848673156208e-18f,-0.09671483157829706f,0.9890416424516907f,0.11154761695905324f,0.8749115408402426f,-0.0014855499904369766f,0.1119294334883318f,-0.9937150472143444f,-0.019731279818785318f,0f,0f,0f,1f],start_interpolation:0}