execute if entity @s[tag=aj.fiona.bone.rightarm] run data modify entity @s {} merge value {transformation:[-0.9238795325112867f,-0.3535533905932737f,0.14644660940672632f,-0.25f,-0.3823393108328985f,0.8690111608152291f,-0.3140640918194754f,0.8118817773821059f,-0.01622531351162095f,-0.34614968204314117f,-0.9380389847031314f,-0.002100833624285959f,0f,0f,0f,1f],start_interpolation:0}
execute if entity @s[tag=aj.fiona.bone.leftarm] run data modify entity @s {} merge value {transformation:[-0.9238795325112867f,0.3535533905932738f,-0.1464466094067261f,0.25f,0.3823393108328985f,0.8690111608152291f,-0.3140640918194754f,0.8118817773821059f,0.01622531351162072f,-0.3461496820431411f,-0.9380389847031314f,-0.0021008336242858976f,0f,0f,0f,1f],start_interpolation:0}
execute if entity @s[tag=aj.fiona.bone.torso] run data modify entity @s {} merge value {transformation:[-1f,-5.192353934521003e-18f,1.2235455564562048e-16f,1.8798885218901025e-18f,0f,0.999100767101245f,0.042398787455584105f,0.49966278766296685f,-1.2246467991473532e-16f,0.042398787455584105f,-0.999100767101245f,-0.015350454704155962f,0f,0f,0f,1f],start_interpolation:0}
execute if entity @s[tag=aj.fiona.bone.head] run data modify entity @s {} merge value {transformation:[-0.9955047041369098f,-0.09428635241346169f,-0.008970384041283481f,-6.724420355527368e-20f,-0.09462694312945456f,0.9861227708447088f,0.13640975938520286f,0.8743255753259337f,-0.004015678679697123f,0.1366453971786773f,-0.9906118865401439f,0.0005490905916880756f,0f,0f,0f,1f],start_interpolation:0}