execute if entity @s[tag=aj.fiona.bone.rightarm] run data modify entity @s {} merge value {transformation:[-0.9238795325112867f,-0.3535533905932737f,0.14644660940672632f,-0.25f,-0.3823555310320552f,0.8686605007017709f,-0.315012987684228f,0.8119109173604198f,-0.015838475176647618f,-0.3470287229042411f,-0.9377207517078473f,-0.0027957980068580297f,0f,0f,0f,1f],start_interpolation:0}
execute if entity @s[tag=aj.fiona.bone.leftarm] run data modify entity @s {} merge value {transformation:[-0.9238795325112867f,0.3535533905932738f,-0.1464466094067261f,0.25f,0.3823555310320552f,0.8686605007017709f,-0.315012987684228f,0.8119109173604198f,0.01583847517664739f,-0.347028722904241f,-0.9377207517078473f,-0.002795798006857968f,0f,0f,0f,1f],start_interpolation:0}
execute if entity @s[tag=aj.fiona.bone.torso] run data modify entity @s {} merge value {transformation:[-1f,-5.0685596208281584e-18f,1.2235974636288149e-16f,1.9263113895249195e-18f,0f,0.999143152524247f,0.04138793017184291f,0.4996786821965926f,-1.2246467991473532e-16f,0.04138793017184291f,-0.999143152524247f,-0.01572952618555891f,0f,0f,0f,1f],start_interpolation:0}
execute if entity @s[tag=aj.fiona.bone.head] run data modify entity @s {} merge value {transformation:[-0.9957291060788551f,-0.09192875746306273f,-0.008523547307404044f,2.5601531714360156e-20f,-0.09224395267602781f,0.9868058482588021f,0.1330611552517446f,0.8743573643931852f,-0.0038210603380356887f,0.13327911086709546f,-0.9910711771131121f,-0.00020905237111781827f,0f,0f,0f,1f],start_interpolation:0}