execute if entity @s[tag=aj.fiona.bone.rightarm] run data modify entity @s {} merge value {transformation:[-0.9238795325112867f,-0.3535533905932737f,0.14644660940672632f,-0.25f,-0.38249551793091646f,0.8651254287336594f,-0.3244305338915585f,0.8121624071946474f,-0.01199117048023838f,-0.3557499016983726f,-0.9345042639132857f,-0.009707573524377512f,0f,0f,0f,1f],start_interpolation:0}
execute if entity @s[tag=aj.fiona.bone.leftarm] run data modify entity @s {} merge value {transformation:[-0.9238795325112867f,0.3535533905932738f,-0.1464466094067261f,0.25f,0.38249551793091646f,0.8651254287336594f,-0.3244305338915585f,0.8121624071946474f,0.011991170480238154f,-0.35574990169837256f,-0.9345042639132857f,-0.00970757352437745f,0f,0f,0f,1f],start_interpolation:0}
execute if entity @s[tag=aj.fiona.bone.torso] run data modify entity @s {} merge value {transformation:[-1f,-3.837361982434664e-18f,1.2240454435859127e-16f,2.3880105039224797e-18f,0f,0.9995089559194871f,0.03133443850999639f,0.49981585846980764f,-1.2246467991473532e-16f,0.03133443850999639f,-0.9995089559194871f,-0.019499585558751354f,0f,0f,0f,1f],start_interpolation:0}
execute if entity @s[tag=aj.fiona.bone.head] run data modify entity @s {} merge value {transformation:[-0.9954665408869545f,-0.09468119790758658f,-0.009046365974561156f,9.489997605094806e-19f,-0.09506568164661693f,0.9874867388980813f,0.12582709037999926f,0.8746317169396153f,-0.002980293211306537f,0.12611665735824448f,-0.9920109407608153f,-0.007749171117502708f,0f,0f,0f,1f],start_interpolation:0}