execute if entity @s[tag=aj.fiona.bone.rightarm] run data modify entity @s {} merge value {transformation:[-0.9238795325112867f,-0.3535533905932737f,0.14644660940672632f,-0.25f,-0.38268208793963165f,0.8545647769108791f,-0.35110320652683236f,0.8124975847072953f,-0.0010143849812817196f,-0.38041956056866943f,-0.9248134563034052f,-0.029427632958079656f,0f,0f,0f,1f],start_interpolation:0}
execute if entity @s[tag=aj.fiona.bone.leftarm] run data modify entity @s {} merge value {transformation:[-0.9238795325112867f,0.3535533905932738f,-0.1464466094067261f,0.25f,0.38268208793963165f,0.8545647769108791f,-0.35110320652683236f,0.8124975847072953f,0.0010143849812814932f,-0.3804195605686693f,-0.9248134563034052f,-0.029427632958079594f,0f,0f,0f,1f],start_interpolation:0}
execute if entity @s[tag=aj.fiona.bone.torso] run data modify entity @s {} merge value {transformation:[-1f,-3.2461904941955165e-19f,1.224642496775746e-16f,3.705289103803147e-18f,0f,0.9999964868469748f,0.0026507156973387272f,0.4999986825676156f,-1.2246467991473532e-16f,0.0026507156973387272f,-0.9999964868469748f,-0.030255981613497976f,0f,0f,0f,1f],start_interpolation:0}
execute if entity @s[tag=aj.fiona.bone.head] run data modify entity @s {} merge value {transformation:[-0.9951859979334758f,-0.09753243956293867f,-0.00960482951715171f,3.583556960270815e-18f,-0.09800388783511922f,0.9901319097165224f,0.10017005206304752f,0.8749973651352312f,-0.0002597813565365549f,0.10062914386008656f,-0.9949239709242274f,-0.029261963226995955f,0f,0f,0f,1f],start_interpolation:0}