execute if entity @s[tag=aj.fiona.bone.rightarm] run data modify entity @s {} merge value {transformation:[-0.9238795325112867f,-0.3535533905932737f,0.14644660940672632f,-0.25f,-0.3826745386587122f,0.8561425514059058f,-0.3472464962163441f,0.8124840222423616f,-0.0026089977132959523f,-0.37685531928339f,-0.9262684607924131f,-0.02656287279199572f,0f,0f,0f,1f],start_interpolation:0}
execute if entity @s[tag=aj.fiona.bone.leftarm] run data modify entity @s {} merge value {transformation:[-0.9238795325112867f,0.3535533905932738f,-0.1464466094067261f,0.25f,0.3826745386587122f,0.8561425514059058f,-0.3472464962163441f,0.8124840222423616f,0.002608997713295726f,-0.3768553192833899f,-0.9262684607924131f,-0.026562872791995658f,0f,0f,0f,1f],start_interpolation:0}
execute if entity @s[tag=aj.fiona.bone.torso] run data modify entity @s {} merge value {transformation:[-1f,-8.349200483605745e-19f,1.2246183378968085e-16f,3.513926229200263e-18f,0f,0.9999767596252532f,0.0068176395752789975f,0.49999128485947f,-1.2246467991473532e-16f,0.0068176395752789975f,-0.9999767596252532f,-0.028693385159270376f,0f,0f,0f,1f],start_interpolation:0}
execute if entity @s[tag=aj.fiona.bone.head] run data modify entity @s {} merge value {transformation:[-0.9952468215760814f,-0.09692173316853792f,-0.009483764142707648f,3.200831211065048e-18f,-0.09738235638638408f,0.9898292826518872f,0.10370471478908568f,0.87498256971894f,-0.0006639332368910895f,0.10413533907592112f,-0.994562914223228f,-0.026136770318540753f,0f,0f,0f,1f],start_interpolation:0}