execute if entity @s[tag=aj.fiona.bone.rightarm] run data modify entity @s {} merge value {transformation:[-0.9238795325112867f,-0.3535533905932737f,0.14644660940672632f,-0.25f,-0.38261794406106325f,0.8604867498779042f,-0.33640163817533053f,0.8123823486850739f,-0.007079427181013101f,-0.36682768881937056f,-0.9302619676339712f,-0.018531638620030263f,0f,0f,0f,1f],start_interpolation:0}
execute if entity @s[tag=aj.fiona.bone.leftarm] run data modify entity @s {} merge value {transformation:[-0.9238795325112867f,0.3535533905932738f,-0.1464466094067261f,0.25f,0.38261794406106325f,0.8604867498779042f,-0.33640163817533053f,0.8123823486850739f,0.007079427181012876f,-0.3668276888193705f,-0.9302619676339712f,-0.0185316386200302f,0f,0f,0f,1f],start_interpolation:0}
execute if entity @s[tag=aj.fiona.bone.torso] run data modify entity @s {} merge value {transformation:[-1f,-2.26552735336426e-18f,1.224437226338277e-16f,2.977448489823881e-18f,0f,0.9998288708146529f,0.01849943473450148f,0.49993582655549484f,-1.2246467991473532e-16f,0.01849943473450148f,-0.9998288708146529f,-0.024312711974561946f,0f,0f,0f,1f],start_interpolation:0}
execute if entity @s[tag=aj.fiona.bone.head] run data modify entity @s {} merge value {transformation:[-0.9984276103314879f,-0.0559681412495219f,-0.003142306927754527f,2.1278757323122836e-18f,-0.056046690704522555f,0.9956500920679486f,0.07442890988155611f,0.8748716531109897f,-0.0010370095593743207f,0.07448799453709826f,-0.9972213712516468f,-0.01737542394912389f,0f,0f,0f,1f],start_interpolation:0}