execute if entity @s[tag=aj.fiona.bone.rightarm] run data modify entity @s {} merge value {transformation:[-0.9238795325112867f,-0.3535533905932737f,0.14644660940672632f,-0.25f,-0.38268208793963165f,0.8545647769108791f,-0.35110320652683236f,0.8124975847072953f,-0.0010143849812817218f,-0.38041956056866943f,-0.9248134563034052f,-0.029427632958079653f,0f,0f,0f,1f],start_interpolation:0}
execute if entity @s[tag=aj.fiona.bone.leftarm] run data modify entity @s {} merge value {transformation:[-0.9238795325112867f,0.3535533905932738f,-0.1464466094067261f,0.25f,0.38268208793963165f,0.8545647769108791f,-0.35110320652683236f,0.8124975847072953f,0.0010143849812814954f,-0.3804195605686693f,-0.9248134563034052f,-0.02942763295807959f,0f,0f,0f,1f],start_interpolation:0}
execute if entity @s[tag=aj.fiona.bone.torso] run data modify entity @s {} merge value {transformation:[-1f,-3.2461904941955233e-19f,1.224642496775746e-16f,3.7052891038031464e-18f,0f,0.9999964868469748f,0.002650715697338733f,0.4999986825676156f,-1.2246467991473532e-16f,0.002650715697338733f,-0.9999964868469748f,-0.030255981613497976f,0f,0f,0f,1f],start_interpolation:0}
execute if entity @s[tag=aj.fiona.bone.head] run data modify entity @s {} merge value {transformation:[-0.995216457975401f,-0.09722710520928284f,-0.009544201774896776f,3.583556960270815e-18f,-0.09769408740825626f,0.9901933584415223f,0.09986479952298927f,0.8749973651352312f,-0.0002589601607970413f,0.10031950414013169f,-0.994955240213706f,-0.029261963226995952f,0f,0f,0f,1f],start_interpolation:0}