execute if entity @s[tag=aj.fiona.bone.rightarm] run data modify entity @s {} merge value {transformation:[-0.9238795325112867f,-0.3535533905932737f,0.14644660940672632f,-0.25f,-0.3826373459522211f,0.8593895274844369f,-0.33917296698398064f,0.8124172046496725f,-0.005938929984977602f,-0.3693909041247175f,-0.9292551259264364f,-0.0205805692921226f,0f,0f,0f,1f],start_interpolation:0}
execute if entity @s[tag=aj.fiona.bone.leftarm] run data modify entity @s {} merge value {transformation:[-0.9238795325112867f,0.3535533905932738f,-0.1464466094067261f,0.25f,0.3826373459522211f,0.8593895274844369f,-0.33917296698398064f,0.8124172046496725f,0.0059389299849773765f,-0.36939090412471737f,-0.9292551259264364f,-0.020580569292122538f,0f,0f,0f,1f],start_interpolation:0}
execute if entity @s[tag=aj.fiona.bone.torso] run data modify entity @s {} merge value {transformation:[-1f,-1.9005504240184106e-18f,1.2244993154226072e-16f,3.1143148383285747e-18f,0f,0.9998795703995237f,0.015519171938730807f,0.4999548388998214f,-1.2246467991473532e-16f,0.015519171938730807f,-0.9998795703995237f,-0.02543031052297595f,0f,0f,0f,1f],start_interpolation:0}
execute if entity @s[tag=aj.fiona.bone.head] run data modify entity @s {} merge value {transformation:[-0.9974045377370042f,-0.07181442957623332f,-0.005184188101632763f,2.4016084293216706e-18f,-0.07199263516094487f,0.9935786059760936f,0.08728467350678189f,0.8749096777996428f,-0.0011174006514991744f,0.0874313527931637f,-0.9961699202267359f,-0.019610621045951897f,0f,0f,0f,1f],start_interpolation:0}