execute if entity @s[tag=aj.fiona.bone.rightarm] run data modify entity @s {} merge value {transformation:[-0.9238795325112867f,-0.3535533905932737f,0.14644660940672632f,-0.25f,-0.38266473342728385f,0.8572946980614842f,-0.3444031104195988f,0.812466406908023f,-0.0037830143737487792f,-0.37422693739984647f,-0.9273294388331362f,-0.024453723595039396f,0f,0f,0f,1f],start_interpolation:0}
execute if entity @s[tag=aj.fiona.bone.leftarm] run data modify entity @s {} merge value {transformation:[-0.9238795325112867f,0.3535533905932738f,-0.1464466094067261f,0.25f,0.38266473342728385f,0.8572946980614842f,-0.3444031104195988f,0.812466406908023f,0.003783014373748553f,-0.3742269373998464f,-0.9273294388331363f,-0.024453723595039334f,0f,0f,0f,1f],start_interpolation:0}
execute if entity @s[tag=aj.fiona.bone.torso] run data modify entity @s {} merge value {transformation:[-1f,-1.210623730248105e-18f,1.224586959623625e-16f,3.3730373484924395e-18f,0f,0.9999511373207607f,0.009885492952670013f,0.49998167649528524f,-1.2246467991473532e-16f,0.009885492952670013f,-0.9999511373207607f,-0.027542940142748745f,0f,0f,0f,1f],start_interpolation:0}
execute if entity @s[tag=aj.fiona.bone.head] run data modify entity @s {} merge value {transformation:[-0.9987662801137638f,-0.049596743417017204f,-0.002465917707714537f,2.9190534496494e-18f,-0.049655581065074894f,0.9969944462213222f,0.05946761701068136f,0.8749633529905705f,-0.0004908938830700039f,0.05951669720562342f,-0.9982271894598592f,-0.02383588028549749f,0f,0f,0f,1f],start_interpolation:0}