execute if entity @s[tag=aj.uncle_alphon.bone.head] run data modify entity @s {} merge value {transformation:[-1f,0f,1.2246467991473532e-16f,-0.18749999999999997f,0f,1f,0f,1.346875f,-1.2246467991473532e-16f,0f,-1f,-0.12500000000000003f,0f,0f,0f,1f],start_interpolation:0}
execute if entity @s[tag=aj.uncle_alphon.bone.basket] run data modify entity @s {} merge value {transformation:[-0.9723699203976766f,-0.23344536385590545f,1.2246467991473532e-16f,0.6708980080440349f,-0.23344536385590545f,0.9723699203976766f,0f,-2.35361002555189f,-1.1908097106021811e-16f,-2.858881176219238e-17f,-1f,0.25000000000000006f,0f,0f,0f,1f],start_interpolation:0}
execute if entity @s[tag=aj.uncle_alphon.bone.leftarm] run data modify entity @s {} merge value {transformation:[-0.9723699203976766f,-0.23344536385590545f,1.2246467991473532e-16f,-0.18750000000000003f,-0.23344536385590545f,0.9723699203976766f,0f,1.221875f,-1.1908097106021811e-16f,-2.858881176219238e-17f,-1f,0.24999999999999997f,0f,0f,0f,1f],start_interpolation:0}
execute if entity @s[tag=aj.uncle_alphon.bone.righarm] run data modify entity @s {} merge value {transformation:[-0.9723699203976766f,0.23344536385590545f,1.2246467991473532e-16f,-0.18749999999999992f,0.23344536385590545f,0.9723699203976766f,0f,1.221875f,-1.1908097106021811e-16f,2.858881176219238e-17f,-1f,-0.5f,0f,0f,0f,1f],start_interpolation:0}
execute if entity @s[tag=aj.uncle_alphon.bone.torso] run data modify entity @s {} merge value {transformation:[-1f,0f,1.2246467991473532e-16f,-0.18749999999999997f,0f,1f,0f,0.628125f,-1.2246467991473532e-16f,0f,-1f,-0.12500000000000003f,0f,0f,0f,1f],start_interpolation:0}
execute if entity @s[tag=aj.uncle_alphon.bone.leftleg] run data modify entity @s {} merge value {transformation:[-0.9876883405951378f,0.15643446504023092f,1.2246467991473532e-16f,-0.275f,0.15643446504023092f,0.9876883405951378f,0f,0.534375f,-1.2095693648649962e-16f,1.9157696688784732e-17f,-1f,-4.163336342344337e-17f,0f,0f,0f,1f],start_interpolation:0}
execute if entity @s[tag=aj.uncle_alphon.bone.rightleg] run data modify entity @s {} merge value {transformation:[-0.8526401643540922f,-0.522498564715949f,1.2246467991473532e-16f,-0.16249999999999995f,-0.522498564715949f,0.8526401643540922f,0f,0.534375f,-1.0441830481007121e-16f,-6.398761948384731e-17f,-1f,-0.25f,0f,0f,0f,1f],start_interpolation:0}