execute if entity @s[tag=aj.uncle_alphon.bone.head] run data modify entity @s {} merge value {transformation:[-1f,0f,1.2246467991473532e-16f,-0.18749999999999997f,0f,1f,0f,1.328125f,-1.2246467991473532e-16f,0f,-1f,-0.12500000000000003f,0f,0f,0f,1f],start_interpolation:0}
execute if entity @s[tag=aj.uncle_alphon.bone.basket] run data modify entity @s {} merge value {transformation:[-0.9238795325112867f,0.3826834323650897f,1.2246467991473532e-16f,-1.5946587913667503f,0.3826834323650897f,0.9238795325112867f,0f,-2.1940568385301416f,-1.1314261122877003e-16f,4.6865204053262974e-17f,-1f,0.2499999999999998f,0f,0f,0f,1f],start_interpolation:0}
execute if entity @s[tag=aj.uncle_alphon.bone.leftarm] run data modify entity @s {} merge value {transformation:[-0.9238795325112867f,0.3826834323650897f,1.2246467991473532e-16f,-0.18750000000000003f,0.3826834323650897f,0.9238795325112867f,0f,1.203125f,-1.1314261122877003e-16f,4.6865204053262974e-17f,-1f,0.24999999999999997f,0f,0f,0f,1f],start_interpolation:0}
execute if entity @s[tag=aj.uncle_alphon.bone.righarm] run data modify entity @s {} merge value {transformation:[-0.9238795325112867f,-0.3826834323650897f,1.2246467991473532e-16f,-0.18749999999999992f,-0.3826834323650897f,0.9238795325112867f,0f,1.203125f,-1.1314261122877003e-16f,-4.6865204053262974e-17f,-1f,-0.5f,0f,0f,0f,1f],start_interpolation:0}
execute if entity @s[tag=aj.uncle_alphon.bone.torso] run data modify entity @s {} merge value {transformation:[-1f,0f,1.2246467991473532e-16f,-0.18749999999999997f,0f,1f,0f,0.609375f,-1.2246467991473532e-16f,0f,-1f,-0.12500000000000003f,0f,0f,0f,1f],start_interpolation:0}
execute if entity @s[tag=aj.uncle_alphon.bone.leftleg] run data modify entity @s {} merge value {transformation:[-0.7071067811865475f,-0.7071067811865476f,1.2246467991473532e-16f,-0.12499999999999999f,-0.7071067811865476f,0.7071067811865475f,0f,0.515625f,-8.659560562354932e-17f,-8.659560562354934e-17f,-1f,-2.7755575615628914e-17f,0f,0f,0f,1f],start_interpolation:0}
execute if entity @s[tag=aj.uncle_alphon.bone.rightleg] run data modify entity @s {} merge value {transformation:[-0.9238795325112867f,0.3826834323650897f,1.2246467991473532e-16f,-0.31249999999999994f,0.3826834323650897f,0.9238795325112867f,0f,0.515625f,-1.1314261122877003e-16f,4.6865204053262974e-17f,-1f,-0.25000000000000006f,0f,0f,0f,1f],start_interpolation:0}