execute if entity @s[tag=aj.melissa.bone.rightleg] run data modify entity @s {} merge value {transformation:[-0.9992470421475291f,0.03879882420143761f,1.223724691723432e-16f,-0.390625f,0.0387696103220885f,0.998494651240586f,-0.038798824201437605f,0.6468091232114275f,-0.0015053487594141827f,-0.03876961032208849f,-0.9992470421475292f,-0.2607239298435367f,0f,0f,0f,1f],start_interpolation:0}
execute if entity @s[tag=aj.melissa.bone.leftleg] run data modify entity @s {} merge value {transformation:[-0.9978589232386035f,-0.06540312923014306f,1.223724691723432e-16f,-0.10937499999999997f,-0.06535388343041307f,0.997107577526693f,-0.038798824201437605f,0.6468091232114275f,0.0025375645132241034f,-0.038715752940570405f,-0.9992470421475292f,-0.26072392984353665f,0f,0f,0f,1f],start_interpolation:0}
execute if entity @s[tag=aj.melissa.bone.head] run data modify entity @s {} merge value {transformation:[-0.958740876255052f,0.24953317102473324f,0.13619518624399393f,-0.2608583416002367f,0.28418746829482794f,0.8535907623969585f,0.43660083968626895f,1.3067792874283612f,-0.007308560861830661f,0.45729203678712815f,-0.8892865556327773f,-0.11834070040243444f,0f,0f,0f,1f],start_interpolation:0}
execute if entity @s[tag=aj.melissa.bone.broom] run data modify entity @s {} merge value {transformation:[0.01762713200625117f,-0.23330402532261027f,0.9722440619440684f,-0.37449378614499973f,0.036422663354036516f,0.9718995675819655f,0.23256100302541505f,0.6008706680899228f,-0.9991810015264667f,0.03131233466631467f,0.02562935594805279f,0.16116914097739998f,0f,0f,0f,1f],start_interpolation:0}
execute if entity @s[tag=aj.melissa.bone.rightarm] run data modify entity @s {} merge value {transformation:[-0.9224179266599829f,-0.09273874756424266f,0.37489290907739836f,-0.5211577258480616f,-0.3860537169733836f,0.24751087882403677f,-0.888651164673061f,1.1674559490765792f,-0.010377677357361392f,-0.9644365658579982f,-0.26411060987529045f,-0.35165336711969186f,0f,0f,0f,1f],start_interpolation:0}
execute if entity @s[tag=aj.melissa.bone.leftarm] run data modify entity @s {} merge value {transformation:[-0.7436354054495916f,0.5865763238908751f,0.32083422512644894f,-0.03221458289153606f,0.4423997405686953f,0.7914973750061901f,-0.4216804179743965f,1.061203730744287f,-0.5012871964319184f,-0.17163951062904415f,-0.8480866848880777f,0.03916356169594465f,0f,0f,0f,1f],start_interpolation:0}
execute if entity @s[tag=aj.melissa.bone.torso] run data modify entity @s {} merge value {transformation:[-0.935096023645161f,0.006933321308746554f,0.3543266227912297f,-0.2654083337091016f,0.0815958787926188f,0.9771595959030184f,0.1962173200783f,0.6655183026170053f,-0.3448732218179152f,0.21239362794179925f,-0.9143037830407635f,-0.2577240187392402f,0f,0f,0f,1f],start_interpolation:0}