execute if entity @s[tag=aj.melissa.bone.head] run data modify entity @s {} merge value {transformation:[-0.9999785145240273f,-0.0011736390176443371f,-0.0064492683132200135f,-0.25080687682463043f,-0.001144528080542207f,0.9999891493131691f,-0.004515673969336092f,1.3749925401528036f,0.0064544981053906315f,-0.004508195579248092f,-0.9999690073331406f,-0.2530993844607331f,0f,0f,0f,1f],start_interpolation:0}
execute if entity @s[tag=aj.melissa.bone.broom] run data modify entity @s {} merge value {transformation:[-0.9787748657038068f,0.03935573972161188f,-0.20112406125936194f,-0.5600034895542005f,0.01565959915542714f,0.9928808338859234f,0.11807805323718928f,0.6694019528807214f,0.20433927478775626f,0.11242230851996371f,-0.9724230999550841f,0.09062939308721624f,0f,0f,0f,1f],start_interpolation:0}
execute if entity @s[tag=aj.melissa.bone.rightarm] run data modify entity @s {} merge value {transformation:[-0.9634494767070979f,0.05824513523276816f,-0.2614815673322605f,-0.5588210527552457f,0.2634626953136321f,0.3827362134009734f,-0.885494437661559f,1.2266289274363222f,0.048502721685439565f,-0.9220197910962653f,-0.3840924248353561f,-0.3226320035140488f,0f,0f,0f,1f],start_interpolation:0}
execute if entity @s[tag=aj.melissa.bone.leftarm] run data modify entity @s {} merge value {transformation:[-0.982199922947179f,-0.18771673011590767f,-0.00676317951462206f,0.09304758407607533f,-0.18770264903854952f,0.9822222815849947f,-0.002665539697384643f,1.2816383548270849f,0.007143312009608167f,-0.0013486261745660312f,-0.9999735768013944f,-0.25459297103550094f,0f,0f,0f,1f],start_interpolation:0}
execute if entity @s[tag=aj.melissa.bone.torso] run data modify entity @s {} merge value {transformation:[-0.9999838028881503f,-0.0011736390176443371f,-0.005569248855032316f,-0.25003667621930137f,-0.0011485015924096176f,0.9999891493131691f,-0.00451466499496051f,0.7187496609160365f,0.005574487011846785f,-0.004508195579248092f,-0.9999743003033497f,-0.25014088111185157f,0f,0f,0f,1f],start_interpolation:0}