execute if entity @s[tag=aj.melissa.bone.head] run data modify entity @s {} merge value {transformation:[-0.9999555796208907f,-0.0015916020008884496f,-0.009290080092190348f,-0.2510942263756108f,-0.0016456454107038616f,0.9999817527045236f,0.00581258197114729f,1.37498745498436f,0.0092806592562583f,0.005827611951721313f,-0.9999399523484944f,-0.24599351678319165f,0f,0f,0f,1f],start_interpolation:0}
execute if entity @s[tag=aj.melissa.bone.broom] run data modify entity @s {} merge value {transformation:[-0.9789164034480682f,0.04322297947339657f,-0.19963579114412686f,-0.5622018605256848f,0.015562299772931304f,0.9902962552865372f,0.13809830408530932f,0.6708320455821211f,0.20366759655398425f,0.13207990313027748f,-0.9700898975368312f,0.09830756276575886f,0f,0f,0f,1f],start_interpolation:0}
execute if entity @s[tag=aj.melissa.bone.rightarm] run data modify entity @s {} merge value {transformation:[-0.9635657260706739f,0.055439962799834056f,-0.26166295509041393f,-0.5626405870188732f,0.2620111120567049f,0.3923115855100768f,-0.8817265999352512f,1.2323058011501056f,0.053770518880737785f,-0.9181601333097199f,-0.3925438840435213f,-0.3091667438812335f,0f,0f,0f,1f],start_interpolation:0}
execute if entity @s[tag=aj.melissa.bone.leftarm] run data modify entity @s {} merge value {transformation:[-0.9858298664805721f,-0.1673906201985128f,-0.010947813683759144f,0.09279137059511627f,-0.16749537497140368f,0.9858273660985402f,0.009471199206207566f,1.2818037908937905f,0.009207264419247085f,0.011170699206944811f,-0.9998952153906638f,-0.24954681704387047f,0f,0f,0f,1f],start_interpolation:0}
execute if entity @s[tag=aj.melissa.bone.torso] run data modify entity @s {} merge value {transformation:[-0.9999603906418728f,-0.0015916020008884496f,-0.008756937274180782f,-0.25004973756252774f,-0.0016425461104854146f,0.9999817527045236f,0.005813458545823341f,0.7187494297720164f,0.008747524771505255f,0.005827611951721313f,-0.999944758348836f,-0.24981788712650876f,0f,0f,0f,1f],start_interpolation:0}