execute if entity @s[tag=aj.melissa.bone.rightleg] run data modify entity @s {} merge value {transformation:[-0.9999753186383332f,0.007025817686503529f,1.2246165731967894e-16f,-0.3786458333333333f,0.007025644279756203f,0.999950637885836f,-0.007025817686503528f,0.6545020297964471f,-0.00004936211416410825f,-0.007025644279756202f,-0.9999753186383332f,-0.25196984088391244f,0f,0f,0f,1f],start_interpolation:0}
execute if entity @s[tag=aj.melissa.bone.leftleg] run data modify entity @s {} merge value {transformation:[-0.9998214354798048f,-0.018897014449441023f,1.2246165731967894e-16f,-0.12135416666666665f,-0.018896548045392973f,0.9997967585253535f,-0.007025817686503528f,0.6545020297964471f,0.00013276697834087303f,-0.007024563124739361f,-0.9999753186383332f,-0.25196984088391244f,0f,0f,0f,1f],start_interpolation:0}
execute if entity @s[tag=aj.melissa.bone.head] run data modify entity @s {} merge value {transformation:[-0.9967171721161082f,0.06252449767795777f,0.05143506584993658f,-0.2541378339397992f,0.06744956674935249f,0.9926613799553984f,0.10036902256358245f,1.3625248222383732f,-0.04478208072647923f,0.10350880124493442f,-0.9936198937776175f,-0.22127152782376924f,0f,0f,0f,1f],start_interpolation:0}
execute if entity @s[tag=aj.melissa.bone.broom] run data modify entity @s {} merge value {transformation:[-0.9754233335522265f,0.0212140058742553f,0.21931549493054303f,-0.5472107775021865f,0.03257963118890836f,0.9982996174071452f,0.048336751197641026f,0.6597694348206666f,-0.21791715855677057f,0.054294012925137414f,-0.9744558851826126f,0.06903354452179344f,0f,0f,0f,1f],start_interpolation:0}
execute if entity @s[tag=aj.melissa.bone.rightarm] run data modify entity @s {} merge value {transformation:[-0.9923972245914208f,0.0434713887371862f,-0.1151433323493192f,-0.5461183965816061f,0.12298323131397783f,0.386611388315713f,-0.9140058857798291f,1.2096807181606584f,0.004782618406056732f,-0.9212176033847042f,-0.3890183206165548f,-0.34135201190391534f,0f,0f,0f,1f],start_interpolation:0}
execute if entity @s[tag=aj.melissa.bone.leftarm] run data modify entity @s {} merge value {transformation:[-0.9875539350570591f,0.10709923004872812f,0.11518237832362818f,0.07609555939242968f,0.10484390834625218f,0.9941621904013906f,-0.025481249164664307f,1.2452868303775393f,-0.11723898769607521f,-0.013087937166667826f,-0.9930174850750217f,-0.17744386532095074f,0f,0f,0f,1f],start_interpolation:0}
execute if entity @s[tag=aj.melissa.bone.torso] run data modify entity @s {} merge value {transformation:[-0.9962037515222995f,0.003824819933298064f,0.08696813327520898f,-0.25664787202102607f,0.007729618381467496f,0.998974714359174f,0.04460687246023463f,0.7069476659401653f,-0.0867083528420045f,0.04510976417012845f,-0.9952119225189889f,-0.25087481056041605f,0f,0f,0f,1f],start_interpolation:0}