execute if entity @s[tag=aj.melissa.bone.head] run data modify entity @s {} merge value {transformation:[-0.9999927752158654f,-0.000676007151231911f,-0.0037406590867346584f,-0.2504647549164719f,-0.0006637001121367043f,0.9999943665791046f,-0.003290336185963408f,1.3749961270231343f,0.0037428623048192645f,-0.0032878297381394033f,-0.9999875905016923f,-0.2522603829449709f,0f,0f,0f,1f],start_interpolation:0}
execute if entity @s[tag=aj.melissa.bone.broom] run data modify entity @s {} merge value {transformation:[-0.9794239488240521f,0.04075061405629918f,-0.1976565605385635f,-0.559778493181047f,0.016815167963698835f,0.9924740685627905f,0.12129498487890655f,0.6683404496953236f,0.20111185593160058f,0.11547558479806938f,-0.9727380997572219f,0.0888244018731979f,0f,0f,0f,1f],start_interpolation:0}
execute if entity @s[tag=aj.melissa.bone.rightarm] run data modify entity @s {} merge value {transformation:[-0.963485185653005f,0.060387948911695806f,-0.26086316844934765f,-0.5575340710637852f,0.2637147509652015f,0.38274977397873483f,-0.8854135421612825f,1.2255800488179673f,0.04637701101360529f,-0.9218762965525612f,-0.38469892994909416f,-0.3244155683486999f,0f,0f,0f,1f],start_interpolation:0}
execute if entity @s[tag=aj.melissa.bone.leftarm] run data modify entity @s {} merge value {transformation:[-0.9861981673405962f,-0.16552570869261324f,-0.0037966427087456345f,0.09334678719725825f,-0.1655177978885336f,0.9862040904913297f,-0.002313110524776562f,1.2814754186911166f,0.00412714382839701f,-0.001652773419869756f,-0.999990117463089f,-0.2530513459380267f,0f,0f,0f,1f],start_interpolation:0}
execute if entity @s[tag=aj.melissa.bone.torso] run data modify entity @s {} merge value {transformation:[-0.9999946660168791f,-0.000676007151231911f,-0.0031954580457140332f,-0.25002112522347597f,-0.0006654939193401867f,0.9999943665791046f,-0.003289973844703288f,0.7187498239555971f,0.0031976640902002937f,-0.0032878297381394033f,-0.9999894825046808f,-0.2501027446793169f,0f,0f,0f,1f],start_interpolation:0}