execute if entity @s[tag=aj.melissa.bone.rightleg] run data modify entity @s {} merge value {transformation:[-0.9997363204335522f,0.02296278741751071f,1.2243238848103025e-16f,-0.38593749999999993f,0.02295673259968002f,0.9994727103940181f,-0.022962787417510698f,0.6505999429965887f,-0.0005272896059819102f,-0.02295673259968001f,-0.9997363204335521f,-0.25639236406956295f,0f,0f,0f,1f],start_interpolation:0}
execute if entity @s[tag=aj.melissa.bone.leftleg] run data modify entity @s {} merge value {transformation:[-0.9980627947003183f,-0.062214611105352334f,1.2243238848103025e-16f,-0.11406249999999998f,-0.06219820638366935f,0.997799625935324f,-0.022962787417510698f,0.6505999429965887f,0.0014286208890751837f,-0.02291830378403004f,-0.9997363204335521f,-0.2563923640695629f,0f,0f,0f,1f],start_interpolation:0}
execute if entity @s[tag=aj.melissa.bone.head] run data modify entity @s {} merge value {transformation:[-0.9664779858142392f,0.17228400455709847f,0.1903641896739531f,-0.2693746283554776f,0.22575930698195446f,0.9233743877440953f,0.3105035835046751f,1.328730922737757f,-0.12228261629307238f,0.3430713655086749f,-0.931315735892256f,-0.15678722146806015f,0f,0f,0f,1f],start_interpolation:0}
execute if entity @s[tag=aj.melissa.bone.broom] run data modify entity @s {} merge value {transformation:[-0.3280011342482545f,0.09271798741755599f,0.9401162857546382f,-0.550468534484632f,0.031157692188609365f,0.9956921988441728f,-0.08732836525629312f,0.6304785272866447f,-0.9441633620032811f,0.000648050996931826f,-0.32947704909533104f,0.0584523892607508f,0f,0f,0f,1f],start_interpolation:0}
execute if entity @s[tag=aj.melissa.bone.rightarm] run data modify entity @s {} merge value {transformation:[-0.9712295891117002f,0.08391107365916944f,0.2228721986953136f,-0.509590775940413f,-0.1836745047697972f,0.3317445477729263f,-0.9253157468240268f,1.1834617236332798f,-0.1515808745570748f,-0.9396299733088032f,-0.3067877959244961f,-0.37570172518414824f,0f,0f,0f,1f],start_interpolation:0}
execute if entity @s[tag=aj.melissa.bone.leftarm] run data modify entity @s {} merge value {transformation:[-0.7770072935799235f,0.5613523065877932f,0.28485654918250775f,0.004927109345655101f,0.457102450054248f,0.8142713371319653f,-0.3577981828904733f,1.146313063578013f,-0.4328013584521265f,-0.14780317119021857f,-0.8892902825894977f,-0.0230174438616656f,0f,0f,0f,1f],start_interpolation:0}
execute if entity @s[tag=aj.melissa.bone.torso] run data modify entity @s {} merge value {transformation:[-0.950405280653794f,0.004245433621153538f,0.3109851745642409f,-0.27216069416935956f,0.04983497821281026f,0.9890658870542739f,0.13879894096163356f,0.6796564343583898f,-0.3069955658505701f,0.14741318583800667f,-0.940225013062925f,-0.25352712467425204f,0f,0f,0f,1f],start_interpolation:0}