execute if entity @s[tag=aj.melissa.bone.head] run data modify entity @s {} merge value {transformation:[-1f,-5.341834311772723e-18f,1.223481206754078e-16f,-0.24999999999999997f,0f,0.9990482215818578f,0.043619387365336f,1.3743456523375273f,-1.2246467991473532e-16f,0.043619387365336f,-0.9990482215818578f,-0.22001167118633155f,0f,0f,0f,1f],start_interpolation:0}
execute if entity @s[tag=aj.melissa.bone.broom] run data modify entity @s {} merge value {transformation:[-0.9809025326941841f,0.04610771540198419f,-0.18895581476775114f,-0.5723504959819088f,0.012041536007177195f,0.9840279812451225f,0.1776061190872565f,0.6707499032540523f,0.1941268213429636f,0.1719389737873835f,-0.9657907467605075f,0.11296080165969119f,0f,0f,0f,1f],start_interpolation:0}
execute if entity @s[tag=aj.melissa.bone.rightarm] run data modify entity @s {} merge value {transformation:[-0.9636757658838216f,0.06319962953152092f,-0.2594895471407436f,-0.5689189859761171f,0.2613671737254641f,0.4229623438390165f,-0.867634748147496f,1.2456400382020403f,0.0549201124087777f,-0.9039406299759316f,-0.4241168691902306f,-0.27534041998217323f,0f,0f,0f,1f],start_interpolation:0}
execute if entity @s[tag=aj.melissa.bone.leftarm] run data modify entity @s {} merge value {transformation:[-0.9914448613738104f,-0.13052619222005157f,1.223481206754078e-16f,0.09375000000000003f,-0.13040196020729425f,0.9905012255519768f,0.043619387365336f,1.2806848815642282f,-0.005693472539768857f,0.043246217459636076f,-0.9990482215818578f,-0.22410098875183176f,0f,0f,0f,1f],start_interpolation:0}
execute if entity @s[tag=aj.melissa.bone.torso] run data modify entity @s {} merge value {transformation:[-1f,-5.341834311772723e-18f,1.223481206754078e-16f,-0.24999999999999997f,0f,0.9990482215818578f,0.043619387365336f,0.7187202569244331f,-1.2246467991473532e-16f,0.043619387365336f,-0.9990482215818578f,-0.2486368941448333f,0f,0f,0f,1f],start_interpolation:0}