execute if entity @s[tag=aj.melissa.bone.rightleg] run data modify entity @s {} merge value {transformation:[-0.999957100787259f,0.00926264460829494f,1.224594262763784e-16f,-0.37968749999999996f,0.009262247248133341f,0.9999142034148604f,-0.009262644608294937f,0.653949085452306f,-0.00008579658513969774f,-0.00926224724813334f,-0.999957100787259f,-0.25259439399289774f,0f,0f,0f,1f],start_interpolation:0}
execute if entity @s[tag=aj.melissa.bone.leftleg] run data modify entity @s {} merge value {transformation:[-0.9996872250837311f,-0.025009038453917925f,1.224594262763784e-16f,-0.12031249999999996f,-0.025007965585856842f,0.9996443392887877f,-0.009262644608294937f,0.653949085452306f,0.0002316498351937012f,-0.009259747485403152f,-0.999957100787259f,-0.25259439399289774f,0f,0f,0f,1f],start_interpolation:0}
execute if entity @s[tag=aj.melissa.bone.head] run data modify entity @s {} merge value {transformation:[-0.994293557375314f,0.08093749376325095f,0.06949420022755051f,-0.25580672492822076f,0.08958026575011155f,0.9872053878781318f,0.1319124639013564f,1.3581857474647765f,-0.05792838466660846f,0.1373850219190978f,-0.9888223591738845f,-0.21205056512959047f,0f,0f,0f,1f],start_interpolation:0}
execute if entity @s[tag=aj.melissa.bone.broom] run data modify entity @s {} merge value {transformation:[-0.9356150622840812f,0.021265235040108778f,0.35238082383387936f,-0.5461510503111187f,0.03038305413566078f,0.9993308675397605f,0.020363870055059907f,0.6568380946840597f,-0.3517119919032391f,0.029759149196823265f,-0.9356351146630492f,0.06396258764488832f,0f,0f,0f,1f],start_interpolation:0}
execute if entity @s[tag=aj.melissa.bone.rightarm] run data modify entity @s {} merge value {transformation:[-0.9968344658176698f,0.04394982785471395f,-0.06625300287188432f,-0.541981650977712f,0.07808416512574438f,0.38435641065209325f,-0.9198766290906923f,1.2054991882945174f,-0.014963653117350179f,-0.9221380385941036f,-0.3865715029114318f,-0.34707343992792894f,0f,0f,0f,1f],start_interpolation:0}
execute if entity @s[tag=aj.melissa.bone.leftarm] run data modify entity @s {} merge value {transformation:[-0.9729962238075824f,0.16990541137185639f,0.15623859844079946f,0.06858937463532883f,0.1632870808722067f,0.9850800028416798f,-0.054357310655232326f,1.232704983609653f,-0.1631431202239878f,-0.02737771334491368f,-0.9862224815606189f,-0.15362980229176088f,0f,0f,0f,1f],start_interpolation:0}
execute if entity @s[tag=aj.melissa.bone.torso] run data modify entity @s {} merge value {transformation:[-0.9928379015027015f,0.004581688875285137f,0.11938136147138835f,-0.25881345825262664f,0.01166030863002485f,0.9982097220413247f,0.05866334481457526f,0.703110617375157f,-0.11889885845694552f,0.05963521568026123f,-0.9911138695974363f,-0.2511861754197619f,0f,0f,0f,1f],start_interpolation:0}