execute if entity @s[tag=aj.melissa.bone.rightleg] run data modify entity @s {} merge value {transformation:[-0.9997620270799091f,0.021814885034561124f,1.22435536637248e-16f,-0.38541666666666663f,0.021809693682668f,0.999524110790929f,-0.021814885034561127f,0.650878081932641f,-0.00047588920907124134f,-0.021809693682668004f,-0.9997620270799091f,-0.2560759431859477f,0f,0f,0f,1f],start_interpolation:0}
execute if entity @s[tag=aj.melissa.bone.leftleg] run data modify entity @s {} merge value {transformation:[-0.9982498341507551f,-0.05913770893423172f,1.22435536637248e-16f,-0.11458333333333331f,-0.05912363576094915f,0.998012277722742f,-0.021814885034561127f,0.650878081932641f,0.001290082321607481f,-0.02177670536776844f,-0.9997620270799091f,-0.2560759431859476f,0f,0f,0f,1f],start_interpolation:0}
execute if entity @s[tag=aj.melissa.bone.head] run data modify entity @s {} merge value {transformation:[-0.9695679515628444f,0.16611861536505618f,0.17984046522244732f,-0.2680371998037255f,0.21447935238979882f,0.9305537613737611f,0.2967630445180091f,1.3313612870643812f,-0.11805335531310523f,0.32630400368727f,-0.937864117277645f,-0.16129253693673334f,0f,0f,0f,1f],start_interpolation:0}
execute if entity @s[tag=aj.melissa.bone.broom] run data modify entity @s {} merge value {transformation:[-0.39630297392467484f,0.08608355076684004f,0.9140752568283594f,-0.5495865398212993f,0.02790939701895437f,0.9962641936304234f,-0.08172344858093061f,0.6334981227926803f,-0.9176954932963857f,-0.0068759564639776505f,-0.39722500274555805f,0.05701443986892896f,0f,0f,0f,1f],start_interpolation:0}
execute if entity @s[tag=aj.melissa.bone.rightarm] run data modify entity @s {} merge value {transformation:[-0.9765704854668865f,0.07842029112972884f,0.20040046121228916f,-0.5126019231668839f,-0.16301629163259146f,0.3383454334262592f,-0.9267945059946967f,1.1851262786960954f,-0.14048407588523157f,-0.9377487006755728f,-0.3176343791278696f,-0.37391137172961014f,0f,0f,0f,1f],start_interpolation:0}
execute if entity @s[tag=aj.melissa.bone.leftarm] run data modify entity @s {} merge value {transformation:[-0.7990510140187028f,0.5298693258753383f,0.2841759569212314f,0.011211325668233574f,0.43728505539515866f,0.8365158451303683f,-0.330186343106251f,1.1540389134418856f,-0.41267330580464734f,-0.13956983320990435f,-0.9001227718117255f,-0.032631745183298644f,0f,0f,0f,1f],start_interpolation:0}
execute if entity @s[tag=aj.melissa.bone.torso] run data modify entity @s {} merge value {transformation:[-0.95512279185919f,0.0045851569811555335f,0.2961746592917169f,-0.2710462090726088f,0.04586164742954172f,0.990112152251117f,0.13256936018443047f,0.6816001871495857f,-0.29263827802622616f,0.14020307521634115f,-0.9458889659646773f,-0.2533008050474572f,0f,0f,0f,1f],start_interpolation:0}