execute if entity @s[tag=aj.melissa.bone.rightleg] run data modify entity @s {} merge value {transformation:[-0.9990482215818578f,0.04361938736533601f,1.223481206754078e-16f,-0.390625f,0.04357787137382909f,0.9980973490458729f,-0.043619387365336014f,0.6456723269899024f,-0.0019026509541273569f,-0.0435778713738291f,-0.9990482215818578f,-0.26203000809196525f,0f,0f,0f,1f],start_interpolation:0}
execute if entity @s[tag=aj.melissa.bone.leftleg] run data modify entity @s {} merge value {transformation:[-0.9981992592748803f,-0.0599853213968235f,1.223481206754078e-16f,-0.10937499999999997f,-0.059928228662512684f,0.997249194762897f,-0.043619387365336014f,0.6456723269899024f,0.002616522970242101f,-0.04354084015810249f,-0.9990482215818578f,-0.2620300080919652f,0f,0f,0f,1f],start_interpolation:0}
execute if entity @s[tag=aj.melissa.bone.head] run data modify entity @s {} merge value {transformation:[-0.9609886138858696f,0.2515679078810699f,0.11495421569501672f,-0.25761505886973546f,0.27624378921374465f,0.8522440515909889f,0.4442628112374569f,1.3073728015396766f,0.01379321944098423f,0.45868689130180906f,-0.888490901948543f,-0.11695755608599731f,0f,0f,0f,1f],start_interpolation:0}
execute if entity @s[tag=aj.melissa.bone.broom] run data modify entity @s {} merge value {transformation:[0.011008306807485824f,-0.30078141678595094f,0.9536295698527116f,-0.3590337960387017f,0.02918664642778715f,0.9533776683011064f,0.300365046659967f,0.6106577303340366f,-0.9995133600165287f,0.02452673849049608f,0.0192738747398448f,0.16222493337669186f,0f,0f,0f,1f],start_interpolation:0}
execute if entity @s[tag=aj.melissa.bone.rightarm] run data modify entity @s {} merge value {transformation:[-0.920998601649604f,-0.09910316551856341f,0.37674943708474784f,-0.5274342432425869f,-0.389510661964492f,0.25054585157508447f,-0.8862890163341182f,1.1680807384565859f,-0.006558961461787083f,-0.9630188673347556f,-0.26935411855367436f,-0.3470003867442262f,0f,0f,0f,1f],start_interpolation:0}
execute if entity @s[tag=aj.melissa.bone.leftarm] run data modify entity @s {} merge value {transformation:[-0.765643344365428f,0.5332953064759972f,0.35970319058856715f,-0.040591348142577977f,0.3822096760415583f,0.826924063492927f,-0.4124467926370056f,1.045495049203804f,-0.5174031626972626f,-0.1783051017414199f,-0.8369595318316484f,0.047051214453039336f,0f,0f,0f,1f],start_interpolation:0}
execute if entity @s[tag=aj.melissa.bone.torso] run data modify entity @s {} merge value {transformation:[-0.9344938174214351f,0.005995736697422502f,0.35592886416047914f,-0.261549761077419f,0.08269562763089713f,0.9761615095149662f,0.20067421486627257f,0.6667668109204801f,-0.34624086756454053f,0.21696257392213553f,-0.9127127166558141f,-0.25933924522239876f,0f,0f,0f,1f],start_interpolation:0}