execute if entity @s[tag=aj.melissa.bone.rightleg] run data modify entity @s {} merge value {transformation:[-0.9990482215818578f,0.04361938736533601f,1.223481206754078e-16f,-0.390625f,0.04357787137382909f,0.9980973490458729f,-0.043619387365336014f,0.6456723269899024f,-0.0019026509541273569f,-0.0435778713738291f,-0.9990482215818578f,-0.26203000809196525f,0f,0f,0f,1f],start_interpolation:0}
execute if entity @s[tag=aj.melissa.bone.leftleg] run data modify entity @s {} merge value {transformation:[-0.9963789266895355f,-0.08502372874091742f,1.223481206754078e-16f,-0.10937499999999997f,-0.08494280499087184f,0.9954305947308207f,-0.043619387365336014f,0.6456723269899024f,0.0037086829591952077f,-0.0434614383659286f,-0.9990482215818578f,-0.2620300080919652f,0f,0f,0f,1f],start_interpolation:0}
execute if entity @s[tag=aj.melissa.bone.head] run data modify entity @s {} merge value {transformation:[-0.9396913719769717f,0.2158985066716503f,0.26526959917975523f,-0.2797228100504714f,0.31497909603399105f,0.8485386928092004f,0.4251708549127792f,1.3074551654205564f,-0.1332977662740321f,0.4830837625325499f,-0.8653680048879486f,-0.11727152580210662f,0f,0f,0f,1f],start_interpolation:0}
execute if entity @s[tag=aj.melissa.bone.broom] run data modify entity @s {} merge value {transformation:[0.2608469262529616f,0.07403527684644395f,0.9625370947899372f,-0.5464540532004466f,0.09521061489867563f,0.9902210563372746f,-0.10196665335739763f,0.579194882424372f,-0.9606736281771233f,0.11824143676631325f,0.2512471746237952f,0.09398759659501232f,0f,0f,0f,1f],start_interpolation:0}
execute if entity @s[tag=aj.melissa.bone.rightarm] run data modify entity @s {} merge value {transformation:[-0.9095273440526284f,0.15028186796048648f,0.38752467093448206f,-0.47721047208358425f,-0.33883223731830214f,0.27191948908937397f,-0.9006955681068088f,1.175955345043736f,-0.240733722968855f,-0.9505130991289283f,-0.19639786915818064f,-0.3903391371625853f,0f,0f,0f,1f],start_interpolation:0}
execute if entity @s[tag=aj.melissa.bone.leftarm] run data modify entity @s {} merge value {transformation:[-0.5745574587030043f,0.7483141683798453f,0.33152621623444123f,-0.08635740155923055f,0.5677711784325323f,0.6561590427467714f,-0.4970826888586788f,1.0420524491429193f,-0.5895079436191499f,-0.09737153600319137f,-0.8018722893243664f,0.0691402280962668f,0f,0f,0f,1f],start_interpolation:0}
execute if entity @s[tag=aj.melissa.bone.torso] run data modify entity @s {} merge value {transformation:[-0.8900880303365918f,-0.000007917057405828494f,0.45578865517786493f,-0.2797176144815488f,0.09867404903050525f,0.9762813115235185f,0.1927128247363011f,0.6667705547332473f,-0.44497947177308295f,0.2165058906987038f,-0.8689755284202824f,-0.259353516573131f,0f,0f,0f,1f],start_interpolation:0}