execute if entity @s[tag=aj.melissa.bone.head] run data modify entity @s {} merge value {transformation:[-1f,-1.1034239536825967e-18f,1.2245970881149856e-16f,-0.24999999999999997f,0f,0.9999594078615954f,0.009010140347819823f,1.374972092904847f,-1.2246467991473532e-16f,0.009010140347819823f,-0.9999594078615954f,-0.24380552851087392f,0f,0f,0f,1f],start_interpolation:0}
execute if entity @s[tag=aj.melissa.bone.broom] run data modify entity @s {} merge value {transformation:[-0.9897580262152017f,0.015764964765535315f,0.14188204759070056f,-0.7396815618488923f,0.028340923362706577f,0.9958000678514579f,0.08705754952892619f,0.6834027516139256f,-0.1399136934168259f,0.09018697662619402f,-0.9860479033198585f,-0.034696005148115494f,0f,0f,0f,1f],start_interpolation:0}
execute if entity @s[tag=aj.melissa.bone.rightarm] run data modify entity @s {} merge value {transformation:[-0.9299751447519092f,0.34896927651089193f,-0.11561433386535722f,-0.588399259617308f,0.3676224000672691f,0.8827597593072529f,-0.2925559404910141f,1.2732785923186158f,-0.0000333533566615786f,-0.3145721720039229f,-0.9492335579235956f,-0.25511925970045074f,0f,0f,0f,1f],start_interpolation:0}
execute if entity @s[tag=aj.melissa.bone.leftarm] run data modify entity @s {} merge value {transformation:[-0.9977089762227948f,-0.06764566327148998f,0.0009289806364339751f,0.09374984170703568f,-0.06764016262551403f,0.9976970542642657f,0.005039475409295946f,1.2812288707590354f,-0.0012677399010409074f,0.004965093449984261f,-0.999986870255093f,-0.24498010422532218f,0f,0f,0f,1f],start_interpolation:0}
execute if entity @s[tag=aj.melissa.bone.torso] run data modify entity @s {} merge value {transformation:[-0.9999995395113764f,-1.1034239536825967e-18f,-0.000959675484269533f,-0.24999999999999997f,-0.00000864681080163155f,0.9999594078615954f,0.009010136198752697f,0.7187487314956749f,0.000959636528989452f,0.009010140347819823f,-0.9999589473916641f,-0.2497184331141307f,0f,0f,0f,1f],start_interpolation:0}