execute if entity @s[tag=aj.melissa.bone.rightleg] run data modify entity @s {} merge value {transformation:[-0.9997240202854144f,0.023492195818361792f,1.2243088214732564e-16f,-0.38f,0.023485712448864847f,0.9994481167356317f,-0.023492195818361785f,0.6504718190722983f,-0.0005518832643683774f,-0.02348571244886484f,-0.9997240202854144f,-0.2565381851452679f,0f,0f,0f,1f],start_interpolation:0}
execute if entity @s[tag=aj.melissa.bone.leftleg] run data modify entity @s {} merge value {transformation:[-0.9997240202854144f,-0.023492195818361785f,1.2243088214732564e-16f,-0.11999999999999997f,-0.023485712448864847f,0.9994481167356317f,-0.023492195818361785f,0.6504718190722983f,0.0005518832643681326f,-0.023485712448864847f,-0.9997240202854144f,-0.2565381851452679f,0f,0f,0f,1f],start_interpolation:0}
execute if entity @s[tag=aj.melissa.bone.head] run data modify entity @s {} merge value {transformation:[-0.9900782124268162f,0.1391497905952561f,0.019556816075649713f,-0.24998783807983072f,0.13952704775895772f,0.9570377852484122f,0.25418670411822025f,1.342577225482525f,0.016653414706598323f,0.2543934224466319f,-0.9669574191217004f,-0.17748667091289477f,0f,0f,0f,1f],start_interpolation:0}
execute if entity @s[tag=aj.melissa.bone.broom] run data modify entity @s {} merge value {transformation:[-0.718066278803389f,0.13275998599051309f,0.6831951444245284f,-0.5663083852195591f,0.17105301542212978f,0.9851928164087902f,-0.011661063909973235f,0.5794565866765562f,-0.6746270711737339f,0.10848917280685f,-0.7301427355135672f,0.07560708789414033f,0f,0f,0f,1f],start_interpolation:0}
execute if entity @s[tag=aj.melissa.bone.rightarm] run data modify entity @s {} merge value {transformation:[-0.9971534479963733f,-0.013854416566622868f,0.07411515560627716f,-0.5678007877378485f,-0.06452364185125702f,0.6653560050264437f,-0.743732536747924f,1.2151988386570012f,-0.03900898346784892f,-0.7463976431613712f,-0.6643559719698134f,-0.32871003232790874f,0f,0f,0f,1f],start_interpolation:0}
execute if entity @s[tag=aj.melissa.bone.leftarm] run data modify entity @s {} merge value {transformation:[-0.8781750124475194f,0.26579948558016303f,0.397692445211271f,0.025618992561219106f,0.14938189013761638f,0.9422118245077271f,-0.29986985286409384f,1.1641952906115136f,-0.4544157770277262f,-0.20393016261245123f,-0.8671325102688441f,-0.0401910138563632f,0f,0f,0f,1f],start_interpolation:0}
execute if entity @s[tag=aj.melissa.bone.torso] run data modify entity @s {} merge value {transformation:[-0.9539164702968415f,0.00001769006570073703f,0.3000722702674755f,-0.24999944718544684f,0.03518576663539958f,0.993108120712491f,0.11179544892876259f,0.6908500212649529f,-0.29800223073442667f,0.11720179291276196f,-0.9473428155717124f,-0.2544003475118948f,0f,0f,0f,1f],start_interpolation:0}