execute if entity @s[tag=aj.melissa.bone.head] run data modify entity @s {} merge value {transformation:[-1f,-2.7594026842428625e-18f,1.2243358821599885e-16f,-0.24999999999999997f,0f,0.9997461170130185f,0.022532232854109987f,1.3748254554464503f,-1.2246467991473532e-16f,0.022532232854109987f,-0.9997461170130185f,-0.23450908991279945f,0f,0f,0f,1f],start_interpolation:0}
execute if entity @s[tag=aj.melissa.bone.broom] run data modify entity @s {} merge value {transformation:[-0.9971113728685942f,-0.012128102433449195f,0.07497879185123764f,-0.6939949990909151f,0.0049742013649707595f,0.9746226943484619f,0.2237987063897494f,0.6773986812684822f,-0.07579028576861406f,0.22352519498326873f,-0.9717470451670039f,-0.04314589627547702f,0f,0f,0f,1f],start_interpolation:0}
execute if entity @s[tag=aj.melissa.bone.rightarm] run data modify entity @s {} merge value {transformation:[-0.9406901530707901f,0.3046201225104144f,-0.14936069388361056f,-0.5825398388157869f,0.33906798681949346f,0.8592029089743842f,-0.383149137444066f,1.2647876686788373f,0.011616205483259713f,-0.411068050536278f,-0.9115306476462952f,-0.25937351477758774f,0f,0f,0f,1f],start_interpolation:0}
execute if entity @s[tag=aj.melissa.bone.leftarm] run data modify entity @s {} merge value {transformation:[-0.9926493236753643f,-0.12102581050012627f,0.0002709236597656556f,0.09374999640605788f,-0.12099132414464274f,0.9924151655961535f,0.021754047358712617f,1.2811003769973635f,-0.002901669961916575f,0.021561360985490767f,-0.9997633160022853f,-0.23667118161939488f,0f,0f,0f,1f],start_interpolation:0}
execute if entity @s[tag=aj.melissa.bone.torso] run data modify entity @s {} merge value {transformation:[-0.9999999895448957f,-2.7594026842428625e-18f,-0.00014460362592085536f,-0.24999999999999997f,-0.000003258242570800086f,0.9997461170130185f,0.02253223261853314f,0.7187420661566568f,0.00014456691352037816f,0.022532232854109987f,-0.9997461065605685f,-0.2492958677233091f,0f,0f,0f,1f],start_interpolation:0}