execute if entity @s[tag=aj.melissa.bone.rightleg] run data modify entity @s {} merge value {transformation:[-0.9991618114221426f,0.04093500452696695f,1.223620314188398e-16f,-0.390625f,0.0409006932737379f,0.9983243254043772f,-0.040935004526966946f,0.6463043761918968f,-0.0016756745956229267f,-0.040900693273737895f,-0.9991618114221426f,-0.26130342287874514f,0f,0f,0f,1f],start_interpolation:0}
execute if entity @s[tag=aj.melissa.bone.leftleg] run data modify entity @s {} merge value {transformation:[-0.9985012820710784f,-0.05472832632570427f,1.223620314188398e-16f,-0.10937499999999997f,-0.05468245366769282f,0.9976643497014703f,-0.040935004526966946f,0.6463043761918968f,0.0022403042858959066f,-0.0408736545017619f,-0.9991618114221426f,-0.2613034228787451f,0f,0f,0f,1f],start_interpolation:0}
execute if entity @s[tag=aj.melissa.bone.head] run data modify entity @s {} merge value {transformation:[-0.9627928245123413f,0.2520660775944045f,0.0974303320004584f,-0.2548840077775291f,0.268689562532527f,0.8543160486592076f,0.44491573133504425f,1.3070872916878837f,0.028911867003484096f,0.45454018692464326f,-0.8902568856329521f,-0.11789357246029242f,0f,0f,0f,1f],start_interpolation:0}
execute if entity @s[tag=aj.melissa.bone.broom] run data modify entity @s {} merge value {transformation:[-0.005702240857743124f,-0.3587061550370413f,0.9334331142549758f,-0.3411767020972891f,0.01565565352113857f,0.9333018620245759f,0.3587513551950516f,0.6221281979468114f,-0.9998611828459124f,0.016659192057297406f,0.00029386726891504796f,0.1647563041440372f,0f,0f,0f,1f],start_interpolation:0}
execute if entity @s[tag=aj.melissa.bone.rightarm] run data modify entity @s {} merge value {transformation:[-0.9185949916893817f,-0.11582691070012746f,0.3778456933734315f,-0.5364139949388892f,-0.39509369670294614f,0.24695226663526346f,-0.8848251515578125f,1.165140294850928f,0.009176713397771985f,-0.962080404520002f,-0.2726115976436892f,-0.34007484132325727f,0f,0f,0f,1f],start_interpolation:0}
execute if entity @s[tag=aj.melissa.bone.leftarm] run data modify entity @s {} merge value {transformation:[-0.7804763973827022f,0.50926330624038f,0.3626395980110765f,-0.028640475919849778f,0.3567038090504452f,0.8391093952189874f,-0.4106796993572101f,1.0553069800014978f,-0.5134383952699892f,-0.1911708863094536f,-0.8365612389360604f,0.04023621150952589f,0f,0f,0f,1f],start_interpolation:0}
execute if entity @s[tag=aj.melissa.bone.torso] run data modify entity @s {} merge value {transformation:[-0.9387043734854851f,0.0044827081232161545f,0.34469407382069217f,-0.2578257849833897f,0.0779377672882294f,0.9767843197664661f,0.19954472453183966f,0.6660725818411404f,-0.3357972656668731f,0.21417819213506312f,-0.9172610851793548f,-0.25844801104892756f,0f,0f,0f,1f],start_interpolation:0}