execute if entity @s[tag=aj.melissa.bone.head] run data modify entity @s {} merge value {transformation:[-1f,-3.9419533073031015e-18f,1.224012207077267e-16f,-0.24999999999999997f,0f,0.999481816250589f,0.03218849149034352f,1.37464374867228f,-1.2246467991473532e-16f,0.03218849149034352f,-0.999481816250589f,-0.22787041210038889f,0f,0f,0f,1f],start_interpolation:0}
execute if entity @s[tag=aj.melissa.bone.broom] run data modify entity @s {} merge value {transformation:[-0.9998994755374297f,-0.01168208381705857f,-0.008035405258273398f,-0.6568003459374048f,-0.013321650504506538f,0.9680820035619906f,0.2502793799082093f,0.6769541755793675f,0.004855146528092796f,0.2503612655685646f,-0.9681403122766337f,-0.017377606373302767f,0f,0f,0f,1f],start_interpolation:0}
execute if entity @s[tag=aj.melissa.bone.rightarm] run data modify entity @s {} merge value {transformation:[-0.948653879076673f,0.24802157055695942f,-0.1963189197485575f,-0.5782845566151759f,0.31538445076728294f,0.7892405591768091f,-0.5269079501815254f,1.2587824523104605f,0.02425831665636864f,-0.5617692055361674f,-0.8269382647962681f,-0.2626970740965457f,0f,0f,0f,1f],start_interpolation:0}
execute if entity @s[tag=aj.melissa.bone.leftarm] run data modify entity @s {} merge value {transformation:[-0.9859641312557713f,-0.1669538434676605f,-0.0010705271730531705f,0.09374994668360678f,-0.1668890258529147f,0.9853575026327808f,0.03490909702576989f,1.2809361657511082f,-0.004773355938697556f,0.03459777675899655f,-0.9993899183584041f,-0.23069672738521463f,0f,0f,0f,1f],start_interpolation:0}
execute if entity @s[tag=aj.melissa.bone.torso] run data modify entity @s {} merge value {transformation:[-0.9999998448977652f,-3.9419533073031015e-18f,0.0005569600036781631f,-0.24999999999999997f,0.000017927702338852312f,0.999481816250589f,0.03218848649783656f,0.7187338067578309f,-0.0005566713960551854f,0.03218849149034352f,-0.9994816612287256f,-0.24899410964092683f,0f,0f,0f,1f],start_interpolation:0}