execute if entity @s[tag=aj.melissa.bone.rightleg] run data modify entity @s {} merge value {transformation:[-0.9998516209540834f,0.01722602901112003f,1.224465087223711e-16f,-0.3833333333333333f,0.017223473029370426f,0.9997032639245081f,-0.017226029011120032f,0.6519944980442538f,-0.00029673607549207133f,-0.01722347302937043f,-0.9998516209540834f,-0.2548077258978984f,0f,0f,0f,1f],start_interpolation:0}
execute if entity @s[tag=aj.melissa.bone.leftleg] run data modify entity @s {} merge value {transformation:[-0.9989074389918311f,-0.04673251894325124f,1.224465087223711e-16f,-0.11666666666666664f,-0.046725584816677164f,0.9987592220590745f,-0.017226029011120032f,0.6519944980442538f,0.0008050157270790401f,-0.017207208523496904f,-0.9998516209540834f,-0.25480772589789835f,0f,0f,0f,1f],start_interpolation:0}
execute if entity @s[tag=aj.melissa.bone.head] run data modify entity @s {} merge value {transformation:[-0.9806465443421467f,0.13870253338751104f,0.13818090425848456f,-0.2630296450715259f,0.168958668430198f,0.9561221027641957f,0.23933970203053906f,1.3416143118617516f,-0.09892079372963246f,0.2580545133061214f,-0.9610528313939042f,-0.17958267741807366f,0f,0f,0f,1f],start_interpolation:0}
execute if entity @s[tag=aj.melissa.bone.broom] run data modify entity @s {} merge value {transformation:[-0.646042702485751f,0.056110077485005766f,0.7612361563729969f,-0.5468463858891986f,0.022632286564199633f,0.9982641315711586f,-0.054373736521930505f,0.6437924752308695f,-0.7629656651316513f,-0.017899240852812415f,-0.6461911567076026f,0.054978308384926455f,0f,0f,0f,1f],start_interpolation:0}
execute if entity @s[tag=aj.melissa.bone.rightarm] run data modify entity @s {} merge value {transformation:[-0.9925077542204773f,0.06009857671021937f,0.10637912807327578f,-0.5242786287394008f,-0.07773181689802897f,0.3611508119605606f,-0.9292619951671107f,1.1920637876997489f,-0.09426623177976215f,-0.9305687788109127f,-0.35377340975320704f,-0.3655163725342214f,0f,0f,0f,1f],start_interpolation:0}
execute if entity @s[tag=aj.melissa.bone.leftarm] run data modify entity @s {} merge value {transformation:[-0.8786987058935659f,0.39809390203040274f,0.26345745278352006f,0.0348536448087054f,0.3481788552200745f,0.9120103462736276f,-0.2168146975356983f,1.1841770404545975f,-0.3265885317009937f,-0.09878447983396005f,-0.9399901901112175f,-0.07374775841898465f,0f,0f,0f,1f],start_interpolation:0}
execute if entity @s[tag=aj.melissa.bone.torso] run data modify entity @s {} merge value {transformation:[-0.972208388887939f,0.0053982586799382224f,0.23405492385152327f,-0.26657225233023535f,0.031206109589061327f,0.9938012566884815f,0.10670164445176288f,0.6894322371599356f,-0.23202807437944525f,0.11104017744771214f,-0.9663503772918739f,-0.25245279386813474f,0f,0f,0f,1f],start_interpolation:0}