execute if entity @s[tag=aj.melissa.bone.leftleg] run data modify entity @s {} merge value {transformation:[-0.9963789266895355f,-0.08502372874091747f,1.223481206754078e-16f,-0.10937499999999997f,-0.0849428049908719f,0.9954305947308207f,-0.043619387365336014f,0.6456723269899024f,0.0037086829591952103f,-0.0434614383659286f,-0.9990482215818578f,-0.2620300080919652f,0f,0f,0f,1f],start_interpolation:0}
execute if entity @s[tag=aj.melissa.bone.head] run data modify entity @s {} merge value {transformation:[-0.9394807367560314f,0.21526232584807334f,0.2665296912818953f,-0.2798932452678109f,0.31503343226183145f,0.8485402650414556f,0.42512745754738823f,1.3074597890322541f,-0.134647249588228f,0.48336482047606055f,-0.8650020627168882f,-0.11729248022438202f,0f,0f,0f,1f],start_interpolation:0}
execute if entity @s[tag=aj.melissa.bone.broom] run data modify entity @s {} merge value {transformation:[0.2676448521693632f,0.08690621625675088f,0.9595902993898879f,-0.5548184352450225f,0.09904595372567263f,0.9881664186685057f,-0.11711971681331229f,0.5984017216098991f,-0.958413340974452f,0.12639002568159202f,0.2558699459694219f,0.07891073219624495f,0f,0f,0f,1f],start_interpolation:0}
execute if entity @s[tag=aj.melissa.bone.rightarm] run data modify entity @s {} merge value {transformation:[-0.9082158279890604f,0.15721456081711682f,0.3878499602387843f,-0.476832672678802f,-0.336719252064349f,0.27583946585132924f,-0.9002959148902532f,1.1759936685850203f,-0.2485239527276412f,-0.948259548302011f,-0.19758459953826038f,-0.39077195092399913f,0f,0f,0f,1f],start_interpolation:0}
execute if entity @s[tag=aj.melissa.bone.leftarm] run data modify entity @s {} merge value {transformation:[-0.5671524942329473f,0.7587764742218812f,0.32030658821316416f,-0.08697815303155898f,0.5776808060945161f,0.6436834540611039f,-0.5019526842621292f,1.0420215628610974f,-0.5870459390502049f,-0.09964874878982483f,-0.8033972817412851f,0.06953482044280723f,0f,0f,0f,1f],start_interpolation:0}
execute if entity @s[tag=aj.melissa.bone.torso] run data modify entity @s {} merge value {transformation:[-0.8891264693663131f,-0.0002558228280814105f,0.4576615081333314f,-0.2797253615368825f,0.09885040443595376f,0.9762880367768971f,0.19258833502878717f,0.6667707648974154f,-0.4468587237763666f,0.2164754115390305f,-0.8680182470339921f,-0.25935446904687076f,0f,0f,0f,1f],start_interpolation:0}