execute if entity @s[tag=aj.melissa.bone.rightleg] run data modify entity @s {} merge value {transformation:[-0.9996398622810934f,0.026835531271743193f,1.224205757642642e-16f,-0.380625f,0.026825866784725337f,0.9992798542613633f,-0.026835531271743193f,0.6496649145229384f,-0.0007201457386368292f,-0.026825866784725337f,-0.9996398622810934f,-0.2574574587404512f,0f,0f,0f,1f],start_interpolation:0}
execute if entity @s[tag=aj.melissa.bone.leftleg] run data modify entity @s {} merge value {transformation:[-0.9996398622810934f,-0.026835531271743186f,1.224205757642642e-16f,-0.11937499999999998f,-0.026825866784725337f,0.9992798542613633f,-0.026835531271743193f,0.6496649145229384f,0.0007201457386365843f,-0.026825866784725344f,-0.9996398622810934f,-0.2574574587404511f,0f,0f,0f,1f],start_interpolation:0}
execute if entity @s[tag=aj.melissa.bone.head] run data modify entity @s {} merge value {transformation:[-0.9870590849942971f,0.15831151353470985f,0.025530910923239215f,-0.24998646599703897f,0.1588910756884168f,0.9440815628348214f,0.28890072478610895f,1.3372106339992413f,0.02163304871715528f,0.28921871896146456f,-0.9570185702511163f,-0.1673461606710629f,0f,0f,0f,1f],start_interpolation:0}
execute if entity @s[tag=aj.melissa.bone.broom] run data modify entity @s {} merge value {transformation:[-0.6499300172501686f,0.05196266241004141f,0.7582155725072228f,-0.5022955522425488f,0.043259765258655936f,0.9985717589412753f,-0.03135338824901768f,0.6360078253802436f,-0.7587618634241982f,0.012422719516584635f,-0.6512496530923074f,0.15860805634588226f,0f,0f,0f,1f],start_interpolation:0}
execute if entity @s[tag=aj.melissa.bone.rightarm] run data modify entity @s {} merge value {transformation:[-0.9877249559821442f,-0.08191963954636405f,0.13299843603089945f,-0.5642884694050615f,-0.15619661403724394f,0.5102193934211644f,-0.8457415611995425f,1.206485137729389f,0.0014244624851966203f,-0.8561339516883634f,-0.5167519982284494f,-0.3307283358622052f,0f,0f,0f,1f],start_interpolation:0}
execute if entity @s[tag=aj.melissa.bone.leftarm] run data modify entity @s {} merge value {transformation:[-0.8413820172532019f,0.3758093844176835f,0.3883859003961577f,0.015739612682566545f,0.22342615849104802f,0.8962376340643361f,-0.38319558320614056f,1.1455110661845023f,-0.4920945567112742f,-0.2356383030628994f,-0.838043875572617f,-0.02284131152269142f,0f,0f,0f,1f],start_interpolation:0}
execute if entity @s[tag=aj.melissa.bone.torso] run data modify entity @s {} merge value {transformation:[-0.9494364361100781f,0.00001968582248871897f,0.3139593180637612f,-0.2499993848180472f,0.042023568875330194f,0.9910095204555271f,0.12702027407263197f,0.6868606362003017f,-0.31113417273834443f,0.13379136735594924f,-0.9409013745209704f,-0.2551467454984046f,0f,0f,0f,1f],start_interpolation:0}