execute if entity @s[tag=aj.melissa.bone.leftleg] run data modify entity @s {} merge value {transformation:[-0.9985012820710784f,-0.054728326325704235f,1.223481206754078e-16f,-0.10937499999999997f,-0.054676237085846395f,0.9975509301003158f,-0.043619387365336014f,0.6456723269899024f,0.0023872160658572877f,-0.043554014207443016f,-0.9990482215818578f,-0.2620300080919652f,0f,0f,0f,1f],start_interpolation:0}
execute if entity @s[tag=aj.melissa.bone.head] run data modify entity @s {} merge value {transformation:[-0.9627928543794858f,0.2520653776875538f,0.09743184760145598f,-0.25488420752823465f,0.26861098322937427f,0.8530917004969288f,0.4473060364356904f,1.3074029389119621f,0.029632064463201276f,0.45683431998317425f,-0.8890581223076248f,-0.1170680715247999f,0f,0f,0f,1f],start_interpolation:0}
execute if entity @s[tag=aj.melissa.bone.broom] run data modify entity @s {} merge value {transformation:[0.009170988821827625f,-0.2468770713795945f,0.9690034079357329f,-0.36196418226785965f,0.02740443777147636f,0.9687422357031709f,0.24655116620136217f,0.6437106310246746f,-0.9995823576646695f,0.024293875603882298f,0.015649851554692312f,0.13233652074176416f,0f,0f,0f,1f],start_interpolation:0}
execute if entity @s[tag=aj.melissa.bone.rightarm] run data modify entity @s {} merge value {transformation:[-0.9208465906195975f,-0.10019245433132767f,0.3768328921940439f,-0.5353459479703144f,-0.3898209815806116f,0.2588794652545877f,-0.8837539390514915f,1.1663948351350486f,-0.009008821442986203f,-0.9606991696491485f,-0.2774453938555205f,-0.34118974971123084f,0f,0f,0f,1f],start_interpolation:0}
execute if entity @s[tag=aj.melissa.bone.leftarm] run data modify entity @s {} merge value {transformation:[-0.740531347878256f,0.6042755357148993f,0.2940482949212335f,-0.03616576981773867f,0.46840392342421816f,0.7778790691567686f,-0.41892949083180875f,1.0461664816838445f,-0.48188285643962536f,-0.17249704549432354f,-0.859088867327075f,0.04570748997133445f,0f,0f,0f,1f],start_interpolation:0}
execute if entity @s[tag=aj.melissa.bone.torso] run data modify entity @s {} merge value {transformation:[-0.9367245703958549f,0.004482417576735295f,0.350038550947419f,-0.2578257940629672f,0.07998948544358063f,0.9762053456928359f,0.2015559606144212f,0.6667681808010385f,-0.3408060466528906f,0.21680182419296815f,-0.914794079337765f,-0.25934426865143523f,0f,0f,0f,1f],start_interpolation:0}