execute if entity @s[tag=aj.melissa.bone.leftleg] run data modify entity @s {} merge value {transformation:[-0.9961946980917455f,-0.08715574274765818f,1.223481206754078e-16f,-0.10937499999999997f,-0.08707278979269381f,0.9952465414778341f,-0.043619387365336014f,0.6456723269899024f,0.0038016801040235554f,-0.043453402427357825f,-0.9990482215818578f,-0.2620300080919652f,0f,0f,0f,1f],start_interpolation:0}
execute if entity @s[tag=aj.melissa.bone.head] run data modify entity @s {} merge value {transformation:[-0.9372411445906471f,0.21407849504772777f,0.2752261521812817f,-0.2812500474291149f,0.31807982111187516f,0.8482943536784844f,0.42334609590574934f,1.3074652580624175f,-0.14284349578420277f,0.4843212647358181f,-0.8631504204000864f,-0.11731704334869922f,0f,0f,0f,1f],start_interpolation:0}
execute if entity @s[tag=aj.melissa.bone.broom] run data modify entity @s {} merge value {transformation:[0.29682800796799413f,0.105753230767413f,0.9490571046401829f,-0.5729187881590644f,0.10230519619166537f,0.9846072596003195f,-0.14171164798468028f,0.5859554675590133f,-0.9494349796157382f,0.13915745946446206f,0.281439906476426f,0.07752448128059203f,0f,0f,0f,1f],start_interpolation:0}
execute if entity @s[tag=aj.melissa.bone.rightarm] run data modify entity @s {} merge value {transformation:[-0.9024151114713339f,0.18667495055007305f,0.3883290221259651f,-0.47300324813654615f,-0.33132833413907403f,0.27550819780834146f,-0.9023950176818497f,1.1765161193317084f,-0.27544237434499186f,-0.9429993084713941f,-0.186772060645231f,-0.3929360658854993f,0f,0f,0f,1f],start_interpolation:0}
execute if entity @s[tag=aj.melissa.bone.leftarm] run data modify entity @s {} merge value {transformation:[-0.5537003992399708f,0.7617793430701583f,0.3363154774212681f,-0.08949681869538853f,0.5741576746438506f,0.6417769187269591f,-0.5083948772724763f,1.0417941501528702f,-0.6031242264484684f,-0.08840033405439435f,-0.7927335923309974f,0.07037335782382986f,0f,0f,0f,1f],start_interpolation:0}
execute if entity @s[tag=aj.melissa.bone.torso] run data modify entity @s {} merge value {transformation:[-0.8870108206452465f,-6.898780360045617e-8f,0.46174863731064963f,-0.2812500021558688f,0.09994066910818974f,0.9762959917298621f,0.1919843722556926f,0.6667710134896956f,-0.45080335703769325f,0.2164396833582055f,-0.8659851019222823f,-0.2593555855525216f,0f,0f,0f,1f],start_interpolation:0}