execute if entity @s[tag=aj.melissa.bone.rightleg] run data modify entity @s {} merge value {transformation:[-0.9990482215818578f,0.04361938736533601f,1.223481206754078e-16f,-0.38749999999999996f,0.04357787137382909f,0.9980973490458729f,-0.043619387365336014f,0.6456723269899024f,-0.0019026509541273569f,-0.0435778713738291f,-0.9990482215818578f,-0.26203000809196525f,0f,0f,0f,1f],start_interpolation:0}
execute if entity @s[tag=aj.melissa.bone.leftleg] run data modify entity @s {} merge value {transformation:[-0.9978589232386035f,-0.06540312923014306f,1.223481206754078e-16f,-0.11249999999999996f,-0.06534087994326285f,0.9969091826511144f,-0.043619387365336014f,0.6456723269899024f,0.0028528444287946185f,-0.043525994908701744f,-0.9990482215818578f,-0.2620300080919652f,0f,0f,0f,1f],start_interpolation:0}
execute if entity @s[tag=aj.melissa.bone.head] run data modify entity @s {} merge value {transformation:[-0.958740876255052f,0.24953317102473313f,0.13619518624399407f,-0.2608583416002367f,0.2842194219577871f,0.8513745548515264f,0.4408862523750845f,1.3073466690854114f,-0.005937371445035568f,0.4614049890385956f,-0.8871697603675506f,-0.11685922115474853f,0f,0f,0f,1f],start_interpolation:0}
execute if entity @s[tag=aj.melissa.bone.broom] run data modify entity @s {} merge value {transformation:[0.030056594100488776f,-0.23106384439492947f,0.9724742160923928f,-0.37982906125695637f,0.04109006434366286f,0.9723769873366812f,0.2297707577353431f,0.6004408193153932f,-0.9987032631183865f,0.0330529017103765f,0.038720768654716416f,0.15786943036645162f,0f,0f,0f,1f],start_interpolation:0}
execute if entity @s[tag=aj.melissa.bone.rightarm] run data modify entity @s {} merge value {transformation:[-0.9232522041873414f,-0.08016289030592061f,0.3757383111701763f,-0.5186309949010786f,-0.3834697936755582f,0.2523137495168263f,-0.8884192079999088f,1.169840392912472f,-0.02358569061189769f,-0.9643192846887185f,-0.2636892723942304f,-0.3540233957749792f,0f,0f,0f,1f],start_interpolation:0}
execute if entity @s[tag=aj.melissa.bone.leftarm] run data modify entity @s {} merge value {transformation:[-0.7362014033961782f,0.5907720727310901f,0.33014519793343855f,-0.046422849292554136f,0.44679827743185513f,0.7906874054797141f,-0.41855074495177474f,1.0447473975201367f,-0.5083097411238789f,-0.16062934008695323f,-0.8460611220129463f,0.04938507863369218f,0f,0f,0f,1f],start_interpolation:0}
execute if entity @s[tag=aj.melissa.bone.torso] run data modify entity @s {} merge value {transformation:[-0.9305456078520499f,0.006933321308746527f,0.36611036691534515f,-0.2654083337091016f,0.08578646306579486f,0.9761234986723986f,0.1995585079474615f,0.6667656230816498f,-0.3559853289981485f,0.2171056065494065f,-0.9089222195231529f,-0.25933477545279654f,0f,0f,0f,1f],start_interpolation:0}