execute if entity @s[tag=aj.melissa.bone.head] run data modify entity @s {} merge value {transformation:[-0.9999529835839545f,-0.0016787352521122287f,-0.009550521949145662f,-0.25115413048582713f,-0.001693046527968407f,0.9999974558590189f,0.0014905934870564563f,1.3749982509030754f,0.00954799533943809f,0.0015066928827192011f,-0.9999532817394797f,-0.2489641486431306f,0f,0f,0f,1f],start_interpolation:0}
execute if entity @s[tag=aj.melissa.bone.broom] run data modify entity @s {} merge value {transformation:[-0.9786285845434977f,0.041596912323835555f,-0.20138468263379256f,-0.5614449857304498f,0.015340400280749567f,0.9913658613842722f,0.13022442551628366f,0.6708905661577516f,0.20506283337947062f,0.12435202357397668f,-0.9708170829767265f,0.09645802993664798f,0f,0f,0f,1f],start_interpolation:0}
execute if entity @s[tag=aj.melissa.bone.rightarm] run data modify entity @s {} merge value {transformation:[-0.9635222957297781f,0.05540411649988732f,-0.2618304212777518f,-0.5618434612588357f,0.26236318491646526f,0.38864501663343926f,-0.8832443660994855f,1.2307376856677106f,0.05282371467538716f,-0.9197203025490197f,-0.38900413911298254f,-0.3132483591319809f,0f,0f,0f,1f],start_interpolation:0}
execute if entity @s[tag=aj.melissa.bone.leftarm] run data modify entity @s {} merge value {transformation:[-0.9825428793847494f,-0.18570725801523552f,-0.011059136077858637f,0.0927396490295857f,-0.18577219044656187f,0.9825793081948694f,0.005157166274037041f,1.2818300566243623f,0.009908755068735193f,0.007121616933988671f,-0.9999255468009773f,-0.2521075521248027f,0f,0f,0f,1f],start_interpolation:0}
execute if entity @s[tag=aj.melissa.bone.torso] run data modify entity @s {} merge value {transformation:[-0.9999604307942612f,-0.0016787352521122287f,-0.00873605710311253f,-0.2500524604766285f,-0.001691831878021261f,0.9999974558590189f,0.0014919719789701336f,0.7187499204955944f,0.008733530251395382f,0.0015066928827192011f,-0.9999607268917641f,-0.24995291584741508f,0f,0f,0f,1f],start_interpolation:0}