execute if entity @s[tag=aj.melissa.bone.head] run data modify entity @s {} merge value {transformation:[-1f,-5.272266355742335e-19f,1.2246354501929675e-16f,-0.24999999999999997f,0f,0.9999907328754758f,0.004305132189471358f,1.3749936288518896f,-1.2246467991473532e-16f,0.004305132189471358f,-0.9999907328754758f,-0.2470402216197385f,0f,0f,0f,1f],start_interpolation:0}
execute if entity @s[tag=aj.melissa.bone.broom] run data modify entity @s {} merge value {transformation:[-0.987454482857208f,0.029616976981802455f,0.155101511790386f,-0.7565272775356044f,0.03373632996300534f,0.9991427068307427f,0.02399398732107244f,0.6860387560274501f,-0.1542579149535967f,0.028925526121333367f,-0.9876071129820669f,-0.027780321618377957f,0f,0f,0f,1f],start_interpolation:0}
execute if entity @s[tag=aj.melissa.bone.rightarm] run data modify entity @s {} merge value {transformation:[-0.9262026152308387f,0.36000559018924777f,-0.11200308286849281f,-0.590841536704319f,0.3770220894561308f,0.8830021662744117f,-0.2795738156852843f,1.2768969425628742f,-0.0017491717149491505f,-0.30116963556638204f,-0.9535689754868938f,-0.252948705554384f,0f,0f,0f,1f],start_interpolation:0}
execute if entity @s[tag=aj.melissa.bone.leftarm] run data modify entity @s {} merge value {transformation:[-0.9978691779883062f,-0.06524446409441469f,0.0005133478108004341f,0.09374982677429908f,-0.06524385129731756f,0.9978687085623293f,0.0011315211189770547f,1.2812459833373833f,-0.0005860792060258988f,0.0010956172606383752f,-0.9999992280666933f,-0.247788922578618f,0f,0f,0f,1f],start_interpolation:0}
execute if entity @s[tag=aj.melissa.bone.torso] run data modify entity @s {} merge value {transformation:[-0.9999994960706882f,-5.272266355742335e-19f,-0.001003921495804658f,-0.24999999999999997f,-0.000004322014747291395f,0.9999907328754758f,0.004305130019989056f,0.7187497104023586f,0.0010039121923391438f,0.004305132189471358f,-0.9999902289508339f,-0.24986546461907908f,0f,0f,0f,1f],start_interpolation:0}