execute if entity @s[tag=aj.melissa.bone.leftleg] run data modify entity @s {} merge value {transformation:[-0.9978589232386035f,-0.06540312923014306f,1.223481206754078e-16f,-0.10937499999999997f,-0.06534087994326285f,0.9969091826511144f,-0.043619387365336014f,0.6456723269899024f,0.0028528444287946185f,-0.043525994908701744f,-0.9990482215818578f,-0.2620300080919652f,0f,0f,0f,1f],start_interpolation:0}
execute if entity @s[tag=aj.melissa.bone.head] run data modify entity @s {} merge value {transformation:[-0.9587315211504348f,0.24931964303416707f,0.13665132985042208f,-0.2609187116814929f,0.28424045231067774f,0.851371731065733f,0.4408781473518035f,1.3073474243331287f,-0.006421496927871792f,0.46152561265811964f,-0.8871036428950974f,-0.11686070109101448f,0f,0f,0f,1f],start_interpolation:0}
execute if entity @s[tag=aj.melissa.bone.broom] run data modify entity @s {} merge value {transformation:[0.04588831132315768f,-0.12460559226476073f,0.9911446459827431f,-0.40642557327691053f,0.05395571698213619f,0.9910506627006945f,0.12209571886621484f,0.6352604262915519f,-0.9974883675957591f,0.0478751536484468f,0.05220082541766019f,0.11596598285126314f,0f,0f,0f,1f],start_interpolation:0}
execute if entity @s[tag=aj.melissa.bone.rightarm] run data modify entity @s {} merge value {transformation:[-0.9250000570482528f,-0.06361642538320372f,0.374603583648358f,-0.5183240037897785f,-0.3775290963322443f,0.2653757886913465f,-0.8871569602945155f,1.169912919356377f,-0.04297296688952196f,-0.9620439913007663f,-0.26948967126552914f,-0.3544650674996378f,0f,0f,0f,1f],start_interpolation:0}
execute if entity @s[tag=aj.melissa.bone.leftarm] run data modify entity @s {} merge value {transformation:[-0.6875843919751324f,0.6813933259573702f,0.2508601986225408f,-0.046845543924383615f,0.5517384765781825f,0.7148932580297653f,-0.4295489297935381f,1.0446880115638928f,-0.47203003863671f,-0.15694191589355777f,-0.867500361763778f,0.04975513468144932f,0f,0f,0f,1f],start_interpolation:0}
execute if entity @s[tag=aj.melissa.bone.torso] run data modify entity @s {} merge value {transformation:[-0.9299081017317048f,0.006845510281464799f,0.36772824384689823f,-0.26541107780370415f,0.08605281629100803f,0.976124597214533f,0.19943842037368772f,0.6667656574110915f,-0.3575833261522739f,0.21710345391483782f,-0.9082952466880604f,-0.2593348427226268f,0f,0f,0f,1f],start_interpolation:0}