execute if entity @s[tag=aj.melissa.bone.leftleg] run data modify entity @s {} merge value {transformation:[-0.9987566371107559f,-0.049851577981181665f,1.223481206754078e-16f,-0.10937499999999997f,-0.04980413032514885f,0.9978060420985776f,-0.043619387365336014f,0.6456723269899024f,0.0021744952907342967f,-0.0435651526378344f,-0.9990482215818578f,-0.2620300080919652f,0f,0f,0f,1f],start_interpolation:0}
execute if entity @s[tag=aj.melissa.bone.head] run data modify entity @s {} merge value {transformation:[-0.9642511619790013f,0.2516445765159967f,0.08303435272361931f,-0.2526013684561275f,0.2615874696121194f,0.8538788896969267f,0.449958706407457f,1.3074314015314168f,0.04232838721324317f,0.45559395171581046f,-0.8891807795920342f,-0.11717610952457558f,0f,0f,0f,1f],start_interpolation:0}
execute if entity @s[tag=aj.melissa.bone.broom] run data modify entity @s {} merge value {transformation:[-0.0009147015321945007f,-0.30411876342278993f,0.9526336867103223f,-0.3438223455052831f,0.015271790824599868f,0.9525187401072379f,0.3040967315666676f,0.6455700615733677f,-0.9998829610139964f,0.014826580142206947f,0.003773167789808664f,0.14234307148365932f,0f,0f,0f,1f],start_interpolation:0}
execute if entity @s[tag=aj.melissa.bone.rightarm] run data modify entity @s {} merge value {transformation:[-0.9189141041260529f,-0.11040347205571116f,0.37869241159053796f,-0.5426202712270556f,-0.3944573960787536f,0.256019604020577f,-0.8825289372229764f,1.1647381520629438f,0.000481577598046512f,-0.9603463103043561f,-0.2788094911724246f,-0.3360072133462376f,0f,0f,0f,1f],start_interpolation:0}
execute if entity @s[tag=aj.melissa.bone.leftarm] run data modify entity @s {} merge value {transformation:[-0.7565930155090426f,0.5750743126348492f,0.3112178398332745f,-0.03245681671876763f,0.4361871274234175f,0.798450829029727f,-0.41499043783182443f,1.0468265957043648f,-0.4871424830098903f,-0.1782296512068008f,-0.8549423329544872f,0.044686908241068746f,0f,0f,0f,1f],start_interpolation:0}
execute if entity @s[tag=aj.melissa.bone.torso] run data modify entity @s {} merge value {transformation:[-0.9384098727519672f,0.00271563513760351f,0.3455134383022405f,-0.25438350401517984f,0.07734206449624113f,0.9762467458665884f,0.20238699623334516f,0.6667694745564683f,-0.3367567605573733f,0.21664467801147622f,-0.9163296173911482f,-0.25934917946960684f,0f,0f,0f,1f],start_interpolation:0}