execute if entity @s[tag=aj.melissa.bone.head] run data modify entity @s {} merge value {transformation:[-0.9999882458187412f,-0.0007153648222153782f,-0.004795464266148726f,-0.25049181331527304f,-0.0008465525089922843f,0.9996238991218115f,0.02741064853949932f,1.3747414306462455f,0.0047740520741076375f,0.027414385962074257f,-0.9996127549551957f,-0.231152609651074f,0f,0f,0f,1f],start_interpolation:0}
execute if entity @s[tag=aj.melissa.bone.broom] run data modify entity @s {} merge value {transformation:[-0.9807083495420904f,0.050075834290543686f,-0.18895381435296574f,-0.5662767998624318f,0.016691816142291094f,0.9845531126339948f,0.17428870209105507f,0.6693660123939278f,0.19476271822990396f,0.1677724030429875f,-0.9663953147469622f,0.1050572910743025f,0f,0f,0f,1f],start_interpolation:0}
execute if entity @s[tag=aj.melissa.bone.rightarm] run data modify entity @s {} merge value {transformation:[-0.9637812191991263f,0.058613306349270484f,-0.26017348411752544f,-0.5653554143836035f,0.2608553404228526f,0.41019537860718774f,-0.873896013689377f,1.2387010072801372f,0.05550002605335774f,-0.9101122082952806f,-0.41062819608493056f,-0.29135801626980007f,0f,0f,0f,1f],start_interpolation:0}
execute if entity @s[tag=aj.melissa.bone.leftarm] run data modify entity @s {} merge value {transformation:[-0.9970019290133504f,-0.07728813210961315f,-0.003701105060004923f,0.09331975495967332f,-0.07735406004806177f,0.9967263554868937f,0.02351428654871391f,1.2813253669850595f,0.0018716136724925083f,0.02373008455149625f,-0.999716649931089f,-0.23564366413427984f,0f,0f,0f,1f],start_interpolation:0}
execute if entity @s[tag=aj.melissa.bone.torso] run data modify entity @s {} merge value {transformation:[-0.9999840082119671f,-0.0007153648222153782f,-0.005609953074633509f,-0.2500223551506942f,-0.0008688782006802867f,0.9996238991218115f,0.027409949930250144f,0.7187382468475566f,0.0055882350523967575f,0.027414385962074257f,-0.9996085349132037f,-0.24914330043868524f,0f,0f,0f,1f],start_interpolation:0}