execute if entity @s[tag=aj.melissa.bone.head] run data modify entity @s {} merge value {transformation:[-1f,-1.0063646478030582e-19f,1.2246463856526312e-16f,-0.24999999999999997f,0f,0.9999996623559363f,0.0008217590969932952f,1.3749997678697063f,-1.2246467991473532e-16f,0.0008217590969932952f,-0.9999996623559363f,-0.24943504062081717f,0f,0f,0f,1f],start_interpolation:0}
execute if entity @s[tag=aj.melissa.bone.broom] run data modify entity @s {} merge value {transformation:[-0.9862819486702139f,0.03536557588866977f,0.16123645297930655f,-0.769770003777658f,0.034435381163141474f,0.9993702604911052f,-0.008560780927562961f,0.6877151048412086f,-0.1614376729621515f,-0.0028911049796401245f,-0.9868786750460071f,-0.023075481088180944f,0f,0f,0f,1f],start_interpolation:0}
execute if entity @s[tag=aj.melissa.bone.rightarm] run data modify entity @s {} merge value {transformation:[-0.9238987640723243f,0.3653345924266104f,-0.11376163378799563f,-0.5931564191319998f,0.38263603500956495f,0.8814511888068974f,-0.27682750308281573f,1.2803594592564376f,-0.0008593356681930539f,-0.2992898884482898f,-0.9541618438267273f,-0.2505336672985243f,0f,0f,0f,1f],start_interpolation:0}
execute if entity @s[tag=aj.melissa.bone.leftarm] run data modify entity @s {} merge value {transformation:[-0.9950348831508107f,-0.09952678224718486f,0.000030472513565960946f,0.09374995910599312f,-0.09952678591265003f,0.9950348699108899f,-0.000162933471003736f,1.2812499373116137f,-0.000014104969482596767f,-0.0001651573186154579f,-0.999999986262055f,-0.24967975465196282f,0f,0f,0f,1f],start_interpolation:0}
execute if entity @s[tag=aj.melissa.bone.torso] run data modify entity @s {} merge value {transformation:[-0.9999998810356162f,-1.0063646478030582e-19f,-0.0004877794106668761f,-0.24999999999999997f,-4.008371680416344e-7f,0.9999996623559363f,0.0008217589992332306f,0.718749989448623f,0.00048777924597105367f,0.0008217590969932952f,-0.9999995433915927f,-0.249974320028219f,0f,0f,0f,1f],start_interpolation:0}