execute if entity @s[tag=aj.melissa.bone.rightleg] run data modify entity @s {} merge value {transformation:[-0.999888425099861f,0.01493778267748363f,1.2245101593030328e-16f,-0.38229166666666664f,0.01493611599587309f,0.9997768626486803f,-0.014937782677483632f,0.6525539082025519f,-0.00022313735131985246f,-0.014936115995873092f,-0.999888425099861f,-0.2541733576530075f,0f,0f,0f,1f],start_interpolation:0}
execute if entity @s[tag=aj.melissa.bone.leftleg] run data modify entity @s {} merge value {transformation:[-0.9991793020070339f,-0.04050583218175512f,1.2245101593030328e-16f,-0.1177083333333333f,-0.040501312747574396f,0.9990678186761914f,-0.014937782677483632f,0.6525539082025519f,0.0006050673183015583f,-0.014925523269220862f,-0.999888425099861f,-0.2541733576530075f,0f,0f,0f,1f],start_interpolation:0}
execute if entity @s[tag=aj.melissa.bone.head] run data modify entity @s {} merge value {transformation:[-0.9853333460764084f,0.12339956241187519f,0.1178590051986966f,-0.26075520637221794f,0.14612952518159816f,0.9668545939605006f,0.20937611135866585f,1.346545822092911f,-0.08811560009481491f,0.22352794486156197f,-0.9707063916993115f,-0.18883563646768123f,0f,0f,0f,1f],start_interpolation:0}
execute if entity @s[tag=aj.melissa.bone.broom] run data modify entity @s {} merge value {transformation:[-0.7509292738919678f,0.04204018339300858f,0.6590431310562032f,-0.5460507597361861f,0.023590252406658158f,0.9990423540617317f,-0.036849352534116864f,0.6480613406583848f,-0.6599611546170515f,-0.012124263733343466f,-0.7512018880603615f,0.05601346847015781f,0f,0f,0f,1f],start_interpolation:0}
execute if entity @s[tag=aj.melissa.bone.rightarm] run data modify entity @s {} merge value {transformation:[-0.9969165226817f,0.053321605925565174f,0.05756955050846028f,-0.5297696147377824f,-0.03381573072804692f,0.370105469124641f,-0.9283740830502313f,1.1957203607767741f,-0.07080920250614081f,-0.927458219040377f,-0.3671611482372503f,-0.3606524669182073f,0f,0f,0f,1f],start_interpolation:0}
execute if entity @s[tag=aj.melissa.bone.leftarm] run data modify entity @s {} merge value {transformation:[-0.9121133210020147f,0.331496683224429f,0.2411622662480141f,0.04558957318433127f,0.29866454027211575f,0.9403395567949241f,-0.16297548990805746f,1.19866593729576f,-0.28080025291071453f,-0.07662549796202389f,-0.9567025405147361f,-0.09571471614339006f,0f,0f,0f,1f],start_interpolation:0}
execute if entity @s[tag=aj.melissa.bone.torso] run data modify entity @s {} merge value {transformation:[-0.9794317908457337f,0.005460139220070687f,0.20170164590408318f,-0.2643384227353893f,0.024756794594326594f,0.995332910177752f,0.09327110505671782f,0.6933585997887611f,-0.20025101298653408f,0.09634617167684668f,-0.9749958702482192f,-0.25206281163061184f,0f,0f,0f,1f],start_interpolation:0}