execute if entity @s[tag=aj.agatha.bone.head] run data modify entity @s {} merge value {transformation:[-1f,-2.4574887259955092e-17f,1.199736335316184e-16f,-2.9821397025542066e-17f,0f,0.979659062638703f,0.20066918296005912f,1.1945592067509472f,-1.2246467991473532e-16f,0.20066918296005912f,-0.979659062638703f,0.24351018633539798f,0f,0f,0f,1f],start_interpolation:0}
execute if entity @s[tag=aj.agatha.bone.leftarm] run data modify entity @s {} merge value {transformation:[-0.8850229691599385f,0.3745584744739241f,0.27647837756159754f,0.3125f,0.45787467750734695f,0.5929384212392781f,0.6624007913007166f,1.025539471167298f,0.08417317718174586f,0.7128323630546239f,-0.6962649628015841f,0.16234012422359873f,0f,0f,0f,1f],start_interpolation:0}
execute if entity @s[tag=aj.agatha.bone.cane] run data modify entity @s {} merge value {transformation:[-9.976744379257843e-17f,-6.774488320657672e-18f,1f,-0.32812500000000006f,0.05531789513004354f,0.998468792941663f,1.228304016943483e-17f,0.5888359509903813f,-0.998468792941663f,0.05531789513004354f,-9.923992874396913e-17f,0.4798433724632017f,0f,0f,0f,1f],start_interpolation:0}
execute if entity @s[tag=aj.agatha.bone.rightarm] run data modify entity @s {} merge value {transformation:[-1f,8.659560562354934e-17f,8.65956056235493e-17f,-0.34375f,0f,0.7071067811865475f,-0.7071067811865477f,1.0525961585378978f,-1.2246467991473532e-16f,-0.7071067811865477f,-0.7071067811865475f,0.10600021236238238f,0f,0f,0f,1f],start_interpolation:0}
execute if entity @s[tag=aj.agatha.bone.torso] run data modify entity @s {} merge value {transformation:[-1.0104166666666665f,-5.3568065027362594e-17f,1.115443299055502e-16f,4.9702328375903447e-17f,0f,0.9108285750896642f,0.4374164458246963f,-0.15759867791824522f,-1.2374035366384712e-16f,0.4374164458246963f,-0.9108285750896642f,-0.4058503105589966f,0f,0f,0f,1f],start_interpolation:0}