execute if entity @s[tag=aj.percival.bone.rightarm] run data modify entity @s {} merge value {transformation:[-0.029954204715495186f,0.999502912695859f,0.009832249608116461f,-0.29718281550323355f,0.9979869927821468f,0.030455987341857577f,-0.055627287123138636f,0.8126464160904653f,-0.055899086374552695f,0.00814618607243342f,-0.9984031909979874f,-0.14545827731609276f,0f,0f,0f,1f],start_interpolation:0}
execute if entity @s[tag=aj.percival.bone.leftarm] run data modify entity @s {} merge value {transformation:[-0.8886955380523034f,-0.4243426927974542f,0.17364768848254922f,0.25677154556613346f,-0.43050988401523654f,0.9025827416763367f,0.0023736455537770366f,0.8126464160904653f,-0.15773864590237413f,-0.07264759801557684f,-0.9848049787097203f,-0.04778117737844438f,0f,0f,0f,1f],start_interpolation:0}
execute if entity @s[tag=aj.percival.bone.torso] run data modify entity @s {} merge value {transformation:[-0.984807753012208f,-0.00041217922484059437f,0.17364768848254922f,-0.00015456720931521906f,0f,0.9999971828994245f,0.0023736455537770366f,0.4999989435872842f,-0.17364817766693044f,0.002337584544262582f,-0.9848049787097203f,-0.03037340579590153f,0f,0f,0f,1f],start_interpolation:0}
execute if entity @s[tag=aj.percival.bone.head] run data modify entity @s {} merge value {transformation:[-0.9961946554565174f,-0.00041217922484059437f,0.08715525542477129f,-0.0003091344186304419f,-0.00020687684125911404f,0.9999971828994245f,0.002364613115821729f,0.8749978871745684f,-0.08715598454405218f,0.002337584544262582f,-0.9961919343463164f,-0.029496811591803063f,0f,0f,0f,1f],start_interpolation:0}