execute if entity @s[tag=aj.percival.bone.rightarm] run data modify entity @s {} merge value {transformation:[-0.028063984626878688f,0.9995589021522479f,0.00971668127784342f,-0.295880664743815f,0.9973837345700427f,0.028648094236607562f,-0.06636996844752244f,0.8119414023285255f,-0.0666190571981996f,0.007828654086324549f,-0.9977477704275864f,-0.1528431412443843f,0f,0f,0f,1f],start_interpolation:0}
execute if entity @s[tag=aj.percival.bone.leftarm] run data modify entity @s {} merge value {transformation:[-0.8895111706964294f,-0.42263268339820453f,0.17364185016838765f,0.25807369632555194f,-0.43049540958154553f,0.9025523953950313f,-0.008536738013344982f,0.8119414023285255f,-0.15311296331625593f,-0.0823455432329166f,-0.9847718679847586f,-0.05516604130673592f,0f,0f,0f,1f],start_interpolation:0}
execute if entity @s[tag=aj.percival.bone.torso] run data modify entity @s {} merge value {transformation:[-0.984807753012208f,0.0014823889992373683f,0.17364185016838765f,0.0005558958747140169f,-1.0842021724855044e-19f,0.9999635613881596f,-0.008536738013344982f,0.4999863355205598f,-0.17364817766693044f,-0.008407045780976173f,-0.9847718679847586f,-0.034402642167866065f,0f,0f,0f,1f],start_interpolation:0}
execute if entity @s[tag=aj.percival.bone.head] run data modify entity @s {} merge value {transformation:[-0.9961941466139103f,0.0014823889992373683f,0.08714943932715774f,0.00111179174942803f,0.0007440257421952496f,0.9999635613881596f,-0.008504253147892531f,0.8749726710411196f,-0.08715887033387913f,-0.008407045780976173f,-0.9961589496176595f,-0.03755528433573213f,0f,0f,0f,1f],start_interpolation:0}