execute if entity @s[tag=aj.percival.bone.rightarm] run data modify entity @s {} merge value {transformation:[-0.028306574852189077f,0.9995519062208142f,0.009732655879759605f,-0.29604775166524017f,0.997467821480263f,0.028880376617737635f,-0.06499129909330643f,0.8120364847609651f,-0.06524325966377983f,0.007868329985075195f,-0.9978383668970093f,-0.1518955442246102f,0f,0f,0f,1f],start_interpolation:0}
execute if entity @s[tag=aj.percival.bone.leftarm] run data modify entity @s {} merge value {transformation:[-0.8894064666133209f,-0.4228522000734438f,0.17364375611998223f,0.25790660940412685f,-0.43050013484455996f,0.9025623021149581f,-0.007136154409950324f,0.8120364847609651f,-0.15370676967922822f,-0.08110060230352924f,-0.9847826771733861f,-0.054218444286961806f,0f,0f,0f,1f],start_interpolation:0}
execute if entity @s[tag=aj.percival.bone.torso] run data modify entity @s {} merge value {transformation:[-0.984807753012208f,0.001239180208837703f,0.17364375611998223f,0.0004646925783141425f,-1.0842021724855044e-19f,0.9999745373259448f,-0.007136154409950324f,0.4999904514972293f,-0.17364817766693047f,-0.007027740189611338f,-0.9847826771733861f,-0.03388540257110425f,0f,0f,0f,1f],start_interpolation:0}
execute if entity @s[tag=aj.percival.bone.head] run data modify entity @s {} merge value {transformation:[-0.9961943127285371f,0.001239180208837703f,0.08715133802603109f,0.0009293851566282811f,0.0006219568379611967f,0.9999745373259448f,-0.007108999187956541f,0.8749809029944586f,-0.08715792825101583f,-0.007027740189611338f,-0.9961697176740609f,-0.036520805142208505f,0f,0f,0f,1f],start_interpolation:0}