execute if entity @s[tag=aj.percival.bone.rightarm] run data modify entity @s {} merge value {transformation:[-0.028158070929213345f,0.9995561954836079f,0.00972291684016341f,-0.2959454667376449f,0.9974165799996857f,0.02873819176333526f,-0.06583526620212082f,0.8119784400812149f,-0.06608546726229403f,0.007844004366974189f,-0.997783134058807f,-0.15247563087490207f,0f,0f,0f,1f],start_interpolation:0}
execute if entity @s[tag=aj.percival.bone.leftarm] run data modify entity @s {} merge value {transformation:[-0.8894705613062104f,-0.42271782275533104f,0.17364262983094808f,0.2580088943317221f,-0.43049734253234606f,0.9025564479106595f,-0.007993522845454116f,0.8119784400812149f,-0.1533432706127107f,-0.08186269394471113f,-0.9847762896708631f,-0.054798530937253676f,0f,0f,0f,1f],start_interpolation:0}
execute if entity @s[tag=aj.percival.bone.torso] run data modify entity @s {} merge value {transformation:[-0.984807753012208f,0.0013880606752520838f,0.17364262983094808f,0.0005205227532195353f,0f,0.9999680512858994f,-0.007993522845454116f,0.49998801923221226f,-0.17364817766693047f,-0.00787208327208342f,-0.9847762896708631f,-0.03420203122703128f,0f,0f,0f,1f],start_interpolation:0}
execute if entity @s[tag=aj.percival.bone.head] run data modify entity @s {} merge value {transformation:[-0.9961942145659798f,0.0013880606752520838f,0.08715021602286674f,0.0010410455064390669f,0.0006966814207659275f,0.9999680512858994f,-0.007963105077716633f,0.8749760384644245f,-0.08715848495854252f,-0.00787208327208342f,-0.9961633544779135f,-0.03715406245406257f,0f,0f,0f,1f],start_interpolation:0}