execute if entity @s[tag=aj.percival.bone.rightarm] run data modify entity @s {} merge value {transformation:[-0.030582627445958396f,0.999483547628965f,0.009866150086042497f,-0.2976158500558522f,0.9981611782160886f,0.031056018809379686f,-0.05205560486615265f,0.8128625976456443f,-0.052335123968242164f,0.008256010824245374f,-0.9985954501621258f,-0.14300241633056018f,0f,0f,0f,1f],start_interpolation:0}
execute if entity @s[tag=aj.percival.bone.leftarm] run data modify entity @s {} merge value {transformation:[-0.888424475866361f,-0.4249109864883465f,0.17364505245782838f,0.25633851101351474f,-0.43050334874427065f,0.9025690401958248f,0.00599953331154726f,0.8128625976456443f,-0.15927591594949503f,-0.06942464433821552f,-0.984790029070645f,-0.045325316392911805f,0f,0f,0f,1f],start_interpolation:0}
execute if entity @s[tag=aj.percival.bone.torso] run data modify entity @s {} merge value {transformation:[-0.984807753012208f,-0.001041808026402226f,0.17364505245782838f,-0.00039067800990083096f,0f,0.9999820026380692f,0.00599953331154726f,0.49999325098927594f,-0.17364817766693044f,0.005908386919666749f,-0.984790029070645f,-0.02903435490512497f,0f,0f,0f,1f],start_interpolation:0}
execute if entity @s[tag=aj.percival.bone.head] run data modify entity @s {} merge value {transformation:[-0.9961944257118249f,-0.001041808026402226f,0.08715262943092036f,-0.0007813560198016658f,-0.0005228937819072187f,0.9999820026380692f,0.005976703275988193f,0.8749865019785519f,-0.0871572874909496f,0.005908386919666749f,-0.9961770415951311f,-0.02681870981024994f,0f,0f,0f,1f],start_interpolation:0}