execute if entity @s[tag=aj.percival.bone.rightarm] run data modify entity @s {} merge value {transformation:[-0.03256837149649495f,0.9994198968533864f,0.009958461308500588f,-0.2989845874477349f,0.9986251930441714f,0.03294870584842232f,-0.04076894161497847f,0.8134860658223493f,-0.04107340983602019f,0.008616992310588767f,-0.9991189731197989f,-0.1352399208441454f,0f,0f,0f,1f],start_interpolation:0}
execute if entity @s[tag=aj.percival.bone.leftarm] run data modify entity @s {} merge value {transformation:[-0.8875682880767279f,-0.4267060215183192f,0.17362173020838795f,0.25496977362163215f,-0.4304455278830239f,0.9024478162392842f,0.017452406437283515f,0.8134860658223493f,-0.16413159819501982f,-0.059244494807154525f,-0.9846577620214009f,-0.03756282090649701f,0f,0f,0f,1f],start_interpolation:0}
execute if entity @s[tag=aj.percival.bone.torso] run data modify entity @s {} merge value {transformation:[-0.984807753012208f,-0.003030578573736888f,0.17362173020838795f,-0.0011364669651513291f,0f,0.9998476951563913f,0.017452406437283515f,0.49994288568364675f,-0.17364817766693047f,0.01718726516815697f,-0.9846577620214009f,-0.024804775561941134f,0f,0f,0f,1f],start_interpolation:0}
execute if entity @s[tag=aj.percival.bone.head] run data modify entity @s {} merge value {transformation:[-0.9961923930438524f,-0.003030578573736888f,0.08712939592968022f,-0.002272933930302662f,-0.0015210774457754556f,0.9998476951563913f,0.017385994761764088f,0.8748857713672935f,-0.08716881532386754f,0.01718726516815697f,-0.996045277861942f,-0.01835955112388227f,0f,0f,0f,1f],start_interpolation:0}