execute if entity @s[tag=aj.percival.bone.rightarm] run data modify entity @s {} merge value {transformation:[-0.03253545770279415f,0.9994209823005732f,0.009957114513105048f,-0.29896189564533815f,0.9986185710012818f,0.032917375856371f,-0.040956025418592897f,0.8134764698183388f,-0.04126007323585017f,0.008610836433691843f,-0.9991113350635575f,-0.13536861245053228f,0f,0f,0f,1f],start_interpolation:0}
execute if entity @s[tag=aj.percival.bone.leftarm] run data modify entity @s {} merge value {transformation:[-0.8875824752469678f,-0.42667627749736353f,0.17362230229857734f,0.25499246542402887f,-0.4304469462173723f,0.9024507898390837f,0.017262630476053645f,0.8134764698183388f,-0.16405113875436636f,-0.05941318153244263f,-0.9846610065060912f,-0.03769151251288391f,0f,0f,0f,1f],start_interpolation:0}
execute if entity @s[tag=aj.percival.bone.torso] run data modify entity @s {} merge value {transformation:[-0.984807753012208f,-0.0029976243239043317f,0.17362230229857734f,-0.0011241091214641205f,2.168404344971009e-19f,0.9998509896924878f,0.017262630476053645f,0.4999441211346829f,-0.17364817766693041f,0.017000372330202452f,-0.9846610065060912f,-0.02487486037617408f,0f,0f,0f,1f],start_interpolation:0}
execute if entity @s[tag=aj.percival.bone.head] run data modify entity @s {} merge value {transformation:[-0.9961924429047978f,-0.0029976243239043317f,0.08712996584289373f,-0.002248218242928245f,-0.0015045373809188154f,0.9998509896924878f,0.017196940955361627f,0.8748882422693658f,-0.08716853254839446f,0.017000372330202452f,-0.9960485100003885f,-0.01849972075234816f,0f,0f,0f,1f],start_interpolation:0}