execute if entity @s[tag=aj.percival.bone.rightarm] run data modify entity @s {} merge value {transformation:[-0.03118846342479316f,0.9994645241920027f,0.009896697977300667f,-0.29803337779561645f,0.9983166543614002f,0.03163400212249481f,-0.048612215896572414f,0.8130624151418852f,-0.04889925739580628f,0.008363898096435618f,-0.9987686958624459f,-0.14063449885084953f,0f,0f,0f,1f],start_interpolation:0}
execute if entity @s[tag=aj.percival.bone.leftarm] run data modify entity @s {} merge value {transformation:[-0.8881632048595285f,-0.42545875254534854f,0.1736403507719537f,0.25592098327375057f,-0.4304916922560199f,0.9025446018599949f,0.009494448479595083f,0.8130624151418852f,-0.1607576574605374f,-0.06631810865773641f,-0.9847633644850224f,-0.04295739891320115f,0f,0f,0f,1f],start_interpolation:0}
execute if entity @s[tag=aj.percival.bone.torso] run data modify entity @s {} merge value {transformation:[-0.984807753012208f,-0.0016486936764342447f,0.1736403507719537f,-0.0006182601286628379f,-2.168404344971009e-19f,0.9999549267082334f,0.009494448479595083f,0.4999830975155875f,-0.17364817766693044f,0.009350206473280208f,-0.9847633644850224f,-0.02774367257251992f,0f,0f,0f,1f],start_interpolation:0}
execute if entity @s[tag=aj.percival.bone.head] run data modify entity @s {} merge value {transformation:[-0.9961940159329004f,-0.0016486936764342447f,0.0871479456363799f,-0.0012365202573256795f,-0.0008274957092184837f,0.9999549267082334f,0.009458319236677856f,0.874966195031175f,-0.08715961146271459f,0.009350206473280208f,-0.9961504784763072f,-0.02423734514503984f,0f,0f,0f,1f],start_interpolation:0}