execute if entity @s[tag=aj.percival.bone.rightarm] run data modify entity @s {} merge value {transformation:[-0.030890922637406025f,0.9994739105281263f,0.009881956902588224f,-0.2978283127376361f,0.998241822997881f,0.03135019955141081f,-0.05030335779999355f,0.8129653339143901f,-0.05058669505390967f,0.008310665539024792f,-0.9986850950734276f,-0.14179748058601208f,0f,0f,0f,1f],start_interpolation:0}
execute if entity @s[tag=aj.percival.bone.leftarm] run data modify entity @s {} merge value {transformation:[-0.8882915154378908f,-0.42518974382358793f,0.17364292484373575f,0.25612604833173086f,-0.4304980739323556f,0.9025579813226678f,0.007778090465073462f,0.8129653339143901f,-0.16002997201020713f,-0.0678437329307759f,-0.9847779627715224f,-0.044120380648363704f,0f,0f,0f,1f],start_interpolation:0}
execute if entity @s[tag=aj.percival.bone.torso] run data modify entity @s {} merge value {transformation:[-0.984807753012208f,-0.001350651234988534f,0.17364292484373575f,-0.0005064942131206965f,0f,0.9999697501968333f,0.007778090465073462f,0.4999886563238125f,-0.17364817766693044f,0.007659923793634676f,-0.9847779627715224f,-0.028377528577387f,0f,0f,0f,1f],start_interpolation:0}
execute if entity @s[tag=aj.percival.bone.head] run data modify entity @s {} merge value {transformation:[-0.9961942402780385f,-0.001350651234988534f,0.08715050991304168f,-0.0010129884262413966f,-0.0006779052516419557f,0.9999697501968333f,0.007748492482584142f,0.874977312647625f,-0.08715833913821183f,0.007659923793634676f,-0.9961650212119196f,-0.025505057154773993f,0f,0f,0f,1f],start_interpolation:0}