execute if entity @s[tag=aj.percival.bone.rightarm] run data modify entity @s {} merge value {transformation:[-0.029058560799866497f,0.9995298649601371f,0.009780035634427559f,-0.29656574841096567f,0.9977160008043569f,0.02959992725217232f,-0.06071759255460222f,0.8123226109902828f,-0.06097853543010889f,0.007993332186035706f,-0.9981070708382757f,-0.14895783869795606f,0f,0f,0f,1f],start_interpolation:0}
execute if entity @s[tag=aj.percival.bone.leftarm] run data modify entity @s {} merge value {transformation:[-0.8890819516112399f,-0.4235325599238648f,0.1736474992721941f,0.2573886126584013f,-0.4305094149221623f,0.9025817582022545f,-0.0027952502400551953f,0.8123226109902828f,-0.1555471857107233f,-0.07724208985303896f,-0.9848039056444734f,-0.05128073876030769f,0f,0f,0f,1f],start_interpolation:0}
execute if entity @s[tag=aj.percival.bone.torso] run data modify entity @s {} merge value {transformation:[-0.984807753012208f,0.00048539011030863455f,0.1736474992721941f,0.00018202129136574177f,2.710505431213761e-20f,0.9999960932804165f,-0.0027952502400551953f,0.4999985349801562f,-0.17364817766693044f,-0.0027527841080155924f,-0.9848039056444734f,-0.032282294040505845f,0f,0f,0f,1f],start_interpolation:0}
execute if entity @s[tag=aj.percival.bone.head] run data modify entity @s {} merge value {transformation:[-0.9961946389657483f,0.00048539011030863455f,0.08715506693441871f,0.00036404258273147974f,0.0002436221108375804f,0.9999960932804165f,-0.002784613468982665f,0.8749970699603123f,-0.08715607806785079f,-0.0027527841080155924f,-0.9961908653644067f,-0.033314588081011696f,0f,0f,0f,1f],start_interpolation:0}