execute if entity @s[tag=aj.bertram.bone.head] run data modify entity @s {} merge value {transformation:[-1f,-2.2149263940857313e-17f,1.20445041132862e-16f,-2.7291861832738188e-17f,0f,0.9835083978231154f,0.18086246545762003f,1.2039706332638378f,-1.2246467991473532e-16f,0.18086246545762003f,-0.9835083978231154f,0.2228549639923923f,0f,0f,0f,1f],start_interpolation:0}
execute if entity @s[tag=aj.bertram.bone.leftarm] run data modify entity @s {} merge value {transformation:[-0.8986982239610943f,0.3441590137412295f,0.2718383260503181f,0.3125f,0.4370802807761916f,0.6518444223777573f,0.6197254853333156f,1.031813755509225f,0.03608781519821269f,0.675761364888281f,-0.7362365430475095f,0.14856997599492816f,0f,0f,0f,1f],start_interpolation:0}
execute if entity @s[tag=aj.bertram.bone.cane] run data modify entity @s {} merge value {transformation:[-9.959324433640573e-17f,-1.8061330551674613e-18f,1f,-0.32812500000000006f,0.014748195613829007f,0.9998912394486394f,3.2747572684297415e-18f,0.592663032743758f,-0.9998912394486394f,0.014748195613829007f,-9.95557753166377e-17f,0.4596345086620128f,0f,0f,0f,1f],start_interpolation:0}
execute if entity @s[tag=aj.bertram.bone.rightarm] run data modify entity @s {} merge value {transformation:[-1f,8.659560562354933e-17f,8.659560562354933e-17f,-0.34375f,0f,0.7071067811865476f,-0.7071067811865475f,1.0565754181750464f,-1.2246467991473532e-16f,-0.7071067811865475f,-0.7071067811865476f,0.09118435007672399f,0f,0f,0f,1f],start_interpolation:0}
execute if entity @s[tag=aj.bertram.bone.torso] run data modify entity @s {} merge value {transformation:[-1.0104166666666665f,-4.902427032917785e-17f,1.136146823414371e-16f,4.548643638789698e-17f,0f,0.9277342856776343f,0.4003135464307787f,-0.17328438877306285f,-1.2374035366384712e-16f,0.4003135464307787f,-0.9277342856776343f,-0.3714249399873205f,0f,0f,0f,1f],start_interpolation:0}