execute if entity @s[tag=aj.bertram.bone.head] run data modify entity @s {} merge value {transformation:[-1f,-2.5812901738522036e-17f,1.1971337406679334e-16f,-3.109788294948497e-17f,0f,0.9775338828317065f,0.21077833834615814f,1.1894203475054757f,-1.2246467991473532e-16f,0.21077833834615814f,-0.9775338828317065f,0.2539334849128461f,0f,0f,0f,1f],start_interpolation:0}
execute if entity @s[tag=aj.bertram.bone.leftarm] run data modify entity @s {} merge value {transformation:[-0.8774268359978966f,0.38983775163509693f,0.2795508448758699f,0.3125f,0.46707719072945647f,0.5614068720270053f,0.6831260659213149f,1.0221135650036504f,0.1093665642278257f,0.7299649658996973f,-0.67467777730414f,0.16928898994189745f,0f,0f,0f,1f],start_interpolation:0}
execute if entity @s[tag=aj.bertram.bone.cane] run data modify entity @s {} merge value {transformation:[-9.993464675420854e-17f,-9.31428699034399e-18f,1f,-0.32812500000000006f,0.07605692512183082f,0.9971034771481906f,1.6888029890489613e-17f,0.5862369986636379f,-0.9971034771481906f,0.07605692512183082f,-9.893676773800964e-17f,0.4901242293897442f,0f,0f,0f,1f],start_interpolation:0}
execute if entity @s[tag=aj.bertram.bone.rightarm] run data modify entity @s {} merge value {transformation:[-1f,8.659560562354933e-17f,8.659560562354935e-17f,-0.34375f,0f,0.7071067811865477f,-0.7071067811865474f,1.0503283966606332f,-1.2246467991473532e-16f,-0.7071067811865474f,-0.7071067811865477f,0.1135200624412891f,0f,0f,0f,1f],start_interpolation:0}
execute if entity @s[tag=aj.bertram.bone.torso] run data modify entity @s {} merge value {transformation:[-1.0104166666666665f,-5.586101196481559e-17f,1.1041386899805974e-16f,5.1829804915808284e-17f,0f,0.9015976612598356f,0.45613977845455683f,-0.149033912509126f,-1.2374035366384712e-16f,0.45613977845455683f,-0.9015976612598356f,-0.4232224748547435f,0f,0f,0f,1f],start_interpolation:0}