execute if entity @s[tag=aj.bertram.bone.head] run data modify entity @s {} merge value {transformation:[-1f,-2.6148612458156717e-17f,1.1964049437014086e-16f,-3.144224164630192e-17f,0f,0.9769387749466968f,0.21351962440405187f,1.187987818255024f,-1.2246467991473532e-16f,0.21351962440405187f,-0.9769387749466968f,0.2567453870633822f,0f,0f,0f,1f],start_interpolation:0}
execute if entity @s[tag=aj.bertram.bone.leftarm] run data modify entity @s {} merge value {transformation:[-0.8752952897582575f,0.3939500507878026f,0.28046659910102584f,0.3125f,0.46940378602218f,0.5526929858462659f,0.6886149497828107f,1.0211585455033494f,0.11626797235288486f,0.7343935054727997f,-0.6686912125370885f,0.17116359137558818f,0f,0f,0f,1f],start_interpolation:0}
execute if entity @s[tag=aj.bertram.bone.cane] run data modify entity @s {} merge value {transformation:[-9.99891606031898e-17f,-1.0003316350912526e-17f,1f,-0.32812500000000006f,0.08168327682624271f,0.9966583377903019f,1.8137330931865028e-17f,0.5854566568052034f,-0.9966583377903019f,0.08168327682624271f,-9.883792694515066e-17f,0.4929066788825766f,0f,0f,0f,1f],start_interpolation:0}
execute if entity @s[tag=aj.bertram.bone.rightarm] run data modify entity @s {} merge value {transformation:[-1f,8.659560562354935e-17f,8.659560562354933e-17f,-0.34375f,0f,0.7071067811865475f,-0.7071067811865476f,1.0496858107326141f,-1.2246467991473532e-16f,-0.7071067811865476f,-0.7071067811865475f,0.11555383379169665f,0f,0f,0f,1f],start_interpolation:0}
execute if entity @s[tag=aj.bertram.bone.torso] run data modify entity @s {} merge value {transformation:[-1.0104166666666665f,-5.64795822165053e-17f,1.1009873712946477e-16f,5.2403736077169873e-17f,0f,0.8990244142729136f,0.46119078787311235f,-0.1466463637583736f,-1.2374035366384712e-16f,0.46119078787311235f,-0.8990244142729136f,-0.4279089784389703f,0f,0f,0f,1f],start_interpolation:0}