execute if entity @s[tag=aj.bertram.bone.head] run data modify entity @s {} merge value {transformation:[-1f,-2.4748388171292573e-17f,1.1993796358760475e-16f,-3.000090245284876e-17f,0f,0.9793677954420019f,0.20208592541558407f,1.1938526728709553f,-1.2246467991473532e-16f,0.20208592541558407f,-0.9793677954420019f,0.24497595938466957f,0f,0f,0f,1f],start_interpolation:0}
execute if entity @s[tag=aj.bertram.bone.leftarm] run data modify entity @s {} merge value {transformation:[-0.8839834952682452f,0.3767101798458742f,0.2768801554713257f,0.3125f,0.45922284050815454f,0.5885775354693558f,0.6653501841109246f,1.025068448580637f,0.08767874798922697f,0.7153082728036272f,-0.6932867458777308f,0.1633173062564463f,0f,0f,0f,1f],start_interpolation:0}
execute if entity @s[tag=aj.bertram.bone.cane] run data modify entity @s {} merge value {transformation:[-9.978767599002292e-17f,-7.130298310652128e-18f,1f,-0.32812500000000006f,0.058223304185472335f,0.9983035845121093f,1.2928170575293127e-17f,0.5884980997805722f,-0.9983035845121093f,0.058223304185472335f,-9.92032451034986e-17f,0.48128588121308724f,0f,0f,0f,1f],start_interpolation:0}
execute if entity @s[tag=aj.bertram.bone.rightarm] run data modify entity @s {} merge value {transformation:[-1f,8.659560562354935e-17f,8.659560562354933e-17f,-0.34375f,0f,0.7071067811865475f,-0.7071067811865477f,1.052287999623378f,-1.2246467991473532e-16f,-0.7071067811865477f,-0.7071067811865475f,0.10705589815967348f,0f,0f,0f,1f],start_interpolation:0}
execute if entity @s[tag=aj.bertram.bone.torso] run data modify entity @s {} merge value {transformation:[-1.0104166666666665f,-5.389050996159869e-17f,1.1138890456833122e-16f,5.000150408808127e-17f,0f,0.9095594308978271f,0.4400494085243138f,-0.15642112145159226f,-1.2374035366384712e-16f,0.4400494085243138f,-0.9095594308978271f,-0.40829326564111595f,0f,0f,0f,1f],start_interpolation:0}