execute if entity @s[tag=aj.bertram.bone.head] run data modify entity @s {} merge value {transformation:[-1f,-2.5682013647146513e-17f,1.1974152162740523e-16f,-3.0963414064039416e-17f,0f,0.9777637251064873f,0.20970955597178983f,1.1899743561425038f,-1.2246467991473532e-16f,0.20970955597178983f,-0.9777637251064873f,0.2528354631359617f,0f,0f,0f,1f],start_interpolation:0}
execute if entity @s[tag=aj.bertram.bone.leftarm] run data modify entity @s {} merge value {transformation:[-0.8782496042903731f,0.38823074308610317f,0.2792033715530939f,0.3125f,0.46615043127960754f,0.5647856146549916f,0.6809706197014811f,1.0224829040950025f,0.10668368189015016f,0.7282129493503912f,-0.6769966709052311f,0.16855697542397446f,0f,0f,0f,1f],start_interpolation:0}
execute if entity @s[tag=aj.bertram.bone.cane] run data modify entity @s {} merge value {transformation:[-9.991445489278482e-17f,-9.045677405232829e-18f,1f,-0.32812500000000006f,0.07386356140832429f,0.9972683562091391f,1.6401005311267155e-17f,0.5865324910798545f,-0.9972683562091391f,0.07386356140832429f,-9.897337824395837e-17f,0.48903872618360605f,0f,0f,0f,1f],start_interpolation:0}
execute if entity @s[tag=aj.bertram.bone.rightarm] run data modify entity @s {} merge value {transformation:[-1f,8.659560562354932e-17f,8.659560562354933e-17f,-0.34375f,0f,0.7071067811865475f,-0.7071067811865474f,1.0505757333323316f,-1.2246467991473532e-16f,-0.7071067811865474f,-0.7071067811865475f,0.11272649140814067f,0f,0f,0f,1f],start_interpolation:0}
execute if entity @s[tag=aj.bertram.bone.torso] run data modify entity @s {} merge value {transformation:[-1.0104166666666665f,-5.561946600392264e-17f,1.1053574139748851e-16f,5.160569010673236e-17f,0f,0.9025928249226455f,0.4541674060034867f,-0.14995726023750622f,-1.2374035366384712e-16f,0.4541674060034867f,-0.9025928249226455f,-0.4213924385599362f,0f,0f,0f,1f],start_interpolation:0}