execute if entity @s[tag=aj.bertram.bone.head] run data modify entity @s {} merge value {transformation:[-1f,-2.3313062552017775e-17f,1.2022520094000378e-16f,-2.8510080489575125e-17f,0f,0.9817132664186052f,0.19036560229650903f,1.1995637245438888f,-1.2246467991473532e-16f,0.19036560229650903f,-0.9817132664186052f,0.2328024742270584f,0f,0f,0f,1f],start_interpolation:0}
execute if entity @s[tag=aj.bertram.bone.leftarm] run data modify entity @s {} merge value {transformation:[-0.8923366326324507f,0.3588150929849583f,0.27383765830939766f,0.3125f,0.447506068326193f,0.6240687438242384f,0.6405283145910645f,1.0288758163625926f,0.058937703326574595f,0.6941108931776195f,-0.7174513329130806f,0.15520164948470566f,0f,0f,0f,1f],start_interpolation:0}
execute if entity @s[tag=aj.bertram.bone.cane] run data modify entity @s {} merge value {transformation:[-9.965156822921061e-17f,-4.188364238466924e-18f,1f,-0.32812500000000006f,0.034200589438383666f,0.9994149887219359f,7.5940563700491e-18f,0.591035206001564f,-0.9994149887219359f,0.034200589438383666f,-9.945002641218156e-17f,0.4693388860348181f,0f,0f,0f,1f],start_interpolation:0}
execute if entity @s[tag=aj.bertram.bone.rightarm] run data modify entity @s {} merge value {transformation:[-1f,8.659560562354933e-17f,8.659560562354934e-17f,-0.34375f,0f,0.7071067811865477f,-0.7071067811865475f,1.0547427579433768f,-1.2246467991473532e-16f,-0.7071067811865475f,-0.7071067811865477f,0.0983056800909402f,0f,0f,0f,1f],start_interpolation:0}
execute if entity @s[tag=aj.bertram.bone.torso] run data modify entity @s {} merge value {transformation:[-1.0104166666666665f,-5.121255199053309e-17f,1.1264523799731134e-16f,4.7516800815958545e-17f,0f,0.9198181718658746f,0.418182222222679f,-0.16593954090648166f,-1.2374035366384712e-16f,0.418182222222679f,-0.9198181718658746f,-0.388004123711764f,0f,0f,0f,1f],start_interpolation:0}