execute if entity @s[tag=aj.bertram.bone.head] run data modify entity @s {} merge value {transformation:[-1f,-2.1626143911007858e-17f,1.2054006689129946e-16f,-2.6741644451244717e-17f,0f,0.9842843420259961f,0.17659086624865897f,1.2058861920484818f,-1.2246467991473532e-16f,0.17659086624865897f,-0.9842843420259961f,0.21836209811566315f,0f,0f,0f,1f],start_interpolation:0}
execute if entity @s[tag=aj.bertram.bone.leftarm] run data modify entity @s {} merge value {transformation:[-0.901437639237255f,0.3375328748834733f,0.27107515736279136f,0.3125f,0.43213009532163754f,0.6640285348216637f,0.6101882378904947f,1.033090794698988f,0.025956950585093203f,0.667186378244859f,-0.7444384282133956f,0.1455747320771088f,0f,0f,0f,1f],start_interpolation:0}
execute if entity @s[tag=aj.bertram.bone.cane] run data modify entity @s {} merge value {transformation:[-9.958213938644757e-17f,-7.364515121622296e-19f,1f,-0.32812500000000006f,0.006013582958572072f,0.999981918246525f,1.3352836522200367e-18f,0.5932699722762582f,-0.999981918246525f,0.006013582958572072f,-9.957591005448929e-17f,0.45526927343298385f,0f,0f,0f,1f],start_interpolation:0}
execute if entity @s[tag=aj.bertram.bone.rightarm] run data modify entity @s {} merge value {transformation:[-1f,8.659560562354933e-17f,8.659560562354933e-17f,-0.34375f,0f,0.7071067811865475f,-0.7071067811865475f,1.0573532500451726f,-1.2246467991473532e-16f,-0.7071067811865475f,-0.7071067811865475f,0.08797626629394417f,0f,0f,0f,1f],start_interpolation:0}
execute if entity @s[tag=aj.bertram.bone.torso] run data modify entity @s {} merge value {transformation:[-1.0104166666666665f,-4.8035916884643284e-17f,1.1403607242406067e-16f,4.45694074187412e-17f,0f,0.9311751968278283f,0.3922430280966541f,-0.1764769867474697f,-1.2374035366384712e-16f,0.3922430280966541f,-0.9311751968278283f,-0.3639368301927719f,0f,0f,0f,1f],start_interpolation:0}