execute if entity @s[tag=aj.bertram.bone.head] run data modify entity @s {} merge value {transformation:[-1f,-2.1743528494379003e-17f,1.2051894786809544e-16f,-2.6865248712049872e-17f,0f,0.9841118921145706f,0.17754938411236362f,1.2054598800356313f,-1.2246467991473532e-16f,0.17754938411236362f,-0.9841118921145706f,0.21937140349980505f,0f,0f,0f,1f],start_interpolation:0}
execute if entity @s[tag=aj.bertram.bone.leftarm] run data modify entity @s {} merge value {transformation:[-0.9008294153832737f,0.339021687347653f,0.2712391193913215f,0.3125f,0.4332549542286494f,0.6613109677330765f,0.6123380999025562f,1.032806586690421f,0.028222491324478044f,0.6691278648090304f,-0.7426111980838612f,0.14624760233320339f,0f,0f,0f,1f],start_interpolation:0}
execute if entity @s[tag=aj.bertram.bone.cane] run data modify entity @s {} merge value {transformation:[-9.958381756965929e-17f,-9.764153424305637e-19f,1f,-0.32812500000000006f,0.007973036332682759f,0.9999682148406707f,1.7703697025434637e-18f,0.5931404992062347f,-0.9999682148406707f,0.007973036332682759f,-9.957286728715023e-17f,0.4562489226915902f,0f,0f,0f,1f],start_interpolation:0}
execute if entity @s[tag=aj.bertram.bone.rightarm] run data modify entity @s {} merge value {transformation:[-1f,8.659560562354933e-17f,8.659560562354933e-17f,-0.34375f,0f,0.7071067811865475f,-0.7071067811865476f,1.057181187079288f,-1.2246467991473532e-16f,-0.7071067811865476f,-0.7071067811865475f,0.08869650455146655f,0f,0f,0f,1f],start_interpolation:0}
execute if entity @s[tag=aj.bertram.bone.torso] run data modify entity @s {} merge value {transformation:[-1.0104166666666665f,-4.825794676053402e-17f,1.139422910920762e-16f,4.4775414520083116e-17f,0f,0.9304094141380786f,0.3940560396200201f,-0.17576646672605245f,-1.2374035366384712e-16f,0.3940560396200201f,-0.9304094141380786f,-0.3656190058330084f,0f,0f,0f,1f],start_interpolation:0}