execute if entity @s[tag=aj.thaddeus.bone.rightarm] run data modify entity @s {} merge value {transformation:[-0.9999996675152757f,-0.0007514609657705305f,0.0003166634727488957f,-0.3125f,-0.0008123703237771956f,0.9517868799347855f,-0.30675898558715964f,1.3954957262786503f,-0.00007087873514887009f,-0.3067591408424908f,-0.9517871739447752f,0.02850687132899649f,0f,0f,0f,1f],start_interpolation:0}
execute if entity @s[tag=aj.thaddeus.bone.leftarm] run data modify entity @s {} merge value {transformation:[-0.9999996675152757f,0.0007514609657706058f,-0.0003166634727486626f,0.3125f,0.0008123703237771956f,0.9517868799347855f,-0.30675898558715964f,1.3954957262786503f,0.00007087873514862517f,-0.3067591408424908f,-0.9517871739447752f,0.028506871328996566f,0f,0f,0f,1f],start_interpolation:0}
execute if entity @s[tag=aj.thaddeus.bone.torso] run data modify entity @s {} merge value {transformation:[-1f,-1.0644517992744122e-17f,1.2200119697495071e-16f,-1.6467299994356685e-19f,0f,0.9962153745871275f,0.0869190855694495f,1.0841784217201729f,-1.2246467991473532e-16f,0.0869190855694495f,-0.9962153745871275f,0.0013446570885435605f,0f,0f,0f,1f],start_interpolation:0}
execute if entity @s[tag=aj.thaddeus.bone.head] run data modify entity @s {} merge value {transformation:[-1f,-1.0644517992744122e-17f,1.2200119697495071e-16f,-4.1563672472226125e-18f,0f,0.9962153745871275f,0.0869190855694495f,1.4577591871903457f,-1.2246467991473532e-16f,0.0869190855694495f,-0.9962153745871275f,0.03393931417708712f,0f,0f,0f,1f],start_interpolation:0}
execute if entity @s[tag=aj.thaddeus.bone.leftleg] run data modify entity @s {} merge value {transformation:[-0.4873450380333063f,0.8567808858407848f,0.16858626148709552f,0.28125f,-0.02135980287402089f,0.18131052317780283f,-0.9831939040729323f,0.773078954915936f,-0.8729482073556816f,-0.4827556398871707f,-0.07006011298613683f,-0.03277882864249174f,0f,0f,0f,1f],start_interpolation:0}
execute if entity @s[tag=aj.thaddeus.bone.rightleg] run data modify entity @s {} merge value {transformation:[-0.5157546370724558f,-0.8429020350728968f,-0.1533405152209562f,-0.284456f,0.020956848862817807f,0.16651631043637566f,-0.9858159710840545f,0.7637337520370693f,0.8564799850691203f,-0.5116526923887194f,-0.06821698870057304f,-0.032550164800091604f,0f,0f,0f,1f],start_interpolation:0}