execute if entity @s[tag=aj.thaddeus.bone.rightarm] run data modify entity @s {} merge value {transformation:[-0.9999954092944228f,-0.0027723573233647105f,0.0012228756892978473f,-0.3125f,-0.0030199459748050843f,0.9448614095054079f,-0.32745655704805043f,1.3810012582750615f,-0.00024762146342390483f,-0.32745874680992326f,-0.944865444294205f,0.024933238466896872f,0f,0f,0f,1f],start_interpolation:0}
execute if entity @s[tag=aj.thaddeus.bone.leftarm] run data modify entity @s {} merge value {transformation:[-0.9999954092944228f,0.002772357323364791f,-0.0012228756892976157f,0.3125f,0.0030199459748050843f,0.9448614095054079f,-0.32745655704805043f,1.3810012582750615f,0.0002476214634236599f,-0.32745874680992326f,-0.944865444294205f,0.024933238466896948f,0f,0f,0f,1f],start_interpolation:0}
execute if entity @s[tag=aj.thaddeus.bone.torso] run data modify entity @s {} merge value {transformation:[-1f,-1.0007945186068036e-17f,1.220550648673427e-16f,7.404180255996534e-20f,0f,0.9966552393091803f,0.08172107413366823f,1.0695464959909426f,-1.2246467991473532e-16f,0.08172107413366823f,-0.9966552393091803f,-0.000604597199874414f,0f,0f,0f,1f],start_interpolation:0}
execute if entity @s[tag=aj.thaddeus.bone.head] run data modify entity @s {} merge value {transformation:[-1f,-1.0007945186068036e-17f,1.220550648673427e-16f,-3.678937642215548e-18f,0f,0.9966552393091803f,0.08172107413366823f,1.4432922107318853f,-1.2246467991473532e-16f,0.08172107413366823f,-0.9966552393091803f,0.030040805600251172f,0f,0f,0f,1f],start_interpolation:0}
execute if entity @s[tag=aj.thaddeus.bone.leftleg] run data modify entity @s {} merge value {transformation:[-0.3884269171727648f,0.8982335615204834f,0.20567206658632564f,0.35039444027047334f,-0.08364953898204164f,0.18790522456843847f,-0.9786186086560875f,0.7855863144828868f,-0.917674934082736f,-0.39732618279961424f,0.002149376219611157f,-0.03943429073656118f,0f,0f,0f,1f],start_interpolation:0}
execute if entity @s[tag=aj.thaddeus.bone.rightleg] run data modify entity @s {} merge value {transformation:[-0.4035429794928951f,-0.8924975810746948f,-0.20149722449159282f,-0.35900000000000004f,0.0830577751615001f,0.183582514218537f,-0.9794890843998325f,0.7734787353264321f,0.9111830055961418f,-0.4120018546669652f,0.00004542865053955292f,-0.038330639130735984f,0f,0f,0f,1f],start_interpolation:0}