execute if entity @s[tag=aj.thaddeus.bone.rightarm] run data modify entity @s {} merge value {transformation:[-0.9999929522593116f,-0.0034267771337027257f,0.0015338286025852544f,-0.3125f,-0.003744048260319032f,0.9405191125708291f,-0.33972015099432146f,1.3745752869688084f,-0.00027844987085386006f,-0.33972349946310176f,-0.9405253140549771f,0.019739474067082565f,0f,0f,0f,1f],start_interpolation:0}
execute if entity @s[tag=aj.thaddeus.bone.leftarm] run data modify entity @s {} merge value {transformation:[-0.9999929522593116f,0.003426777133702809f,-0.001533828602585024f,0.3125f,0.003744048260319032f,0.9405191125708291f,-0.33972015099432146f,1.3745752869688084f,0.00027844987085361514f,-0.33972349946310176f,-0.9405253140549771f,0.01973947406708264f,0f,0f,0f,1f],start_interpolation:0}
execute if entity @s[tag=aj.thaddeus.bone.torso] run data modify entity @s {} merge value {transformation:[-1f,-9.082777630030499e-18f,1.2212739650521497e-16f,4.2097963607404137e-19f,0f,0.9972458719546307f,0.07416650773393833f,1.0629359519829864f,-1.2246467991473532e-16f,0.07416650773393833f,-0.9972458719546307f,-0.0034375595997731268f,0f,0f,0f,1f],start_interpolation:0}
execute if entity @s[tag=aj.thaddeus.bone.head] run data modify entity @s {} merge value {transformation:[-1f,-9.082777630030499e-18f,1.2212739650521497e-16f,-2.985061975187396e-18f,0f,0.9972458719546307f,0.07416650773393833f,1.436903153965973f,-1.2246467991473532e-16f,0.07416650773393833f,-0.9972458719546307f,0.024374880800453746f,0f,0f,0f,1f],start_interpolation:0}
execute if entity @s[tag=aj.thaddeus.bone.leftleg] run data modify entity @s {} merge value {transformation:[-0.3559304471447218f,0.9095660913029291f,0.2144831982866486f,0.395473328324568f,-0.1050335220384299f,0.18912269267236986f,-0.9763199098474614f,0.7964725643691579f,-0.9285911242541364f,-0.37002990780241507f,0.028220405528184375f,-0.04340982358740264f,0f,0f,0f,1f],start_interpolation:0}
execute if entity @s[tag=aj.thaddeus.bone.rightleg] run data modify entity @s {} merge value {transformation:[-0.3629655157796148f,-0.9072262425022682f,-0.21259487122236498f,-0.411632f,0.10472894842924382f,0.1869896210589358f,-0.9767633945726777f,0.7839073572899691f,0.9258984186808741f,-0.37679626661028814f,0.027142066111585345f,-0.041988565166771734f,0f,0f,0f,1f],start_interpolation:0}