execute if entity @s[tag=aj.thaddeus.bone.rightarm] run data modify entity @s {} merge value {transformation:[-0.999998844229082f,-0.0013979178649188308f,0.0005978010898750732f,-0.3125f,-0.0015147123210680084f,0.9499346445538128f,-0.31244499791644215f,1.3914393338866424f,-0.00013109952143243813f,-0.31244554229827654f,-0.9499356640903905f,0.02803202843124306f,0f,0f,0f,1f],start_interpolation:0}
execute if entity @s[tag=aj.thaddeus.bone.leftarm] run data modify entity @s {} merge value {transformation:[-0.999998844229082f,0.0013979178649189072f,-0.0005978010898748406f,0.3125f,0.0015147123210680084f,0.9499346445538128f,-0.31244499791644215f,1.3914393338866424f,0.0001310995214321932f,-0.31244554229827654f,-0.9499356640903905f,0.028032028431243135f,0f,0f,0f,1f],start_interpolation:0}
execute if entity @s[tag=aj.thaddeus.bone.torso] run data modify entity @s {} merge value {transformation:[-1f,-1.0559934016768618e-17f,1.2200854732427588e-16f,-1.3295400895275324e-19f,0f,0.996275394744207f,0.08622840499089905f,1.0801032730290776f,-1.2246467991473532e-16f,0.08622840499089905f,-0.996275394744207f,0.0010856518715871427f,0f,0f,0f,1f],start_interpolation:0}
execute if entity @s[tag=aj.thaddeus.bone.head] run data modify entity @s {} merge value {transformation:[-1f,-1.0559934016768618e-17f,1.2200854732427588e-16f,-4.092929265240985e-18f,0f,0.996275394744207f,0.08622840499089905f,1.453706546058155f,-1.2246467991473532e-16f,0.08622840499089905f,-0.996275394744207f,0.033421303743174285f,0f,0f,0f,1f],start_interpolation:0}
execute if entity @s[tag=aj.thaddeus.bone.leftleg] run data modify entity @s {} merge value {transformation:[-0.453643919651581f,0.8717026376949921f,0.18531515210242008f,0.2989763335837717f,-0.04063389836213297f,0.18749463305457573f,-0.9814248055147301f,0.7760181583249921f,-0.8902561881093812f,-0.4527474726724857f,-0.04963512387041107f,-0.03442301223785855f,0f,0f,0f,1f],start_interpolation:0}
execute if entity @s[tag=aj.thaddeus.bone.rightleg] run data modify entity @s {} merge value {transformation:[-0.4825825906859389f,-0.8590869317772747f,-0.1705393996012525f,-0.30312799999999995f,0.03993480316875658f,0.1729279810749386f,-0.9841245474314816f,0.7658142481462455f,0.8749395720063873f,-0.4817318310127055f,-0.04914456558385639f,-0.03395727590865652f,0f,0f,0f,1f],start_interpolation:0}