execute if entity @s[tag=aj.thaddeus.bone.rightarm] run data modify entity @s {} merge value {transformation:[-0.9999999722417378f,-0.00021752430518161338f,0.00009055219701378202f,-0.3125f,-0.00023561523709468514f,0.925482641779459f,-0.378789947398784f,1.4303041228866022f,-0.0000014084663935486536f,-0.37878995821971073f,-0.9254826673417099f,-0.02714031950260998f,0f,0f,0f,1f],start_interpolation:0}
execute if entity @s[tag=aj.thaddeus.bone.leftarm] run data modify entity @s {} merge value {transformation:[-0.9999999722417378f,0.00021752430518170613f,-0.00009055219701355534f,0.3125f,0.00023561523709468514f,0.925482641779459f,-0.378789947398784f,1.4303041228866022f,0.0000014084663933037243f,-0.37878995821971073f,-0.9254826673417099f,-0.027140319502609905f,0f,0f,0f,1f],start_interpolation:0}
execute if entity @s[tag=aj.thaddeus.bone.torso] run data modify entity @s {} merge value {transformation:[-1f,-7.320592096941138e-19f,1.2246249187376547e-16f,3.552499043700186e-18f,0f,0.9999821332896035f,0.005977717087112806f,1.1178097062336012f,-1.2246467991473532e-16f,0.005977717087112806f,-0.9999821332896035f,-0.029008356092332696f,0f,0f,0f,1f],start_interpolation:0}
execute if entity @s[tag=aj.thaddeus.bone.head] run data modify entity @s {} merge value {transformation:[-1f,-7.320592096941138e-19f,1.2246249187376547e-16f,3.2779768400648936e-18f,0f,0.9999821332896035f,0.005977717087112806f,1.4928030062172026f,-1.2246467991473532e-16f,0.005977717087112806f,-0.9999821332896035f,-0.026766712184665396f,0f,0f,0f,1f],start_interpolation:0}
execute if entity @s[tag=aj.thaddeus.bone.leftleg] run data modify entity @s {} merge value {transformation:[-0.41675093402219576f,0.8872371365330205f,0.19781031962037238f,0.44111689814814814f,-0.006425435287389927f,0.21472749631182628f,-0.9766528636670361f,0.8692600065743239f,-0.9089980048234402f,-0.4082920105565882f,-0.08378699984283919f,-0.032143792029330466f,0f,0f,0f,1f],start_interpolation:0}
execute if entity @s[tag=aj.thaddeus.bone.rightleg] run data modify entity @s {} merge value {transformation:[-0.4163206543763053f,-0.8874122110241885f,-0.19793099925187602f,-0.506f,0.006426828800418272f,0.21481606450447155f,-0.976633377630716f,0.8698132334938208f,0.9091951433060204f,-0.4078647155074485f,-0.08372911818939109f,-0.03214770262512024f,0f,0f,0f,1f],start_interpolation:0}