execute if entity @s[tag=aj.thaddeus.bone.rightarm] run data modify entity @s {} merge value {transformation:[-1f,3.682583948479538e-17f,1.1679664110263902e-16f,-0.3125f,0f,0.9537169507482269f,-0.30070579950427306f,1.399727604938075f,-1.2246467991473532e-16f,-0.30070579950427306f,-0.9537169507482269f,0.02866957313901496f,0f,0f,0f,1f],start_interpolation:0}
execute if entity @s[tag=aj.thaddeus.bone.leftarm] run data modify entity @s {} merge value {transformation:[-1f,3.682583948479538e-17f,1.1679664110263902e-16f,0.3125f,0f,0.9537169507482269f,-0.30070579950427306f,1.399727604938075f,-1.2246467991473532e-16f,-0.30070579950427306f,-0.9537169507482269f,0.028669573139015036f,0f,0f,0f,1f],start_interpolation:0}
execute if entity @s[tag=aj.thaddeus.bone.torso] run data modify entity @s {} merge value {transformation:[-1f,-1.0673500138322974e-17f,1.2199866483456202e-16f,-1.7554130453563671e-19f,0f,0.9961946980917455f,0.08715574274765818f,1.0884167617844045f,-1.2246467991473532e-16f,0.08715574274765818f,-0.9961946980917455f,0.0014334035303718157f,0f,0f,0f,1f],start_interpolation:0}
execute if entity @s[tag=aj.thaddeus.bone.head] run data modify entity @s {} merge value {transformation:[-1f,-1.0673500138322974e-17f,1.2199866483456202e-16f,-4.178103856406752e-18f,0f,0.9961946980917455f,0.08715574274765818f,1.4619897735688092f,-1.2246467991473532e-16f,0.08715574274765818f,-0.9961946980917455f,0.03411680706074363f,0f,0f,0f,1f],start_interpolation:0}
execute if entity @s[tag=aj.thaddeus.bone.leftleg] run data modify entity @s {} merge value {transformation:[-0.5241769634855081f,0.8383372492004458f,0.14976370573053466f,0.26352366641622843f,2.0297305286124482e-16f,0.1758596274827347f,-0.9844152535498594f,0.7702532165664914f,-0.8516093652321542f,-0.5160077984145818f,-0.09218156553359268f,-0.031249999999999955f,0f,0f,0f,1f],start_interpolation:0}
execute if entity @s[tag=aj.thaddeus.bone.rightleg] run data modify entity @s {} merge value {transformation:[-0.5515614464193098f,-0.823091865205628f,-0.13527657689400197f,-0.26599999999999996f,-1.9909280097135748e-16f,0.162176022121471f,-0.986761844544496f,0.7618437499999999f,0.8341342642667537f,-0.5442597902483485f,-0.0894500413358487f,-0.03125000000000002f,0f,0f,0f,1f],start_interpolation:0}