execute if entity @s[tag=aj.thaddeus.bone.rightarm] run data modify entity @s {} merge value {transformation:[-0.9990144297113549f,0.044307538768979f,-0.0026478740022509136f,-0.3125f,0.044381818287448895f,0.9980026342751084f,-0.0449554911600828f,1.4331448663682118f,0.0006507180620211245f,-0.04502870182649993f,-0.9989854816651862f,-0.02117108463585831f,0f,0f,0f,1f],start_interpolation:0}
execute if entity @s[tag=aj.thaddeus.bone.leftarm] run data modify entity @s {} merge value {transformation:[-0.9990144297113549f,-0.044307538768978985f,0.002647874002251158f,0.3125f,-0.044381818287448895f,0.9980026342751084f,-0.0449554911600828f,1.4331448663682118f,-0.000650718062021369f,-0.04502870182649994f,-0.9989854816651862f,-0.021171084635858234f,0f,0f,0f,1f],start_interpolation:0}
execute if entity @s[tag=aj.thaddeus.bone.torso] run data modify entity @s {} merge value {transformation:[-1f,-1.7953616639379268e-18f,1.2245151899063662e-16f,3.1537606233587563e-18f,0f,0.9998925328992174f,0.014660240529660694f,1.1206784498372064f,-1.2246467991473532e-16f,0.014660240529660694f,-0.9998925328992174f,-0.02575240980137724f,0f,0f,0f,1f],start_interpolation:0}
execute if entity @s[tag=aj.thaddeus.bone.head] run data modify entity @s {} merge value {transformation:[-1f,-1.7953616639379268e-18f,1.2245151899063662e-16f,2.4804999993820338e-18f,0f,0.9998925328992174f,0.014660240529660694f,1.495638149674413f,-1.2246467991473532e-16f,0.014660240529660694f,-0.9998925328992174f,-0.02025481960275448f,0f,0f,0f,1f],start_interpolation:0}
execute if entity @s[tag=aj.thaddeus.bone.leftleg] run data modify entity @s {} merge value {transformation:[-0.9963731801188699f,0.08506678212890845f,0.0020318754988761616f,0.14284372652141253f,0.08267715951239935f,0.9734790750581207f,-0.21331426984369123f,0.7474067593701919f,-0.02012394679905969f,-0.21237262771416343f,-0.976981521710114f,-0.02431498763133775f,0f,0f,0f,1f],start_interpolation:0}
execute if entity @s[tag=aj.thaddeus.bone.rightleg] run data modify entity @s {} merge value {transformation:[-0.9956648730972711f,-0.09299030517915177f,-0.00206485420384213f,-0.14340800000000004f,-0.09037460336877264f,0.9724313516843284f,-0.2149644094433474f,0.7471699078457376f,0.021997535001266284f,-0.21384590106915374f,-0.9766197003182916f,-0.02528806768683555f,0f,0f,0f,1f],start_interpolation:0}