execute if entity @s[tag=aj.thaddeus.bone.rightarm] run data modify entity @s {} merge value {transformation:[-0.999999816371642f,-0.0005588269096457979f,0.00023445504317452307f,-0.3125f,-0.0006059768919630059f,0.9265239015189218f,-0.3762354219184601f,1.4232942699890287f,-0.000006977723202870341f,-0.3762354949053057f,-0.9265240700190531f,-0.023334076530937064f,0f,0f,0f,1f],start_interpolation:0}
execute if entity @s[tag=aj.thaddeus.bone.leftarm] run data modify entity @s {} merge value {transformation:[-0.999999816371642f,0.0005588269096458901f,-0.00023445504317429615f,0.3125f,0.0006059768919630059f,0.9265239015189218f,-0.3762354219184601f,1.4232942699890287f,0.000006977723202625411f,-0.3762354949053057f,-0.9265240700190531f,-0.023334076530936988f,0f,0f,0f,1f],start_interpolation:0}
execute if entity @s[tag=aj.thaddeus.bone.torso] run data modify entity @s {} merge value {transformation:[-1f,-1.410066958353947e-18f,1.2245656184048095e-16f,3.2982461379527485e-18f,0f,0.9999337108931324f,0.011514070500455238f,1.1108149853349247f,-1.2246467991473532e-16f,0.011514070500455238f,-0.9999337108931324f,-0.026932223562329285f,0f,0f,0f,1f],start_interpolation:0}
execute if entity @s[tag=aj.thaddeus.bone.head] run data modify entity @s {} merge value {transformation:[-1f,-1.410066958353947e-18f,1.2245656184048095e-16f,2.7694710285700183e-18f,0f,0.9999337108931324f,0.011514070500455238f,1.4857901269198495f,-1.2246467991473532e-16f,0.011514070500455238f,-0.9999337108931324f,-0.02261444712465857f,0f,0f,0f,1f],start_interpolation:0}
execute if entity @s[tag=aj.thaddeus.bone.leftleg] run data modify entity @s {} merge value {transformation:[-0.4076441124100766f,0.8908892349779639f,0.200356304162807f,0.44620734739369f,-0.016600455256480677f,0.21214800486988958f,-0.9770965402226144f,0.8643015494916921f,-0.9129899794097844f,-0.4016336577406128f,-0.07169171826102277f,-0.033585757069003866f,0f,0f,0f,1f],start_interpolation:0}
execute if entity @s[tag=aj.thaddeus.bone.rightleg] run data modify entity @s {} merge value {transformation:[-0.40660714082812643f,-0.8912980254068624f,-0.20064511689399328f,-0.5138888888888888f,0.0166088581684294f,0.21237182107573843f,-0.9770477754149568f,0.8654480506606271f,0.9134521218202503f,-0.4006070887026373f,-0.07154845647028467f,-0.0336066033452892f,0f,0f,0f,1f],start_interpolation:0}