execute if entity @s[tag=aj.thaddeus.bone.rightarm] run data modify entity @s {} merge value {transformation:[-0.9985163071781566f,0.054446619064638074f,0.0008660090803978016f,-0.3125f,0.05445316575450559f,0.9984399963524447f,0.012346109631881447f,1.4400269561482582f,-0.00019245417501625675f,0.012374948733642746f,-0.9999234088695145f,-0.033679820509433876f,0f,0f,0f,1f],start_interpolation:0}
execute if entity @s[tag=aj.thaddeus.bone.leftarm] run data modify entity @s {} merge value {transformation:[-0.9985163071781566f,-0.054446619064638074f,-0.0008660090803975568f,0.3125f,-0.05445316575450559f,0.9984399963524447f,0.012346109631881447f,1.4400269561482582f,0.0001924541750160122f,0.012374948733642734f,-0.9999234088695145f,-0.03367982050943379f,0f,0f,0f,1f],start_interpolation:0}
execute if entity @s[tag=aj.thaddeus.bone.torso] run data modify entity @s {} merge value {transformation:[-1f,4.328250050008344e-19f,1.2246391504902014e-16f,3.9893306242107916e-18f,0f,0.9999937543974662f,-0.0035342843773583047f,1.12752890789905f,-1.2246467991473532e-16f,-0.0035342843773583047f,-0.9999937543974662f,-0.032575356641509366f,0f,0f,0f,1f],start_interpolation:0}
execute if entity @s[tag=aj.thaddeus.bone.head] run data modify entity @s {} merge value {transformation:[-1f,4.328250050008344e-19f,1.2246391504902014e-16f,4.151640001086104e-18f,0f,0.9999937543974662f,-0.0035342843773583047f,1.5025265657980997f,-1.2246467991473532e-16f,-0.0035342843773583047f,-0.9999937543974662f,-0.033900713283018725f,0f,0f,0f,1f],start_interpolation:0}
execute if entity @s[tag=aj.thaddeus.bone.leftleg] run data modify entity @s {} merge value {transformation:[-0.9990482215818578f,-0.043619387365336f,1.2246467991473532e-16f,0.125f,-0.043619387365336f,0.9990482215818578f,0f,0.7525312500000001f,-1.223481206754078e-16f,-5.341834311772723e-18f,-1f,-0.031249999999999986f,0f,0f,0f,1f],start_interpolation:0}
execute if entity @s[tag=aj.thaddeus.bone.rightleg] run data modify entity @s {} merge value {transformation:[-0.9990482215818578f,0.043619387365336f,1.2246467991473532e-16f,-0.125f,0.043619387365336f,0.9990482215818578f,0f,0.7525312500000001f,-1.223481206754078e-16f,5.341834311772723e-18f,-1f,-0.031250000000000014f,0f,0f,0f,1f],start_interpolation:0}