execute if entity @s[tag=aj.thaddeus.bone.rightarm] run data modify entity @s {} merge value {transformation:[-0.9999087568948964f,0.012939024051622883f,-0.003880662507163341f,-0.3125f,0.013474244758115157f,0.9757629125914392f,-0.21841516233830838f,1.4135293195638774f,0.0009605275120396094f,-0.21844752245714005f,-0.9758482245304523f,0.017635199515862315f,0f,0f,0f,1f],start_interpolation:0}
execute if entity @s[tag=aj.thaddeus.bone.leftarm] run data modify entity @s {} merge value {transformation:[-0.9999087568948964f,-0.012939024051622831f,0.0038806625071635802f,0.3125f,-0.013474244758115157f,0.9757629125914392f,-0.21841516233830838f,1.4135293195638774f,-0.0009605275120398542f,-0.21844752245714005f,-0.9758482245304523f,0.01763519951586239f,0f,0f,0f,1f],start_interpolation:0}
execute if entity @s[tag=aj.thaddeus.bone.torso] run data modify entity @s {} merge value {transformation:[-1f,-8.707942270949902e-18f,1.2215469523528099e-16f,5.615428957292656e-19f,0f,0.9974687830020039f,0.07110574475034524f,1.1018203248757512f,-1.2246467991473532e-16f,0.07110574475034524f,-0.9974687830020039f,-0.004585345718620536f,0f,0f,0f,1f],start_interpolation:0}
execute if entity @s[tag=aj.thaddeus.bone.head] run data modify entity @s {} merge value {transformation:[-1f,-8.707942270949902e-18f,1.2215469523528099e-16f,-2.7039354558769476e-18f,0f,0.9974687830020039f,0.07110574475034524f,1.4758711185015028f,-1.2246467991473532e-16f,0.07110574475034524f,-0.9974687830020039f,0.02207930856275893f,0f,0f,0f,1f],start_interpolation:0}
execute if entity @s[tag=aj.thaddeus.bone.leftleg] run data modify entity @s {} merge value {transformation:[-0.660791736280985f,0.7452615884821026f,0.08910356892905197f,0.21210555972952672f,0.29592149890677266f,0.3677817156816804f,-0.8815708003870186f,0.759789457363933f,-0.6897715185099556f,-0.5561670381669276f,-0.4635660448189634f,-0.01751300988624764f,0f,0f,0f,1f],start_interpolation:0}
execute if entity @s[tag=aj.thaddeus.bone.rightleg] run data modify entity @s {} merge value {transformation:[-0.6809654995951081f,-0.7279628621957911f,-0.07972489965435206f,-0.213368f,-0.28872470325280053f,0.36693197821212475f,-0.884307055890045f,0.7548395296100557f,0.6729963106085851f,-0.5791640481150816f,-0.4600488792271799f,-0.019636597191754063f,0f,0f,0f,1f],start_interpolation:0}