execute if entity @s[tag=aj.thaddeus.bone.rightarm] run data modify entity @s {} merge value {transformation:[-0.999996562894561f,-0.0024020945893847095f,0.001050780970552696f,-0.3125f,-0.0026126911290457913f,0.9464709951222999f,-0.3227782973455116f,1.384124551170852f,-0.00021918970923012356f,-0.32277993328859056f,-0.9464740179329195f,0.02622537464709962f,0f,0f,0f,1f],start_interpolation:0}
execute if entity @s[tag=aj.thaddeus.bone.leftarm] run data modify entity @s {} merge value {transformation:[-0.999996562894561f,0.0024020945893847884f,-0.001050780970552464f,0.3125f,0.0026126911290457913f,0.9464709951222999f,-0.3227782973455116f,1.384124551170852f,0.00021918970922987863f,-0.32277993328859056f,-0.9464740179329195f,0.026225374647099696f,0f,0f,0f,1f],start_interpolation:0}
execute if entity @s[tag=aj.thaddeus.bone.torso] run data modify entity @s {} merge value {transformation:[-1f,-1.0238113976925896e-17f,1.2203597358489853e-16f,-1.2271494011731805e-20f,0f,0.9964993471576027f,0.08360054494123587f,1.072718505184101f,-1.2246467991473532e-16f,0.08360054494123587f,-0.9964993471576027f,0.0001002043529634497f,0f,0f,0f,1f],start_interpolation:0}
execute if entity @s[tag=aj.thaddeus.bone.head] run data modify entity @s {} merge value {transformation:[-1f,-1.0238113976925896e-17f,1.2203597358489853e-16f,-3.851564235358942e-18f,0f,0.9964993471576027f,0.08360054494123587f,1.4464057603682021f,-1.2246467991473532e-16f,0.08360054494123587f,-0.9964993471576027f,0.0314504087059269f,0f,0f,0f,1f],start_interpolation:0}
execute if entity @s[tag=aj.thaddeus.bone.leftleg] run data modify entity @s {} merge value {transformation:[-0.4041979754158288f,0.8922422148175051f,0.20131524226272118f,0.3337246431254695f,-0.07187039895466368f,0.18843409198306738f,-0.9794525198970159f,0.7822629731304072f,-0.911843540539627f,-0.41036133233538225f,-0.012038874535749089f,-0.03781022319742087f,0f,0f,0f,1f],start_interpolation:0}
execute if entity @s[tag=aj.thaddeus.bone.rightleg] run data modify entity @s {} merge value {transformation:[-0.4226182617406994f,-0.8848246737055844f,-0.1961609075353089f,-0.340544f,0.0712132175613184f,0.18335030162572385f,-0.9804648614500778f,0.770657110199444f,0.9035056626761309f,-0.4283316048292052f,-0.014475973770478032f,-0.03689546319531814f,0f,0f,0f,1f],start_interpolation:0}