execute if entity @s[tag=aj.thaddeus.bone.rightarm] run data modify entity @s {} merge value {transformation:[-0.9984251369470616f,0.056077897203788564f,0.0015859878444445562f,-0.3125f,0.05609921270025105f,0.9981840019187831f,0.021944854700244466f,1.441986429338594f,-0.0003524863875298259f,0.021999267228800457f,-0.9997579246971451f,-0.035569661476321825f,0f,0f,0f,1f],start_interpolation:0}
execute if entity @s[tag=aj.thaddeus.bone.leftarm] run data modify entity @s {} merge value {transformation:[-0.9984251369470616f,-0.056077897203788564f,-0.0015859878444443112f,0.3125f,-0.05609921270025105f,0.9981840019187831f,0.021944854700244466f,1.441986429338594f,0.0003524863875295813f,0.021999267228800443f,-0.9997579246971451f,-0.03556966147632174f,0f,0f,0f,1f],start_interpolation:0}
execute if entity @s[tag=aj.thaddeus.bone.torso] run data modify entity @s {} merge value {transformation:[-1f,7.694632146003775e-19f,1.2246226256680036e-16f,4.11556995281062e-18f,0f,0.9999802608561371f,-0.006283143965558949f,1.1294925978210513f,-1.2246467991473532e-16f,-0.006283143965558949f,-0.9999802608561371f,-0.03360617898708461f,0f,0f,0f,1f],start_interpolation:0}
execute if entity @s[tag=aj.thaddeus.bone.head] run data modify entity @s {} merge value {transformation:[-1f,7.694632146003775e-19f,1.2246226256680036e-16f,4.4041186582857616e-18f,0f,0.9999802608561371f,-0.006283143965558949f,1.5044851956421028f,-1.2246467991473532e-16f,-0.006283143965558949f,-0.9999802608561371f,-0.03596235797416921f,0f,0f,0f,1f],start_interpolation:0}
execute if entity @s[tag=aj.thaddeus.bone.leftleg] run data modify entity @s {} merge value {transformation:[-0.9990482215818578f,-0.043619387365336f,1.2246467991473532e-16f,0.125f,-0.043619387365336f,0.9990482215818578f,0f,0.7545f,-1.223481206754078e-16f,-5.341834311772723e-18f,-1f,-0.031249999999999986f,0f,0f,0f,1f],start_interpolation:0}
execute if entity @s[tag=aj.thaddeus.bone.rightleg] run data modify entity @s {} merge value {transformation:[-0.9990482215818578f,0.043619387365336f,1.2246467991473532e-16f,-0.125f,0.043619387365336f,0.9990482215818578f,0f,0.7545f,-1.223481206754078e-16f,5.341834311772723e-18f,-1f,-0.031250000000000014f,0f,0f,0f,1f],start_interpolation:0}