execute if entity @s[tag=aj.thaddeus.bone.rightarm] run data modify entity @s {} merge value {transformation:[-0.9999999941032085f,-0.00010029783136182815f,0.00004164046163347929f,-0.3125f,-0.00010859754261998283f,0.924959318714953f,-0.38006610862972723f,1.4332141809317998f,-3.9592655378850674e-7f,-0.3800661109106084f,-0.9249593241527587f,-0.028743518821300777f,0f,0f,0f,1f],start_interpolation:0}
execute if entity @s[tag=aj.thaddeus.bone.leftarm] run data modify entity @s {} merge value {transformation:[-0.9999999941032085f,0.00010029783136192126f,-0.00004164046163325274f,0.3125f,0.00010859754261998283f,0.924959318714953f,-0.38006610862972723f,1.4332141809317998f,3.9592655354357743e-7f,-0.3800661109106084f,-0.9249593241527587f,-0.0287435188213007f,0f,0f,0f,1f],start_interpolation:0}
execute if entity @s[tag=aj.thaddeus.bone.torso] run data modify entity @s {} merge value {transformation:[-1f,-4.46480604017038e-19f,1.2246386602459033e-16f,3.6595910208290894e-18f,0f,0.9999933540826176f,0.003645790805380744f,1.1207162577809817f,-1.2246467991473532e-16f,0.003645790805380744f,-0.9999933540826176f,-0.02988282844798222f,0f,0f,0f,1f],start_interpolation:0}
execute if entity @s[tag=aj.thaddeus.bone.head] run data modify entity @s {} merge value {transformation:[-1f,-4.46480604017038e-19f,1.2246386602459033e-16f,3.4921607943227e-18f,0f,0.9999933540826176f,0.003645790805380744f,1.4957137655619632f,-1.2246467991473532e-16f,0.003645790805380744f,-0.9999933540826176f,-0.028515656895964442f,0f,0f,0f,1f],start_interpolation:0}
execute if entity @s[tag=aj.thaddeus.bone.leftleg] run data modify entity @s {} merge value {transformation:[-0.419904086772678f,0.885946490124112f,0.19692479414327152f,0.43921467764060357f,-0.0029568056480250467f,0.21564406052541643f,-0.9764675603728321f,0.8714039540277891f,-0.9075636700595517f,-0.4106049875450578f,-0.08793025071703013f,-0.03165947729994317f,0f,0f,0f,1f],start_interpolation:0}
execute if entity @s[tag=aj.thaddeus.bone.rightleg] run data modify entity @s {} merge value {transformation:[-0.41970014301268277f,-0.8860303775031974f,-0.1969821314146929f,-0.5028888888888889f,0.002957112971997993f,0.21568534134272146f,-0.9764584420305581f,0.871681044463954f,0.9076580002611142f,-0.41040224618222476f,-0.08790307668438054f,-0.03166038004935216f,0f,0f,0f,1f],start_interpolation:0}