execute if entity @s[tag=aj.thaddeus.bone.rightarm] run data modify entity @s {} merge value {transformation:[-0.9999996490807529f,-0.0007719577874949604f,0.0003254528311784013f,-0.3125f,-0.0008376679115448476f,0.9270527123908866f,-0.3749300824969507f,1.419332366368212f,-0.000012281732949581106f,-0.37493022354816186f,-0.9270530337145144f,-0.021171084635858334f,0f,0f,0f,1f],start_interpolation:0}
execute if entity @s[tag=aj.thaddeus.bone.leftarm] run data modify entity @s {} merge value {transformation:[-0.9999996490807529f,0.0007719577874950523f,-0.00032545283117817425f,0.3125f,0.0008376679115448476f,0.9270527123908866f,-0.3749300824969507f,1.419332366368212f,0.000012281732949336178f,-0.37493022354816186f,-0.9270530337145144f,-0.021171084635858258f,0f,0f,0f,1f],start_interpolation:0}
execute if entity @s[tag=aj.thaddeus.bone.torso] run data modify entity @s {} merge value {transformation:[-1f,-1.795361663937923e-18f,1.2245151899063662e-16f,3.1537606233587574e-18f,0f,0.9998925328992174f,0.014660240529660662f,1.1068659498372067f,-1.2246467991473532e-16f,0.014660240529660662f,-0.9998925328992174f,-0.025752409801377253f,0f,0f,0f,1f],start_interpolation:0}
execute if entity @s[tag=aj.thaddeus.bone.head] run data modify entity @s {} merge value {transformation:[-1f,-1.795361663937923e-18f,1.2245151899063662e-16f,2.4804999993820365e-18f,0f,0.9998925328992174f,0.014660240529660662f,1.481825649674413f,-1.2246467991473532e-16f,0.014660240529660662f,-0.9998925328992174f,-0.020254819602754503f,0f,0f,0f,1f],start_interpolation:0}
execute if entity @s[tag=aj.thaddeus.bone.leftleg] run data modify entity @s {} merge value {transformation:[-0.4020069659164738f,0.893094197161538f,0.20192363494900434f,0.44907407407407407f,-0.023010035370281425f,0.21060473451982056f,-0.9773004574183387f,0.8614949412033908f,-0.9153474409353473f,-0.3975278616578008f,-0.06411444126627741f,-0.03450760496487701f,0f,0f,0f,1f],start_interpolation:0}
execute if entity @s[tag=aj.thaddeus.bone.rightleg] run data modify entity @s {} merge value {transformation:[-0.4006278273312085f,-0.8936272129575843f,-0.20230607561201888f,-0.518f,0.023025220678252675f,0.2109110346187212f,-0.9772340429440525f,0.8628648787961123f,0.91595151792035f,-0.39616529345428664f,-0.06392086577703533f,-0.034542042503077255f,0f,0f,0f,1f],start_interpolation:0}