execute if entity @s[tag=aj.thaddeus.bone.rightarm] run data modify entity @s {} merge value {transformation:[-0.9984207277588368f,0.05615533654306227f,0.0016212832109031886f,-0.3125f,0.05617758042001551f,0.9981694431307206f,0.022401836046624823f,1.4420796080062837f,-0.00036033271740370165f,0.022457537216769435f,-0.999747732771868f,-0.03565965320221724f,0f,0f,0f,1f],start_interpolation:0}
execute if entity @s[tag=aj.thaddeus.bone.leftarm] run data modify entity @s {} merge value {transformation:[-0.9984207277588368f,-0.05615533654306228f,-0.0016212832109029436f,0.3125f,-0.05617758042001551f,0.9981694431307206f,0.022401836046624823f,1.4420796080062837f,0.00036033271740345705f,0.02245753721676942f,-0.999747732771868f,-0.03565965320221716f,0f,0f,0f,1f],start_interpolation:0}
execute if entity @s[tag=aj.thaddeus.bone.torso] run data modify entity @s {} merge value {transformation:[-1f,7.854934806465697e-19f,1.2246216079512252e-16f,4.121581302577942e-18f,0f,0.9999794298273219f,-0.006414041021406833f,1.1295860361852457f,-1.2246467991473532e-16f,-0.006414041021406833f,-0.9999794298273219f,-0.033655265383027565f,0f,0f,0f,1f],start_interpolation:0}
execute if entity @s[tag=aj.thaddeus.bone.head] run data modify entity @s {} merge value {transformation:[-1f,7.854934806465697e-19f,1.2246216079512252e-16f,4.416141357820406e-18f,0f,0.9999794298273219f,-0.006414041021406833f,1.5045783223704914f,-1.2246467991473532e-16f,-0.006414041021406833f,-0.9999794298273219f,-0.03606053076605512f,0f,0f,0f,1f],start_interpolation:0}
execute if entity @s[tag=aj.thaddeus.bone.leftleg] run data modify entity @s {} merge value {transformation:[-0.9990482215818578f,-0.043619387365336f,1.2246467991473532e-16f,0.125f,-0.043619387365336f,0.9990482215818578f,0f,0.75459375f,-1.223481206754078e-16f,-5.341834311772723e-18f,-1f,-0.031249999999999986f,0f,0f,0f,1f],start_interpolation:0}
execute if entity @s[tag=aj.thaddeus.bone.rightleg] run data modify entity @s {} merge value {transformation:[-0.9990482215818578f,0.043619387365336f,1.2246467991473532e-16f,-0.125f,0.043619387365336f,0.9990482215818578f,0f,0.75459375f,-1.223481206754078e-16f,5.341834311772723e-18f,-1f,-0.031250000000000014f,0f,0f,0f,1f],start_interpolation:0}