execute if entity @s[tag=aj.thaddeus.bone.rightarm] run data modify entity @s {} merge value {transformation:[-0.9999999996046555f,-0.000025976477391246522f,0.00001076622800561673f,-0.3125f,-0.000028119155523538854f,0.924426825500902f,-0.38135946756785494f,1.4356357902289816f,-4.6214390636989024e-8f,-0.38135946771982376f,-0.9244268258658715f,-0.030120081623144626f,0f,0f,0f,1f],start_interpolation:0}
execute if entity @s[tag=aj.thaddeus.bone.leftarm] run data modify entity @s {} merge value {transformation:[-0.9999999996046555f,0.000025976477391339926f,-0.000010766228005390311f,0.3125f,0.000028119155523538854f,0.924426825500902f,-0.38135946756785494f,1.4356357902289816f,4.6214390392059666e-8f,-0.38135946771982376f,-0.9244268258658715f,-0.03012008162314455f,0f,0f,0f,1f],start_interpolation:0}
execute if entity @s[tag=aj.thaddeus.bone.torso] run data modify entity @s {} merge value {transformation:[-1f,-2.012728616020007e-19f,1.2246451451687446e-16f,3.7515439242347285e-18f,0f,0.999998649423973f,0.0016435176390624195f,1.12313621228399f,-1.2246467991473532e-16f,0.0016435176390624195f,-0.999998649423973f,-0.030633680885351594f,0f,0f,0f,1f],start_interpolation:0}
execute if entity @s[tag=aj.thaddeus.bone.head] run data modify entity @s {} merge value {transformation:[-1f,-2.012728616020007e-19f,1.2246451451687446e-16f,3.676066601133978e-18f,0f,0.999998649423973f,0.0016435176390624195f,1.4981357058179798f,-1.2246467991473532e-16f,0.0016435176390624195f,-0.999998649423973f,-0.030017361770703185f,0f,0f,0f,1f],start_interpolation:0}
execute if entity @s[tag=aj.thaddeus.bone.leftleg] run data modify entity @s {} merge value {transformation:[-0.4219129393859219f,0.8851171640249659f,0.1963595618428931f,0.4379554612482853f,-0.000764816398405493f,0.21623274315145363f,-0.976341546716657f,0.8733188587082351f,-0.9066360276509025f,-0.4120813108327033f,-0.0905544401329544f,-0.031355600649552354f,0f,0f,0f,1f],start_interpolation:0}
execute if entity @s[tag=aj.thaddeus.bone.rightleg] run data modify entity @s {} merge value {transformation:[-0.42185875505463055f,-0.8851396055917586f,-0.19637481864185985f,-0.5007777777777778f,0.0007648376677238563f,0.21624359320442363f,-0.9763391436490609f,0.8733959334407563f,0.906661240931308f,-0.41202741050918673f,-0.09054726490620732f,-0.03135566566794743f,0f,0f,0f,1f],start_interpolation:0}