execute if entity @s[tag=aj.thaddeus.bone.rightarm] run data modify entity @s {} merge value {transformation:[-0.9998062110938178f,0.019097953135683375f,-0.004775818699586242f,-0.3125f,0.019649742093038793f,0.9828758787636593f,-0.18321816116379183f,1.418138532705718f,0.0011949451456595656f,-0.18327649912247715f,-0.9830606781758222f,0.010481333222162964f,0f,0f,0f,1f],start_interpolation:0}
execute if entity @s[tag=aj.thaddeus.bone.leftarm] run data modify entity @s {} merge value {transformation:[-0.9998062110938178f,-0.019097953135683327f,0.004775818699586483f,0.3125f,-0.019649742093038793f,0.9828758787636593f,-0.18321816116379183f,1.418138532705718f,-0.0011949451456598106f,-0.18327649912247715f,-0.9830606781758222f,0.01048133322216304f,0f,0f,0f,1f],start_interpolation:0}
execute if entity @s[tag=aj.thaddeus.bone.torso] run data modify entity @s {} merge value {transformation:[-1f,-7.43362089522524e-18f,1.2223886087085663e-16f,1.039413411626014e-18f,0f,0.9981560475719538f,0.060700121050418915f,1.1062147678394827f,-1.2246467991473532e-16f,0.060700121050418915f,-0.9981560475719538f,-0.008487454606092907f,0f,0f,0f,1f],start_interpolation:0}
execute if entity @s[tag=aj.thaddeus.bone.head] run data modify entity @s {} merge value {transformation:[-1f,-7.43362089522524e-18f,1.2223886087085663e-16f,-1.748194424083451e-18f,0f,0.9981560475719538f,0.060700121050418915f,1.4805232856789652f,-1.2246467991473532e-16f,0.060700121050418915f,-0.9981560475719538f,0.014275090787814186f,0f,0f,0f,1f],start_interpolation:0}
execute if entity @s[tag=aj.thaddeus.bone.leftleg] run data modify entity @s {} merge value {transformation:[-0.7193215935121519f,0.6912639943992971f,0.06877888596267781f,0.19614012021036825f,0.3868488072000631f,0.480840458512717f,-0.7868547857293419f,0.7555417268460116f,-0.5769960532577558f,-0.539394608338282f,-0.6132935765362005f,-0.01540352068032294f,0f,0f,0f,1f],start_interpolation:0}
execute if entity @s[tag=aj.thaddeus.bone.rightleg] run data modify entity @s {} merge value {transformation:[-0.7353012308042134f,-0.6749406344404506f,-0.06154055539992025f,-0.19721599999999995f,-0.37741712368684793f,0.4831999859469974f,-0.789983600037854f,0.7519003544854416f,0.5629284277115123f,-0.5576494540138486f,-0.610031697301297f,-0.01784489015989637f,0f,0f,0f,1f],start_interpolation:0}