execute if entity @s[tag=aj.percival.bone.rightarm] run data modify entity @s {} merge value {transformation:[0.4422443657129329f,0.8966476871101303f,0.02104391111982934f,-0.26540985638948666f,0.8748503932738507f,-0.4364259763648708f,0.21016459393189413f,0.742689854182209f,0.19762770651847975f,-0.07453383361952398f,-0.977439510794516f,-0.20709577816474117f,0f,0f,0f,1f],start_interpolation:0}
execute if entity @s[tag=aj.percival.bone.leftarm] run data modify entity @s {} merge value {transformation:[0.5548640932169591f,-0.5042392185666722f,0.6617164411723448f,0.25427238064811214f,-0.8014795852375792f,-0.5372500449201754f,0.2626649266283323f,0.742689854182209f,0.22306123039631834f,-0.6760955551492267f,-0.7022381987627415f,0.008163652540621867f,0f,0f,0f,1f],start_interpolation:0}
execute if entity @s[tag=aj.percival.bone.torso] run data modify entity @s {} merge value {transformation:[-0.9238795325112867f,-0.000995600117002478f,0.3826821372720881f,-0.00037335004387592535f,0f,0.9999966157588959f,0.0026016284814040494f,0.49999873090958596f,-0.38268343236508984f,0.002403591305167622f,-0.9238764058801976f,-0.03034865326056214f,0f,0f,0f,1f],start_interpolation:0}
execute if entity @s[tag=aj.percival.bone.head] run data modify entity @s {} merge value {transformation:[-0.6926848614421476f,0.019855821853370557f,0.7209670096942022f,-0.0007467000877518546f,0.0010439316891882415f,0.9996475294662196f,-0.026527854016337008f,0.8749974618191719f,-0.7212396224109581f,-0.017622802575384858f,-0.6924614385609411f,-0.029447306521124282f,0f,0f,0f,1f],start_interpolation:0}