execute if entity @s[tag=aj.percival.bone.rightarm] run data modify entity @s {} merge value {transformation:[0.40257163641935434f,0.9145559575614011f,0.039031756808941276f,-0.2636220770257588f,0.8994526658293329f,-0.4031252036051866f,0.1687452877883811f,0.7490341001590481f,0.17006169316794964f,-0.03282484892921894f,-0.9848865669759256f,-0.2103589931394044f,0f,0f,0f,1f],start_interpolation:0}
execute if entity @s[tag=aj.percival.bone.leftarm] run data modify entity @s {} merge value {transformation:[0.41586985267909454f,-0.6070233374561687f,0.6771816103647844f,0.25468609479642407f,-0.8922548433699087f,-0.4163527874189811f,0.1747330847074597f,0.7490341001590481f,0.17587939082111884f,-0.6768847938844682f,-0.7147680852502951f,0.008188230641513514f,0f,0f,0f,1f],start_interpolation:0}
execute if entity @s[tag=aj.percival.bone.torso] run data modify entity @s {} merge value {transformation:[-0.9214367499061028f,0.00007032251584975866f,0.3885283914686569f,0.000026370943443663325f,-6.776263578034403e-21f,0.9999999836200235f,-0.0001809971066259916f,0.4999999938575088f,-0.38852839783274296f,-0.00016677738567186205f,-0.9214367348129906f,-0.031312541519626945f,0f,0f,0f,1f],start_interpolation:0}
execute if entity @s[tag=aj.percival.bone.head] run data modify entity @s {} merge value {transformation:[-0.7711796260702745f,0.00007032251584975866f,0.6366176084502025f,0.00005274188688732282f,-0.00005194213007783448f,0.9999999836200235f,-0.0001733838739039992f,0.8749999877150176f,-0.6366176102152113f,-0.00016677738567186205f,-0.7711796097856691f,-0.0313750830392539f,0f,0f,0f,1f],start_interpolation:0}