execute if entity @s[tag=aj.percival.bone.rightarm] run data modify entity @s {} merge value {transformation:[0.3278128950452858f,0.9445660960297698f,0.01826461259124318f,-0.2719369079053734f,0.938378434241122f,-0.32778398305919665f,0.10956082603297888f,0.7619115106360004f,0.1094742891879585f,-0.01877633300003223f,-0.9938122706657748f,-0.19742105078461913f,0f,0f,0f,1f],start_interpolation:0}
execute if entity @s[tag=aj.percival.bone.leftarm] run data modify entity @s {} merge value {transformation:[0.13631777750877144f,-0.7750072061908344f,0.6170747879206757f,0.2562438733562949f,-0.9894059640479661f,-0.1379029954996327f,0.04537182097451653f,0.7619115106360004f,0.049932973488310856f,-0.6167224612291222f,-0.7855953818436751f,-0.003949315624638357f,0f,0f,0f,1f],start_interpolation:0}
execute if entity @s[tag=aj.percival.bone.torso] run data modify entity @s {} merge value {transformation:[-0.9389880555762992f,0f,0.34394975139552136f,3.827021247335479e-18f,0f,1f,0f,0.5f,-0.34394975139552136f,0f,-0.9389880555762992f,-0.03125f,0f,0f,0f,1f],start_interpolation:0}
execute if entity @s[tag=aj.percival.bone.head] run data modify entity @s {} merge value {transformation:[-0.8710250993259891f,0f,0.4912385126841653f,3.827021247335479e-18f,0f,1f,0f,0.875f,-0.4912385126841653f,0f,-0.8710250993259891f,-0.03125f,0f,0f,0f,1f],start_interpolation:0}