execute if entity @s[tag=aj.percival.bone.rightarm] run data modify entity @s {} merge value {transformation:[0.42788913759384295f,0.9028221275630627f,0.0426976804018912f,-0.26094663511908667f,0.8862680194107967f,-0.4283736333094001f,0.17613922917671487f,0.7445050386592085f,0.17731295412028125f,-0.037526474225649475f,-0.9834388034002577f,-0.21509843602237133f,0f,0f,0f,1f],start_interpolation:0}
execute if entity @s[tag=aj.percival.bone.leftarm] run data modify entity @s {} merge value {transformation:[0.48583223315306484f,-0.5474947579964523f,0.6813343754691321f,0.2552903418281527f,-0.8454378009737337f,-0.4921793520175269f,0.20735093472734833f,0.7445050386592085f,0.22181516159677603f,-0.6767636037893983f,-0.7019893579476705f,0.008297252459692837f,0f,0f,0f,1f],start_interpolation:0}
execute if entity @s[tag=aj.percival.bone.torso] run data modify entity @s {} merge value {transformation:[-0.9177546256839811f,0.0016635643293261204f,0.3971444064687024f,0.0006238366234972989f,0f,0.9999912270311376f,-0.0041887779554038804f,0.4999967101366766f,-0.39714789063478073f,-0.003844270344535f,-0.9177465742512267f,-0.03269160137920062f,0f,0f,0f,1f],start_interpolation:0}
execute if entity @s[tag=aj.percival.bone.head] run data modify entity @s {} merge value {transformation:[-0.6866400437526959f,0.002156103983517876f,0.7269943614161724f,0.0012476732469945942f,-0.0016525125488556728f,0.9999883898064524f,-0.004526527871785847f,0.8749934202733533f,-0.7269956805357043f,-0.004309462601118372f,-0.6866285087400011f,-0.03413320275840125f,0f,0f,0f,1f],start_interpolation:0}