execute if entity @s[tag=aj.percival.bone.rightarm] run data modify entity @s {} merge value {transformation:[0.08471056626096361f,0.996399258311531f,0.003554996480733097f,-0.2903744331048956f,0.9961834577721155f,-0.08461580747053454f,-0.02141689957256375f,0.7973760932944607f,-0.02103897395166292f,0.005355666376890472f,-0.9997643114318098f,-0.16257093739769946f,0f,0f,0f,1f],start_interpolation:0}
execute if entity @s[tag=aj.percival.bone.leftarm] run data modify entity @s {} merge value {transformation:[-0.6609819990620135f,-0.691145059647227f,0.2922692310887608f,0.25765394867585817f,-0.7346591865508812f,0.675375513424078f,-0.06437231923397219f,0.7973760932944607f,-0.15290087158803825f,-0.2572672198170496f,-0.954167124289673f,-0.0357989264379912f,0f,0f,0f,1f],start_interpolation:0}
execute if entity @s[tag=aj.percival.bone.torso] run data modify entity @s {} merge value {transformation:[-0.97427267872134f,0f,0.2253724639283702f,3.827021247335479e-18f,0f,1f,0f,0.5f,-0.2253724639283702f,0f,-0.97427267872134f,-0.03125f,0f,0f,0f,1f],start_interpolation:0}
execute if entity @s[tag=aj.percival.bone.head] run data modify entity @s {} merge value {transformation:[-0.9780315178164172f,0f,0.20845707029917507f,3.827021247335479e-18f,0f,1f,0f,0.875f,-0.20845707029917507f,0f,-0.9780315178164172f,-0.03125f,0f,0f,0f,1f],start_interpolation:0}