execute if entity @s[tag=aj.percival.bone.rightarm] run data modify entity @s {} merge value {transformation:[0.4444052759296493f,0.8952814614533093f,0.031225878753352754f,-0.26203178224366813f,0.8784631168557587f,-0.4423565636767268f,0.1806189992669211f,0.7419503979753551f,0.17551781405304262f,-0.052837253431122944f,-0.9830573338314998f,-0.21403852652476726f,0f,0f,0f,1f],start_interpolation:0}
execute if entity @s[tag=aj.percival.bone.leftarm] run data modify entity @s {} merge value {transformation:[0.5267760741121693f,-0.5210683098528124f,0.6715614522961423f,0.2561588816506837f,-0.8155686221988089f,-0.5324429505287437f,0.22661051810757218f,0.7419503979753551f,0.23948860145674333f,-0.6670774474522273f,-0.705445170706352f,0.0047871708983894465f,0f,0f,0f,1f],start_interpolation:0}
execute if entity @s[tag=aj.percival.bone.torso] run data modify entity @s {} merge value {transformation:[-0.9212278469232921f,0.002495212444106822f,0.38901545980582103f,0.0009357046665400621f,0f,0.9999794298273219f,-0.006414041021406835f,0.4999922861852457f,-0.38902346208561195f,-0.005908793200228291f,-0.921208897107405f,-0.033465797450085606f,0f,0f,0f,1f],start_interpolation:0}
execute if entity @s[tag=aj.percival.bone.head] run data modify entity @s {} merge value {transformation:[-0.676483664334076f,0.013205851557439481f,0.7363392271051327f,0.0018714093330801204f,-0.002663631752475116f,0.9997888030750988f,-0.02037778966298157f,0.8749845723704914f,-0.7364528205900418f,-0.01574657836815304f,-0.676305617538896f,-0.03568159490017122f,0f,0f,0f,1f],start_interpolation:0}