execute if entity @s[tag=aj.percival.bone.rightarm] run data modify entity @s {} merge value {transformation:[0.37390811058392387f,0.9274652689491857f,0.0009485423417868177f,-0.28089795736632445f,0.8595267589398664f,-0.3469025238175621f,0.3753297079040423f,0.753973681068454f,0.3484343202181556f,-0.13952352440366336f,-0.9268908838866051f,-0.16970419473105555f,0f,0f,0f,1f],start_interpolation:0}
execute if entity @s[tag=aj.percival.bone.leftarm] run data modify entity @s {} merge value {transformation:[0.5988603323939913f,-0.4824830173842246f,0.6391998437271181f,0.23878427967127439f,-0.7973822308969373f,-0.43345868625409234f,0.41987515425504723f,0.753973681068454f,0.0744840931661358f,-0.7611331718212593f,-0.6443045977009074f,0.04555523597430749f,0f,0f,0f,1f],start_interpolation:0}
execute if entity @s[tag=aj.percival.bone.torso] run data modify entity @s {} merge value {transformation:[-0.9238795325112867f,-0.02529736192756107f,0.38184637340982075f,-0.009486510722835398f,0f,0.9978126595392546f,0.06610519240724991f,0.4991797473272205f,-0.38268343236508984f,0.06107323425777871f,-0.9218586934289703f,-0.008347537153332984f,0f,0f,0f,1f],start_interpolation:0}
execute if entity @s[tag=aj.percival.bone.head] run data modify entity @s {} merge value {transformation:[-0.7074271097806418f,-0.02529736192756107f,0.7063334395502692f,-0.0189730214456708f,0.025297361927561064f,0.9978126595392546f,0.061073234257778705f,0.873359494654441f,-0.7063334395502692f,0.06107323425777871f,-0.7052397693198964f,0.014554925693334032f,0f,0f,0f,1f],start_interpolation:0}