execute if entity @s[tag=aj.percival.bone.rightarm] run data modify entity @s {} merge value {transformation:[-0.02954287959544867f,0.9995153850418086f,0.009808839377515532f,-0.29689941171213186f,0.9978658590129478f,0.03006296960715482f,-0.05796503493271731f,0.8125f,-0.05823182704982455f,0.008075451883601314f,-0.9982704249827873f,-0.14706554008417877f,0f,0f,0f,1f],start_interpolation:0}
execute if entity @s[tag=aj.percival.bone.leftarm] run data modify entity @s {} merge value {transformation:[-0.8888729857824711f,-0.4239706658945983f,0.17364817766693044f,0.25705494935723516f,-0.43051109680829514f,0.9025852843498606f,0f,0.8125f,-0.15673228981634152f,-0.07475746742615193f,-0.984807753012208f,-0.04938844014653039f,0f,0f,0f,1f],start_interpolation:0}
execute if entity @s[tag=aj.percival.bone.torso] run data modify entity @s {} merge value {transformation:[-0.984807753012208f,0f,0.17364817766693044f,3.827021247335479e-18f,0f,1f,0f,0.5f,-0.17364817766693044f,0f,-0.984807753012208f,-0.03125f,0f,0f,0f,1f],start_interpolation:0}
execute if entity @s[tag=aj.percival.bone.head] run data modify entity @s {} merge value {transformation:[-0.9961946980917455f,0f,0.08715574274765825f,3.827021247335479e-18f,0f,1f,0f,0.875f,-0.08715574274765825f,0f,-0.9961946980917455f,-0.03125f,0f,0f,0f,1f],start_interpolation:0}
execute if entity @s[tag=aj.percival.bone.leftleg] run data modify entity @s {} merge value {transformation:[-0.9762960071199334f,-0.21643961393810277f,2.719262146893782e-32f,0.125f,-4.805924856701235e-17f,2.1678126119083116e-16f,-1f,0.125f,0.21643961393810277f,-0.9762960071199334f,-2.220446049250313e-16f,-0.031249999999999986f,0f,0f,0f,1f],start_interpolation:0}
execute if entity @s[tag=aj.percival.bone.rightleg] run data modify entity @s {} merge value {transformation:[-0.9762960071199334f,0.216439613938103f,2.719262146893782e-32f,-0.125f,4.805924856701235e-17f,2.1678126119083116e-16f,-1f,0.125f,-0.216439613938103f,-0.9762960071199334f,-2.220446049250313e-16f,-0.031250000000000014f,0f,0f,0f,1f],start_interpolation:0}