execute if entity @s[tag=aj.percival.bone.rightarm] run data modify entity @s {} merge value {transformation:[0.44711346860074935f,0.8941037110183624f,0.02584763314115457f,-0.26314793234101497f,0.8764173262477228f,-0.44368054245102906f,0.18719040173885354f,0.7416488091540938f,0.17883572475486972f,-0.06104203628282384f,-0.9819835300848212f,-0.21212101476755765f,0f,0f,0f,1f],start_interpolation:0}
execute if entity @s[tag=aj.percival.bone.leftarm] run data modify entity @s {} merge value {transformation:[0.5397275773715646f,-0.5139289689552852f,0.6667616943805179f,0.2559891031310265f,-0.8073735978801437f,-0.5403135166537121f,0.2370847468045342f,0.7416488091540938f,0.2384156363804462f,-0.6662869641452216f,-0.7065547860848804f,0.004449962977154061f,0f,0f,0f,1f],start_interpolation:0}
execute if entity @s[tag=aj.percival.bone.torso] run data modify entity @s {} merge value {transformation:[-0.9229102852836293f,0.0019443727155204118f,0.385010161856065f,0.0007291397683201582f,2.168404344971009e-19f,0.9999872480574086f,-0.005050121045163625f,0.49999521802152824f,-0.38501507154615416f,-0.00466080865450882f,-0.9228985163846543f,-0.032997803245440806f,0f,0f,0f,1f],start_interpolation:0}
execute if entity @s[tag=aj.percival.bone.head] run data modify entity @s {} merge value {transformation:[-0.6819470268234895f,0.01812700733028515f,0.7311769035000018f,0.0014582795366403127f,-0.002082976299910096f,0.9996406433543493f,-0.026725369292798905f,0.8749904360430565f,-0.7313986011856579f,-0.01974831029101615f,-0.6816642065007614f,-0.03474560649088161f,0f,0f,0f,1f],start_interpolation:0}