execute if entity @s[tag=aj.percival.bone.rightarm] run data modify entity @s {} merge value {transformation:[0.40506734997319344f,0.913378410561388f,0.04074703800335572f,-0.2631217780749628f,0.8979445563402791f,-0.40582044323834293f,0.17030954638156462f,0.7485505812088944f,0.1720930438005959f,-0.03239825566581328f,-0.9845477831498372f,-0.21113912284454706f,0f,0f,0f,1f],start_interpolation:0}
execute if entity @s[tag=aj.percival.bone.leftarm] run data modify entity @s {} merge value {transformation:[0.42434382898908585f,-0.599226342708491f,0.6788667800114303f,0.2546382239497229f,-0.8871627661715838f,-0.4252468129610746f,0.17918530739218702f,0.7485505812088944f,0.18131337820929075f,-0.6783015098543236f,-0.7120621606374541f,0.008703617093340214f,0f,0f,0f,1f],start_interpolation:0}
execute if entity @s[tag=aj.percival.bone.torso] run data modify entity @s {} merge value {transformation:[-0.9204622258216634f,0.00015347918199613692f,0.3908315075317879f,0.00005755469324855518f,0f,0.9999999228937166f,-0.00039269907160554234f,0.4999999710851437f,-0.3908315376673552f,-0.00036146466152813824f,-0.9204621548482421f,-0.031385549248073054f,0f,0f,0f,1f],start_interpolation:0}
execute if entity @s[tag=aj.percival.bone.head] run data modify entity @s {} merge value {transformation:[-0.7591036912270673f,0.00015347918199613692f,0.6509697092872925f,0.00011510938649710652f,-0.00011879594383455582f,0.9999999228937166f,-0.00037429945841306253f,0.8749999421702874f,-0.6509697165406123f,-0.00036146466152813824f,-0.7591036144626987f,-0.0315210984961461f,0f,0f,0f,1f],start_interpolation:0}