execute if entity @s[tag=aj.percival.bone.rightarm] run data modify entity @s {} merge value {transformation:[0.3513063791141598f,0.9360108408810115f,0.021622528689334397f,-0.2759496562747417f,0.8752390503534194f,-0.3365232509051507f,0.34743158511665917f,0.7572715096479297f,0.33247621378099157f,-0.10313005068093378f,-0.9374560042564155f,-0.1806426047687297f,0f,0f,0f,1f],start_interpolation:0}
execute if entity @s[tag=aj.percival.bone.leftarm] run data modify entity @s {} merge value {transformation:[0.5271426623774099f,-0.5364932907456106f,0.6590110488349961f,0.2409636502062066f,-0.8481127282469302f,-0.38066074696949714f,0.3685134948711825f,0.7572715096479297f,0.053154620563074906f,-0.7531748433807186f,-0.6556693081205078f,0.041183641611028436f,0f,0f,0f,1f],start_interpolation:0}
execute if entity @s[tag=aj.percival.bone.torso] run data modify entity @s {} merge value {transformation:[-0.9189569892994638f,-0.020914022366879108f,0.3938028129484386f,-0.007842758387579661f,0f,0.9985927540074452f,0.053033118367921794f,0.49947228275279193f,-0.39435777134179223f,0.04873515478854751f,-0.9176637907589419f,-0.012974316954294685f,0f,0f,0f,1f],start_interpolation:0}
execute if entity @s[tag=aj.percival.bone.head] run data modify entity @s {} merge value {transformation:[-0.6983037415378323f,-0.17717191131173105f,0.6935286572279566f,-0.015685516775159326f,0.020294895766060396f,0.963593946181278f,0.26659861981757693f,0.8739445655055839f,-0.7155138026342394f,0.20024190551665322f,-0.6692855724688457f,0.005301366091410631f,0f,0f,0f,1f],start_interpolation:0}