execute if entity @s[tag=aj.percival.bone.rightarm] run data modify entity @s {} merge value {transformation:[0.4471906823314761f,0.8940969324932528f,0.024721831284600482f,-0.26346149447248024f,0.8760440241126312f,-0.4434032438673692f,0.18957961690129507f,0.7416747927620047f,0.18046429412062764f,-0.063120825676235f,-0.9815540738611878f,-0.21151206914761225f,0f,0f,0f,1f],start_interpolation:0}
execute if entity @s[tag=aj.percival.bone.leftarm] run data modify entity @s {} merge value {transformation:[0.5425079084346613f,-0.5123593542511619f,0.6657124464790949f,0.25585822494083615f,-0.8058590316885503f,-0.5412050463753817f,0.24018392707217825f,0.7416747927620047f,0.23722645369317788f,-0.66677206741821f,-0.7064974308368042f,0.004620480526133938f,0f,0f,0f,1f],start_interpolation:0}
execute if entity @s[tag=aj.percival.bone.torso] run data modify entity @s {} merge value {transformation:[-0.9232350567347847f,0.0016790226980177457f,0.38423197537255865f,0.0006296335117566584f,0f,0.9999904524946147f,-0.004369773405535802f,0.49999641968548053f,-0.3842356438644377f,-0.0040343279979780005f,-0.9232262421431087f,-0.03276287299924175f,0f,0f,0f,1f],start_interpolation:0}
execute if entity @s[tag=aj.percival.bone.head] run data modify entity @s {} merge value {transformation:[-0.6837147716784496f,0.019028912349103602f,0.729501207321479f,0.0012592670235133132f,-0.001796083836818698f,0.9996130564702013f,-0.027758087418864562f,0.8749928393709611f,-0.7297471377617981f,-0.020288859729229263f,-0.6834160351494184f,-0.0342757459984835f,0f,0f,0f,1f],start_interpolation:0}