execute if entity @s[tag=aj.percival.bone.rightarm] run data modify entity @s {} merge value {transformation:[0.37636554798023963f,0.9260276304101696f,0.02866708932662887f,-0.26710682346903275f,0.914779001533796f,-0.3763381301231683f,0.14679574301807594f,0.7537725407623367f,0.14672543285458653f,-0.029024808911070787f,-0.9887513377089865f,-0.20507878028762377f,0f,0f,0f,1f],start_interpolation:0}
execute if entity @s[tag=aj.percival.bone.leftarm] run data modify entity @s {} merge value {transformation:[0.3187102258790791f,-0.6800975939241563f,0.6602204591336746f,0.25536494878847066f,-0.9392887884379744f,-0.32003175052107324f,0.12375884038378766f,0.7537725407623367f,0.12712341969451899f,-0.6595808831348822f,-0.7408054365136505f,0.003318669778598321f,0f,0f,0f,1f],start_interpolation:0}
execute if entity @s[tag=aj.percival.bone.torso] run data modify entity @s {} merge value {transformation:[-0.9288387062355616f,0f,0.3704843556732837f,3.827021247335479e-18f,0f,1f,0f,0.5f,-0.3704843556732837f,0f,-0.9288387062355616f,-0.03125f,0f,0f,0f,1f],start_interpolation:0}
execute if entity @s[tag=aj.percival.bone.head] run data modify entity @s {} merge value {transformation:[-0.8257345829321042f,0f,0.5640588608912585f,3.827021247335479e-18f,0f,1f,0f,0.875f,-0.5640588608912585f,0f,-0.8257345829321042f,-0.03125f,0f,0f,0f,1f],start_interpolation:0}