execute if entity @s[tag=aj.percival.bone.rightarm] run data modify entity @s {} merge value {transformation:[0.34602227223745397f,0.9379739071882571f,0.021760894963781585f,-0.2701879735371502f,0.9301438541661233f,-0.3459869838615077f,0.12298543635490532f,0.7589218226973329f,0.1228861166797092f,-0.022314937427923065f,-0.992169867459685f,-0.20024987856767318f,0f,0f,0f,1f],start_interpolation:0}
execute if entity @s[tag=aj.percival.bone.leftarm] run data modify entity @s {} merge value {transformation:[0.20487727349882612f,-0.7445631730162279f,0.6353353320819598f,0.2559450155505735f,-0.9757161801638164f,-0.20674387461337806f,0.07235265079026995f,0.7589218226973329f,0.07748056898486305f,-0.634730377166443f,-0.7688394564094166f,-0.001276694963406183f,0f,0f,0f,1f],start_interpolation:0}
execute if entity @s[tag=aj.percival.bone.torso] run data modify entity @s {} merge value {transformation:[-0.9353475361559531f,0f,0.35373010418536355f,3.827021247335479e-18f,0f,1f,0f,0.5f,-0.35373010418536355f,0f,-0.9353475361559531f,-0.03125f,0f,0f,0f,1f],start_interpolation:0}
execute if entity @s[tag=aj.percival.bone.head] run data modify entity @s {} merge value {transformation:[-0.856034166748711f,0f,0.5169192445235911f,3.827021247335479e-18f,0f,1f,0f,0.875f,-0.5169192445235911f,0f,-0.856034166748711f,-0.03125f,0f,0f,0f,1f],start_interpolation:0}