execute if entity @s[tag=aj.percival.bone.rightarm] run data modify entity @s {} merge value {transformation:[0.3932954177108305f,0.9193841956538645f,0.007170438589096939f,-0.2766504928090353f,0.8660311462050299f,-0.37306818018086396f,0.33288164073637494f,0.7510302744251457f,0.3087211819918838f,-0.12471100079157085f,-0.9429413545237578f,-0.17995848127096192f,0f,0f,0f,1f],start_interpolation:0}
execute if entity @s[tag=aj.percival.bone.leftarm] run data modify entity @s {} merge value {transformation:[0.5903495336520309f,-0.4842756182670316f,0.6457279254213136f,0.2430317442285635f,-0.798726664079304f,-0.4657657980125084f,0.38091723181095055f,0.7510302744251457f,0.11628905453900534f,-0.7406344219342327f,-0.6617684707211194f,0.0353009494344011f,0f,0f,0f,1f],start_interpolation:0}
execute if entity @s[tag=aj.percival.bone.torso] run data modify entity @s {} merge value {transformation:[-0.9238795325112867f,-0.01877738602978873f,0.38222247341125115f,-0.00704151976117077f,0f,0.9987954562051724f,0.04906767432741802f,0.4995482960769396f,-0.38268343236508984f,0.045332620019031024f,-0.9227666791532321f,-0.014250267492863365f,0f,0f,0f,1f],start_interpolation:0}
execute if entity @s[tag=aj.percival.bone.head] run data modify entity @s {} merge value {transformation:[-0.7060078694604088f,-0.00833194696077099f,0.70815497380151f,-0.014083039522341544f,0.01885909136025614f,0.9993550014988172f,0.030560033579244285f,0.8740965921538792f,-0.7079528394837045f,0.034930783546063264f,-0.7053953624938416f,0.0027494650142732696f,0f,0f,0f,1f],start_interpolation:0}