execute if entity @s[tag=aj.percival.bone.rightarm] run data modify entity @s {} merge value {transformation:[0.34278266249699996f,0.939403304140517f,-0.004634486093102963f,-0.28598989336775976f,0.8533983399126408f,-0.3093301177382544f,0.41955470643813153f,0.7584668113887547f,0.39269749136684945f,-0.1477711420742123f,-0.9077182216107961f,-0.15740285456818628f,0f,0f,0f,1f],start_interpolation:0}
execute if entity @s[tag=aj.percival.bone.leftarm] run data modify entity @s {} merge value {transformation:[0.5869436875096827f,-0.502740068518256f,0.6346255046866578f,0.23359488713491033f,-0.8095601746296334f,-0.3745613580981233f,0.4520133987763272f,0.7584668113887547f,0.010460943847160925f,-0.7790739454801119f,-0.6268447623837006f,0.05809170654645571f,0f,0f,0f,1f],start_interpolation:0}
execute if entity @s[tag=aj.percival.bone.torso] run data modify entity @s {} merge value {transformation:[-0.9237062764491912f,-0.03303422629178559f,0.38167454033727927f,-0.012387834859419591f,3.469446951953614e-18f,0.996275394744207f,0.08622840499089907f,0.49860327302907764f,-0.38310144198158574f,0.07964971889829622f,-0.9202658351971196f,-0.0013813554131389162f,0f,0f,0f,1f],start_interpolation:0}
execute if entity @s[tag=aj.percival.bone.head] run data modify entity @s {} merge value {transformation:[-0.7073327997209823f,-0.03303422629178559f,0.7061083842670187f,-0.024775669718839186f,0.03299818198928429f,0.996275394744207f,0.07966465849218574f,0.8722065460581553f,-0.7061100696239071f,0.07964971889829622f,-0.7036081948464952f,0.028487289173722168f,0f,0f,0f,1f],start_interpolation:0}