execute if entity @s[tag=aj.percival.bone.rightarm] run data modify entity @s {} merge value {transformation:[-0.061866434976058725f,0.998006154103642f,0.012500423777238978f,-0.29856576202567847f,0.9958720266958562f,0.06255790922345472f,-0.06576788303023093f,0.8167009602194788f,-0.06641875238245018f,0.008379997902593195f,-0.997756646165342f,-0.1426994762034614f,0f,0f,0f,1f],start_interpolation:0}
execute if entity @s[tag=aj.percival.bone.leftarm] run data modify entity @s {} merge value {transformation:[-0.93090478356014f,-0.33283484415701825f,0.15045680596045577f,0.256761337089194f,-0.3329942811424513f,0.9426003874960579f,0.024886104932345464f,0.8167009602194788f,-0.15010360645657717f,-0.026934661818091253f,-0.9883033093749479f,-0.05315583886020536f,0f,0f,0f,1f],start_interpolation:0}
execute if entity @s[tag=aj.percival.bone.torso] run data modify entity @s {} merge value {transformation:[-0.9872481762042178f,0f,0.159188688610233f,3.827021247335479e-18f,0f,1f,0f,0.5f,-0.159188688610233f,0f,-0.9872481762042178f,-0.03125f,0f,0f,0f,1f],start_interpolation:0}
execute if entity @s[tag=aj.percival.bone.head] run data modify entity @s {} merge value {transformation:[-0.999186400647608f,0f,0.04033034540984945f,3.827021247335479e-18f,0f,1f,0f,0.875f,-0.04033034540984945f,0f,-0.999186400647608f,-0.03125f,0f,0f,0f,1f],start_interpolation:0}