execute if entity @s[tag=aj.percival.bone.rightarm] run data modify entity @s {} merge value {transformation:[0.342748968467792f,0.939425614596524f,0.0016307219896374847f,-0.28392648471832926f,0.858827199746328f,-0.31404520407951897f,0.40471156490831084f,0.7585034389626261f,0.3807085310183436f,-0.1373139629993843f,-0.9144429397044185f,-0.162284494659266f,0f,0f,0f,1f],start_interpolation:0}
execute if entity @s[tag=aj.percival.bone.leftarm] run data modify entity @s {} merge value {transformation:[0.5718074596435766f,-0.5124520511223742f,0.6406474259656644f,0.23500119060080932f,-0.8202173638868983f,-0.37302260874569804f,0.43370221274854204f,0.7585034389626261f,0.01672438562062578f,-0.7734643034200257f,-0.6336191807865251f,0.054787654148163306f,0f,0f,0f,1f],start_interpolation:0}
execute if entity @s[tag=aj.percival.bone.torso] run data modify entity @s {} merge value {transformation:[-0.9225380894562464f,-0.030680696537208577f,0.384684504967916f,-0.011505261201453213f,0f,0.9968346249541847f,0.07950302190765975f,0.4988129843578193f,-0.38590604232431874f,0.07334456593669052f,-0.9196179104090675f,-0.0037457877737410578f,0f,0f,0f,1f],start_interpolation:0}
execute if entity @s[tag=aj.percival.bone.head] run data modify entity @s {} merge value {transformation:[-0.705101672071905f,-0.12800450078651726f,0.6974571526766346f,-0.02301052240290643f,0.030424489307020155f,0.9772053795894253f,0.21010472758101864f,0.8726259687156386f,-0.708453232395626f,0.16936497241130333f,-0.6851346755407346f,0.023758424452517884f,0f,0f,0f,1f],start_interpolation:0}