execute if entity @s[tag=aj.percival.bone.rightarm] run data modify entity @s {} merge value {transformation:[0.44319450341069944f,0.8958294175284752f,0.032684657519022386f,-0.2617983250893583f,0.8791154271951701f,-0.4414780455835647f,0.17959176188001752f,0.7421183181380231f,0.1753131421599549f,-0.050860495065503775f,-0.9831981042636805f,-0.214384329292128f,0f,0f,0f,1f],start_interpolation:0}
execute if entity @s[tag=aj.percival.bone.leftarm] run data modify entity @s {} merge value {transformation:[0.5230629246997952f,-0.5231665802356906f,0.6728312612601981f,0.256127620635582f,-0.818138348486889f,-0.5294514359899736f,0.22434531344180256f,0.7421183181380231f,0.238861507027905f,-0.6678157726893306f,-0.7049590585329836f,0.0050671795769754654f,0f,0f,0f,1f],start_interpolation:0}
execute if entity @s[tag=aj.percival.bone.torso] run data modify entity @s {} merge value {transformation:[-0.9207572368443383f,0.002521892809258202f,0.3901278647513373f,0.0009457098034718296f,0f,0.9999791072456058f,-0.006464137396539258f,0.49999216521710216f,-0.39013601576729506f,-0.005951901287819642f,-0.9207379996895322f,-0.033481962982932365f,0f,0f,0f,1f],start_interpolation:0}
execute if entity @s[tag=aj.percival.bone.head] run data modify entity @s {} merge value {transformation:[-0.6757609706274096f,0.011784458026700778f,0.7370266190075623f,0.0018914196069436556f,-0.002683100647595677f,0.9998262491191824f,-0.018446477798801823f,0.8749843304342043f,-0.7371159417266839f,-0.014442926340729724f,-0.6756119376765779f,-0.03571392596586473f,0f,0f,0f,1f],start_interpolation:0}