execute if entity @s[tag=aj.percival.bone.rightarm] run data modify entity @s {} merge value {transformation:[0.23875025361182906f,0.9710564416800278f,0.00690677001282286f,-0.27961281651914f,0.9696799409645765f,-0.23878168340105121f,0.052001151555475106f,0.775692419825073f,0.05214526336324926f,-0.005717931783686903f,-0.9986231405114215f,-0.18415249454549049f,0f,0f,0f,1f],start_interpolation:0}
execute if entity @s[tag=aj.percival.bone.leftarm] run data modify entity @s {} merge value {transformation:[-0.19023733355342323f,-0.841992084809898f,0.504835702025882f,0.257260229414349f,-0.9799348480369888f,0.19401149541468787f,-0.04568624792735895f,0.775692419825073f,-0.059476470349266244f,-0.5033973269341405f,-0.8620056152429373f,-0.01630261355030542f,0f,0f,0f,1f],start_interpolation:0}
execute if entity @s[tag=aj.percival.bone.torso] run data modify entity @s {} merge value {transformation:[-0.9544409705484249f,0f,0.29839978843588455f,3.827021247335479e-18f,0f,1f,0f,0.5f,-0.29839978843588455f,0f,-0.9544409705484249f,-0.03125f,0f,0f,0f,1f],start_interpolation:0}
execute if entity @s[tag=aj.percival.bone.head] run data modify entity @s {} merge value {transformation:[-0.9254079736672947f,0f,0.3789724030493401f,3.827021247335479e-18f,0f,1f,0f,0.875f,-0.3789724030493401f,0f,-0.9254079736672947f,-0.03125f,0f,0f,0f,1f],start_interpolation:0}