execute if entity @s[tag=aj.percival.bone.rightarm] run data modify entity @s {} merge value {transformation:[0.3457064514583668f,0.9382770030875837f,0.011104724086883233f,-0.28036642525145206f,0.8665559645352059f,-0.3237760141223211f,0.37980238678491846f,0.7580944059758034f,0.35995528854084374f,-0.12167727049882604f,-0.9250009903213259f,-0.1705618881235688f,0f,0f,0f,1f],start_interpolation:0}
execute if entity @s[tag=aj.percival.bone.leftarm] run data modify entity @s {} merge value {transformation:[0.5515987203607291f,-0.5234715637366738f,0.6493969307407361f,0.23755952047348822f,-0.8334945021706942f,-0.3758120245222176f,0.4050336246236094f,0.7580944059758034f,0.03202759041253658f,-0.7646848005443774f,-0.6436081022398434f,0.048889620745534684f,0f,0f,0f,1f],start_interpolation:0}
execute if entity @s[tag=aj.percival.bone.torso] run data modify entity @s {} merge value {transformation:[-0.9207572368443383f,-0.026459731902973148f,0.38923770807361646f,-0.009922399463614926f,1.734723475976807e-18f,0.9976974499728977f,0.06782181299240933f,0.4991365437398366f,-0.39013601576729506f,0.06244742512866427f,-0.9186371472436877f,-0.0078322155767509f,0f,0f,0f,1f],start_interpolation:0}
execute if entity @s[tag=aj.percival.bone.head] run data modify entity @s {} merge value {transformation:[-0.7017139434005991f,-0.27021313476323855f,0.6592286427625886f,-0.019844798927229856f,0.02595428418515844f,0.9149773313432004f,0.40266966394367404f,0.8732730874796732f,-0.7119858964681933f,0.29966872531096606f,-0.635039162808786f,0.015585568846498199f,0f,0f,0f,1f],start_interpolation:0}