execute if entity @s[tag=aj.percival.bone.rightarm] run data modify entity @s {} merge value {transformation:[-0.032174523543047284f,0.9994320876541977f,0.010015098698991143f,-0.29703783835705705f,0.9977431504734613f,0.03270778442720468f,-0.05864133798913468f,0.8128429355281207f,-0.05893560653857999f,0.008105739018506891f,-0.9982288772004613f,-0.1467100475669695f,0f,0f,0f,1f],start_interpolation:0}
execute if entity @s[tag=aj.percival.bone.leftarm] run data modify entity @s {} merge value {transformation:[-0.8926818349447546f,-0.41675212570080805f,0.1715715806406285f,0.2570330521879542f,-0.42271590160214134f,0.9062601465987482f,0.0019527466563951943f,0.8128429355281207f,-0.15630229714356278f,-0.07078285393139468f,-0.9851697211632989f,-0.04969614005542664f,0f,0f,0f,1f],start_interpolation:0}
execute if entity @s[tag=aj.percival.bone.torso] run data modify entity @s {} merge value {transformation:[-0.9850149165244644f,0f,0.17246916890940953f,3.827021247335479e-18f,0f,1f,0f,0.5f,-0.17246916890940953f,0f,-0.9850149165244644f,-0.03125f,0f,0f,0f,1f],start_interpolation:0}
execute if entity @s[tag=aj.percival.bone.head] run data modify entity @s {} merge value {transformation:[-0.9965212494609024f,0f,0.08333906270700403f,3.827021247335479e-18f,0f,1f,0f,0.875f,-0.08333906270700403f,0f,-0.9965212494609024f,-0.03125f,0f,0f,0f,1f],start_interpolation:0}