execute if entity @s[tag=aj.percival.bone.rightarm] run data modify entity @s {} merge value {transformation:[0.3882345310361344f,0.9210126929643386f,0.03177370469004315f,-0.2658385515128435f,0.9081576445833907f,-0.3882195243779887f,0.15663745872707596f,0.7516939315408704f,0.1566002602038099f,-0.03195653752060029f,-0.9871449428598587f,-0.207012238633767f,0f,0f,0f,1f],start_interpolation:0}
execute if entity @s[tag=aj.percival.bone.leftarm] run data modify entity @s {} merge value {transformation:[0.3627698418476507f,-0.6500455977579299f,0.6677115864513409f,0.25510740870953574f,-0.920090126836294f,-0.3634647238631348f,0.1460395597277256f,0.7516939315408704f,0.1477572344902379f,-0.6673335862540049f,-0.7299545768834974f,0.005170598862537734f,0f,0f,0f,1f],start_interpolation:0}
execute if entity @s[tag=aj.percival.bone.torso] run data modify entity @s {} merge value {transformation:[-0.9261261515064521f,0f,0.37721393332676395f,3.827021247335479e-18f,0f,1f,0f,0.5f,-0.37721393332676395f,0f,-0.9261261515064521f,-0.03125f,0f,0f,0f,1f],start_interpolation:0}
execute if entity @s[tag=aj.percival.bone.head] run data modify entity @s {} merge value {transformation:[-0.8108900616868658f,0f,0.5851985200403973f,3.827021247335479e-18f,0f,1f,0f,0.875f,-0.5851985200403973f,0f,-0.8108900616868658f,-0.03125f,0f,0f,0f,1f],start_interpolation:0}