execute if entity @s[tag=aj.percival.bone.rightarm] run data modify entity @s {} merge value {transformation:[0.4402242134310453f,0.89718219840833f,0.03559135805520419f,-0.2614022352925634f,0.8805870854790568f,-0.43914636649601274f,0.17809226170962722f,0.7425523626188174f,0.1754110224487566f,-0.04705923557120262f,-0.9833699210118926f,-0.214909922756569f,0f,0f,0f,1f],start_interpolation:0}
execute if entity @s[tag=aj.percival.bone.leftarm] run data modify entity @s {} merge value {transformation:[0.5150399529370703f,-0.5278759113913829f,0.6753375963555541f,0.25599735695091397f,-0.8238744980486165f,-0.522306529435118f,0.2200606752115949f,0.7425523626188174f,0.2365685066608002f,-0.6697334630150711f,-0.7039122318685189f,0.005779705332934433f,0f,0f,0f,1f],start_interpolation:0}
execute if entity @s[tag=aj.percival.bone.torso] run data modify entity @s {} merge value {transformation:[-0.9198214973217376f,0.0024651105866524674f,0.3923293722047743f,0.0009244164699946791f,0f,0.9999802608561371f,-0.006283143965558953f,0.49999259782105143f,-0.3923371166035617f,-0.0057793708902884764f,-0.9198033408328739f,-0.03341726408385818f,0f,0f,0f,1f],start_interpolation:0}
execute if entity @s[tag=aj.percival.bone.head] run data modify entity @s {} merge value {transformation:[-0.6754252059969068f,0.008911457396825608f,0.7373746517416371f,0.0018488329399893545f,-0.002596899808776279f,0.9998920358423989f,-0.014462806447091515f,0.8749851956421029f,-0.7374239263920171f,-0.011683432115924514f,-0.6753291421215093f,-0.03558452816771636f,0f,0f,0f,1f],start_interpolation:0}