execute if entity @s[tag=aj.percival.bone.rightarm] run data modify entity @s {} merge value {transformation:[0.40760361234348885f,0.9121877217954103f,0.0421052895755179f,-0.26267713246742896f,0.8964765670556474f,-0.40850495285275656f,0.17162012765083293f,0.7480690739728767f,0.1737499925889493f,-0.03220657852778597f,-0.9842630117884514f,-0.21184832066766868f,0f,0f,0f,1f],start_interpolation:0}
execute if entity @s[tag=aj.percival.bone.leftarm] run data modify entity @s {} merge value {transformation:[0.43244768193659194f,-0.5918685141745849f,0.6802063395150311f,0.25462254634983816f,-0.88213480039701f,-0.43386163043803516f,0.18330924570838564f,0.7480690739728767f,0.18662046060439308f,-0.6793053419210091f,-0.7097302699768308f,0.009075404394969643f,0f,0f,0f,1f],start_interpolation:0}
execute if entity @s[tag=aj.percival.bone.torso] run data modify entity @s {} merge value {transformation:[-0.9196438734529194f,0.00026403818613837665f,0.39275320024711063f,0.00009901431980189506f,-2.710505431213761e-20f,0.9999997740231901f,-0.0006722749204990397f,0.49999991525869625f,-0.3927532890002459f,-0.0006182535119129903f,-0.9196436656347307f,-0.03148184506696737f,0f,0f,0f,1f],start_interpolation:0}
execute if entity @s[tag=aj.percival.bone.head] run data modify entity @s {} merge value {transformation:[-0.7475807010908992f,0.00026403818613837665f,0.6641709310413064f,0.0001980286396037863f,-0.00021323621779025147f,0.9999997740231901f,-0.000637560886625347f,0.8749998305173925f,-0.6641709492944983f,-0.0006182535119129903f,-0.7475804758524931f,-0.03171369013393474f,0f,0f,0f,1f],start_interpolation:0}