execute if entity @s[tag=aj.percival.bone.rightarm] run data modify entity @s {} merge value {transformation:[0.44678294024670223f,0.8942324008024682f,0.027081684946943574f,-0.26284603803658124f,0.8768448246389013f,-0.44370213768852085f,0.18512581266428216f,0.74166511071677f,0.177561701412455f,-0.05896461960947935f,-0.9823415983382887f,-0.2126789245819783f,0f,0f,0f,1f],start_interpolation:0}
execute if entity @s[tag=aj.percival.bone.leftarm] run data modify entity @s {} merge value {transformation:[0.5367678059828812f,-0.515564948866109f,0.6678870458101509f,0.2560816372825574f,-0.8091036816015235f,-0.5389805901295914f,0.23420323627656753f,0.74166511071677f,0.23923117455545886f,-0.6661026249492219f,-0.7064529270634893f,0.0043932242254509785f,0f,0f,0f,1f],start_interpolation:0}
execute if entity @s[tag=aj.percival.bone.torso] run data modify entity @s {} merge value {transformation:[-0.9225380894562464f,0.002155294728412429f,0.38590002359037573f,0.0008082355231546647f,0f,0.9999844036286483f,-0.005585024570828309f,0.4999941513607431f,-0.38590604232431874f,-0.005152397897138141f,-0.922523701209617f,-0.0331821492114268f,0f,0f,0f,1f],start_interpolation:0}
execute if entity @s[tag=aj.percival.bone.head] run data modify entity @s {} merge value {transformation:[-0.6802919769235815f,0.017066819347066265f,0.73274248533218f,0.0016164710463093257f,-0.002310192340183498f,0.9996739630152199f,-0.025428933929601102f,0.8749883027214862f,-0.7329375752032071f,-0.01899187581096889f,-0.6800307489433283f,-0.03511429842285361f,0f,0f,0f,1f],start_interpolation:0}