execute if entity @s[tag=aj.percival.bone.rightarm] run data modify entity @s {} merge value {transformation:[0.3549285658087908f,0.9345152794952077f,0.02658769570512931f,-0.273639343862228f,0.879558200286725f,-0.34342466151118034f,0.3292975465658802f,0.7567263619494695f,0.31686445916399597f,-0.09349168014280679f,-0.9438517999467838f,-0.1858706707675946f,0f,0f,0f,1f],start_interpolation:0}
execute if entity @s[tag=aj.percival.bone.leftarm] run data modify entity @s {} merge value {transformation:[0.5136345814624073f,-0.5439445281358852f,0.6635539669363502f,0.24287161704551274f,-0.855551201270111f,-0.38318671646719593f,0.34813802195157995f,0.7567263619494695f,0.06489729371250966f,-0.7465201207161919f,-0.6621903432055427f,0.03689080988416067f,0f,0f,0f,1f],start_interpolation:0}
execute if entity @s[tag=aj.percival.bone.torso] run data modify entity @s {} merge value {transformation:[-0.918241708280428f,-0.01784191727877062f,0.3956182897213663f,-0.0066907189795389795f,1.734723475976807e-18f,0.9989845969652164f,0.04505302460705922f,0.4996192238619561f,-0.3960204100475649f,0.04136956627838621f,-0.9173093228631751f,-0.01573641264560517f,0f,0f,0f,1f],start_interpolation:0}
execute if entity @s[tag=aj.percival.bone.head] run data modify entity @s {} merge value {transformation:[-0.6969481551615081f,-0.01784191727877062f,0.7168995292262283f,-0.013381437959077962f,0.01724104609505827f,0.9989845969652164f,0.04162356731218937f,0.8742384477239122f,-0.7169142315134485f,0.04136956627838621f,-0.6959328585714428f,-0.00022282529121033998f,0f,0f,0f,1f],start_interpolation:0}