execute if entity @s[tag=aj.percival.bone.rightarm] run data modify entity @s {} merge value {transformation:[0.34387184461948395f,0.9389967716953697f,0.006100592075188815f,-0.28229492413331164f,0.8624892634315591f,-0.3184094745309372f,0.39335439109563736f,0.7583532245818826f,0.37130098968798997f,-0.13000180488980456f,-0.9193666873354246f,-0.1660987516529004f,0f,0f,0f,1f],start_interpolation:0}
execute if entity @s[tag=aj.percival.bone.leftarm] run data modify entity @s {} merge value {transformation:[0.562288957735472f,-0.5177534313231698f,0.6447964891047722f,0.23615441230188264f,-0.8266083487821121f,-0.37402017297784274f,0.4205086775910037f,0.7583532245818826f,0.023447083666561952f,-0.769441547200766f,-0.63828672217807f,0.052113382633685035f,0f,0f,0f,1f],start_interpolation:0}
execute if entity @s[tag=aj.percival.bone.torso] run data modify entity @s {} merge value {transformation:[-0.9216877092181232f,-0.028771612347031517f,0.38686426689370107f,-0.010789354630136815f,-1.734723475976807e-18f,0.9972458719546307f,0.07416650773393832f,0.4989672019829865f,-0.38793268317615187f,0.06835835861400183f,-0.9191492632490933f,-0.005615615519749314f,0f,0f,0f,1f],start_interpolation:0}
execute if entity @s[tag=aj.percival.bone.head] run data modify entity @s {} merge value {transformation:[-0.7034818643995527f,-0.20660735722989215f,0.6800196073639415f,-0.021578709260273634f,0.02838229374615548f,0.947882786264135f,0.3173525939800191f,0.872934403965973f,-0.7101462608946387f,0.24255231073444677f,-0.6609543590103207f,0.020018768960501372f,0f,0f,0f,1f],start_interpolation:0}