execute if entity @s[tag=aj.percival.bone.rightarm] run data modify entity @s {} merge value {transformation:[0.4254787784029552f,0.9039259374344808f,0.04342474826552678f,-0.2610008297207913f,0.8873875714220416f,-0.42614483725123997f,0.1759087143088873f,0.7449056234150189f,0.1775136817668443f,-0.036310842971620405f,-0.9834482271417595f,-0.21491844039553878f,0f,0f,0f,1f],start_interpolation:0}
execute if entity @s[tag=aj.percival.bone.leftarm] run data modify entity @s {} merge value {transformation:[0.48014444684770596f,-0.5517633255947577f,0.6819226808736631f,0.25516120704729656f,-0.8495949321929965f,-0.48597060682987914f,0.20499029364673968f,0.7449056234150189f,0.21828825289806103f,-0.677783004969889f,-0.7021114133958368f,0.00865034499146277f,0f,0f,0f,1f],start_interpolation:0}
execute if entity @s[tag=aj.percival.bone.torso] run data modify entity @s {} merge value {transformation:[-0.9176213986988229f,0.001476659027684007f,0.39745287535522006f,0.0005537471353815064f,0f,0.9999930983223457f,-0.0037152802956568146f,0.49999741187087965f,-0.39745561846578054f,-0.0034092207014587827f,-0.9176150655717205f,-0.032528457763047046f,0f,0f,0f,1f],start_interpolation:0}
execute if entity @s[tag=aj.percival.bone.head] run data modify entity @s {} merge value {transformation:[-0.6907445430147807f,0.0016030845470652142f,0.7230970933527786f,0.0011074942707630091f,-0.0014452145234122755f,0.9999924846224859f,-0.0035975065710065982f,0.8749948237417593f,-0.7230974261123347f,-0.003529988453533261f,-0.6907370350077044f,-0.033806915526094085f,0f,0f,0f,1f],start_interpolation:0}