execute if entity @s[tag=aj.percival.bone.rightarm] run data modify entity @s {} merge value {transformation:[-0.06517420480853998f,0.9977918759220273f,0.012794349204883815f,-0.29873219385930644f,0.9956085449489185f,0.0658843605257653f,-0.06650470857622458f,0.8171296296296297f,-0.06720080544362594f,0.008403771897963624f,-0.997704078555167f,-0.14225259614984573f,0f,0f,0f,1f],start_interpolation:0}
execute if entity @s[tag=aj.percival.bone.leftarm] run data modify entity @s {} merge value {transformation:[-0.9346169027831267f,-0.32322854850440275f,0.14837301123793448f,0.2567282711029013f,-0.3228163788768289f,0.9460612128336998f,0.027527569825186775f,0.8171296296296297f,-0.1492676474019972f,-0.02216950615971872f,-0.9885482701596858f,-0.05354001607256498f,0f,0f,0f,1f],start_interpolation:0}
execute if entity @s[tag=aj.percival.bone.torso] run data modify entity @s {} merge value {transformation:[-0.9874852710439249f,0f,0.15771125347072132f,3.827021247335479e-18f,0f,1f,0f,0.5f,-0.15771125347072132f,0f,-0.9874852710439249f,-0.03125f,0f,0f,0f,1f],start_interpolation:0}
execute if entity @s[tag=aj.percival.bone.head] run data modify entity @s {} merge value {transformation:[-0.9993680585483892f,0f,0.0355455138269712f,3.827021247335479e-18f,0f,1f,0f,0.875f,-0.0355455138269712f,0f,-0.9993680585483892f,-0.03125f,0f,0f,0f,1f],start_interpolation:0}