execute if entity @s[tag=aj.melissa.bone.leftleg] run data modify entity @s {} merge value {transformation:[-0.9990482215818578f,-0.04361938736533599f,1.223481206754078e-16f,-0.10937499999999997f,-0.04357787137382909f,0.9980973490458729f,-0.043619387365336014f,0.6456723269899024f,0.0019026509541271123f,-0.04357787137382911f,-0.9990482215818578f,-0.2620300080919652f,0f,0f,0f,1f],start_interpolation:0}
execute if entity @s[tag=aj.melissa.bone.head] run data modify entity @s {} merge value {transformation:[-0.9659258262890683f,0.24999999999999994f,0.06698729810778076f,-0.25f,0.25268400030018495f,0.8548778812477363f,0.4531386147148323f,1.3074652686430914f,0.056018694201817903f,0.45462490929708316f,-0.888919623895514f,-0.11731709107501978f,0f,0f,0f,1f],start_interpolation:0}
execute if entity @s[tag=aj.melissa.bone.broom] run data modify entity @s {} merge value {transformation:[-0.010438609482960007f,-0.40019378523668814f,0.9163710873276141f,-0.32131714936126243f,-0.001266695878187507f,0.9164255742667128f,0.4002031513012841f,0.6474358900859569f,-0.9999447139285327f,0.0030168009310760913f,-0.010073132508203075f,0.1570653339054986f,0f,0f,0f,1f],start_interpolation:0}
execute if entity @s[tag=aj.melissa.bone.rightarm] run data modify entity @s {} merge value {transformation:[-0.9163710873276141f,-0.12034259223186466f,0.3818136859843049f,-0.5516430794373017f,-0.4002031513012841f,0.25138349586584696f,-0.881273950423356f,1.1625681173615996f,0.010073132508203075f,-0.9603770085238302f,-0.27852205208976066f,-0.33002071276043005f,0f,0f,0f,1f],start_interpolation:0}
execute if entity @s[tag=aj.melissa.bone.leftarm] run data modify entity @s {} merge value {transformation:[-0.775612769080949f,0.5321866525038741f,0.3394144948809689f,-0.028463968319671823f,0.38761160821661295f,0.8259621479974891f,-0.4093211101948015f,1.047657167014428f,-0.49817875668710854f,-0.18591368150863657f,-0.8469085130128237f,0.0439270157799056f,0f,0f,0f,1f],start_interpolation:0}
execute if entity @s[tag=aj.melissa.bone.torso] run data modify entity @s {} merge value {transformation:[-0.9396926207859084f,-2.6506208041798655e-17f,0.34202014332566877f,-0.24999999999999997f,0.07402670778046233f,0.9762960071199334f,0.2033867080633861f,0.6667710139706353f,-0.33391290028343773f,0.21643961393810285f,-0.9174181535933481f,-0.25935558772189976f,0f,0f,0f,1f],start_interpolation:0}