execute if entity @s[tag=aj.melissa.bone.rightleg] run data modify entity @s {} merge value {transformation:[-0.9992045634317749f,0.03987781861030345f,1.2236726703001516e-16f,-0.390625f,0.03984609833511976f,0.9984097595828838f,-0.03987781861030344f,0.6465539766677516f,-0.0015902404171163858f,-0.039846098335119755f,-0.9992045634317749f,-0.2610167773420916f,0f,0f,0f,1f],start_interpolation:0}
execute if entity @s[tag=aj.melissa.bone.leftleg] run data modify entity @s {} merge value {transformation:[-0.9981992592748803f,-0.05998532139682356f,1.2236726703001516e-16f,-0.10937499999999997f,-0.0599376068786278f,0.9974052550816779f,-0.03987781861030344f,0.6465539766677516f,0.002392083765943162f,-0.03980600899830294f,-0.9992045634317749f,-0.2610167773420916f,0f,0f,0f,1f],start_interpolation:0}
execute if entity @s[tag=aj.melissa.bone.head] run data modify entity @s {} merge value {transformation:[-0.9609886138858696f,0.25156790788106986f,0.11495421569501686f,-0.2576150588697355f,0.27629350544534564f,0.8539557788718732f,0.4409324512666936f,1.3069326604444744f,0.012758637483590466f,0.45549216838017526f,-0.8901483593839223f,-0.11810779400376414f,0f,0f,0f,1f],start_interpolation:0}
execute if entity @s[tag=aj.melissa.bone.broom] run data modify entity @s {} merge value {transformation:[0.00283092471918768f,-0.302293789295396f,0.9532106015035f,-0.3555024902789934f,0.025505635001178945f,0.9529261445117303f,0.3021278300474734f,0.6110768771871062f,-0.999670669995084f,0.023456940538766347f,0.010407857230950297f,0.16445776086091757f,0f,0f,0f,1f],start_interpolation:0}
execute if entity @s[tag=aj.melissa.bone.rightarm] run data modify entity @s {} merge value {transformation:[-0.920316384203572f,-0.10737995263953487f,0.37614797452278553f,-0.5290431177450594f,-0.39116765826416516f,0.2468024866263101f,-0.8866094944919094f,1.1663108371142201f,0.00236983007662972f,-0.9630981665262379f,-0.26913993672290004f,-0.3454328623294408f,0f,0f,0f,1f],start_interpolation:0}
execute if entity @s[tag=aj.melissa.bone.leftarm] run data modify entity @s {} merge value {transformation:[-0.770512790753396f,0.5303337778103904f,0.35363275215790285f,-0.029965118709633864f,0.37893092877822204f,0.8272042937179431f,-0.41490288944507614f,1.0582264446898386f,-0.5125635477681645f,-0.18568559601638057f,-0.8383313598639588f,0.03937074908012017f,0f,0f,0f,1f],start_interpolation:0}
execute if entity @s[tag=aj.melissa.bone.torso] run data modify entity @s {} merge value {transformation:[-0.9374251282462956f,0.0059957366974225336f,0.348135289900164f,-0.26154976107741906f,0.07975313476167754f,0.9769671521146387f,0.1979257971682781f,0.6657979668692428f,-0.33893003175891895f,0.21330549648442682f,-0.9163117366603085f,-0.25808952607166924f,0f,0f,0f,1f],start_interpolation:0}