execute if entity @s[tag=aj.melissa.bone.head] run data modify entity @s {} merge value {transformation:[-1f,-1.7811137706137412e-18f,1.2245172706154333e-16f,-0.24999999999999997f,0f,0.9998942319271075f,0.014543897651582661f,1.3749272844498863f,-1.2246467991473532e-16f,0.014543897651582661f,-0.9998942319271075f,-0.24000107036453697f,0f,0f,0f,1f],start_interpolation:0}
execute if entity @s[tag=aj.melissa.bone.broom] run data modify entity @s {} merge value {transformation:[-0.9928003426276067f,0.0013321547694132019f,0.11977355735794576f,-0.7209450043971686f,0.019767652967659144f,0.9880494693045653f,0.1528642734687118f,0.680618773676835f,-0.11813856091326393f,0.1541313451918112f,-0.9809621852317784f,-0.04112752431808386f,0f,0f,0f,1f],start_interpolation:0}
execute if entity @s[tag=aj.melissa.bone.rightarm] run data modify entity @s {} merge value {transformation:[-0.9343869137130825f,0.3334116432883326f,-0.12552996296308838f,-0.5859074204170475f,0.35623909460632436f,0.8782156129946334f,-0.31910976883593906f,1.2696337996137155f,0.00384746095587192f,-0.3428906723902443f,-0.9393674381369408f,-0.2570123869457282f,0f,0f,0f,1f],start_interpolation:0}
execute if entity @s[tag=aj.melissa.bone.leftarm] run data modify entity @s {} merge value {transformation:[-0.9963048336327994f,-0.08588219025513653f,0.0009632636712717644f,0.09374992066953378f,-0.08586606879218166f,0.9962435827688554f,0.011213475021201331f,1.2811905967498929f,-0.0019226830462108974f,0.011089327700781111f,-0.9999366630447393f,-0.24159807340871836f,0f,0f,0f,1f],start_interpolation:0}
execute if entity @s[tag=aj.melissa.bone.torso] run data modify entity @s {} merge value {transformation:[-0.9999997692204619f,-1.7811137706137412e-18f,-0.0006793813531343372f,-0.24999999999999997f,-0.000009880852866381317f,0.9998942319271075f,0.014543894295148678f,0.7187466947477221f,0.0006793094962778569f,0.014543897651582661f,-0.9998940011719785f,-0.24954550319838809f,0f,0f,0f,1f],start_interpolation:0}