execute if entity @s[tag=aj.melissa.bone.leftleg] run data modify entity @s {} merge value {transformation:[-0.9963789266895355f,-0.08502372874091742f,1.223481206754078e-16f,-0.10937499999999997f,-0.08494280499087184f,0.9954305947308207f,-0.043619387365336014f,0.6456723269899024f,0.0037086829591952077f,-0.0434614383659286f,-0.9990482215818578f,-0.2620300080919652f,0f,0f,0f,1f],start_interpolation:0}
execute if entity @s[tag=aj.melissa.bone.head] run data modify entity @s {} merge value {transformation:[-0.9394807367560314f,0.2152623258480733f,0.26652969128189513f,-0.27989324526781084f,0.31503343226183145f,0.8485402650414556f,0.42512745754738823f,1.3074597890322541f,-0.13464724958822782f,0.48336482047606055f,-0.8650020627168882f,-0.11729248022438202f,0f,0f,0f,1f],start_interpolation:0}
execute if entity @s[tag=aj.melissa.bone.broom] run data modify entity @s {} merge value {transformation:[0.2676448521693632f,0.08690621625675055f,0.9595902993898879f,-0.5548184352450224f,0.09904595372567246f,0.988166418668506f,-0.11711971681331196f,0.5984017216098992f,-0.9584133409744521f,0.12639002568159166f,0.25586994596942203f,0.07891073219624506f,0f,0f,0f,1f],start_interpolation:0}
execute if entity @s[tag=aj.melissa.bone.rightarm] run data modify entity @s {} merge value {transformation:[-0.9082158279890603f,0.1572145608171167f,0.38784996023878426f,-0.47683267267880214f,-0.336719252064349f,0.27583946585132924f,-0.9002959148902532f,1.1759936685850203f,-0.24852395272764113f,-0.948259548302011f,-0.1975845995382604f,-0.39077195092399913f,0f,0f,0f,1f],start_interpolation:0}
execute if entity @s[tag=aj.melissa.bone.leftarm] run data modify entity @s {} merge value {transformation:[-0.5671524942329473f,0.7587764742218811f,0.3203065882131641f,-0.0869781530315589f,0.5776808060945161f,0.6436834540611039f,-0.5019526842621292f,1.0420215628610974f,-0.5870459390502049f,-0.09964874878982483f,-0.8033972817412851f,0.06953482044280718f,0f,0f,0f,1f],start_interpolation:0}
execute if entity @s[tag=aj.melissa.bone.torso] run data modify entity @s {} merge value {transformation:[-0.8891264693663131f,-0.0002558228280814244f,0.4576615081333313f,-0.27972536153688243f,0.09885040443595373f,0.9762880367768971f,0.1925883350287872f,0.6667707648974154f,-0.44685872377636654f,0.2164754115390305f,-0.8680182470339921f,-0.25935446904687076f,0f,0f,0f,1f],start_interpolation:0}