execute if entity @s[tag=aj.melissa.bone.head] run data modify entity @s {} merge value {transformation:[-1f,-1.3204199775684694e-18f,1.2245756129247966e-16f,-0.24999999999999997f,0f,0.999941872038039f,0.010782047350205767f,1.3749600370261517f,-1.2246467991473532e-16f,0.010782047350205767f,-0.999941872038039f,-0.24258734244673358f,0f,0f,0f,1f],start_interpolation:0}
execute if entity @s[tag=aj.melissa.bone.broom] run data modify entity @s {} merge value {transformation:[-0.990711632504062f,0.010789782712986723f,0.1355508827346508f,-0.7336051963805934f,0.025790183752320103f,0.9936632093616535f,0.10939969279262185f,0.6824673007311601f,-0.13351152625581836f,0.11187943041553716f,-0.9847119707847249f,-0.03703218909611297f,0f,0f,0f,1f],start_interpolation:0}
execute if entity @s[tag=aj.melissa.bone.rightarm] run data modify entity @s {} merge value {transformation:[-0.9313964535215976f,0.3442827210688447f,-0.11819498441483302f,-0.587572836921222f,0.3640048872565259f,0.8818558165563812f,-0.29971780203892123f,1.2720642765398544f,0.001043274055278205f,-0.3221796498525476f,-0.9466779731250409f,-0.25577488322955444f,0f,0f,0f,1f],start_interpolation:0}
execute if entity @s[tag=aj.melissa.bone.leftarm] run data modify entity @s {} merge value {transformation:[-0.9973687205812073f,-0.07248897245520092f,0.0009920073562060439f,0.0937498655066892f,-0.07248049838489193f,0.9973461599116341f,0.006871292701892159f,1.2812187651184441f,-0.0014874676747152747f,0.006781311223245877f,-0.9999759003386084f,-0.24390222086632493f,0f,0f,0f,1f],start_interpolation:0}
execute if entity @s[tag=aj.melissa.bone.torso] run data modify entity @s {} merge value {transformation:[-0.9999996087467321f,-1.3204199775684694e-18f,-0.0008845939083960701f,-0.24999999999999997f,-0.00000953773340603133f,0.999941872038039f,0.010782043131694506f,0.7187481835011887f,0.0008845424887550118f,0.010782047350205767f,-0.9999414808075139f,-0.24966306102030614f,0f,0f,0f,1f],start_interpolation:0}