execute if entity @s[tag=aj.melissa.bone.rightleg] run data modify entity @s {} merge value {transformation:[-0.9990482215818578f,0.04361938736533601f,1.223481206754078e-16f,-0.385f,0.04357787137382909f,0.9980973490458729f,-0.043619387365336014f,0.6456723269899024f,-0.0019026509541273569f,-0.0435778713738291f,-0.9990482215818578f,-0.26203000809196525f,0f,0f,0f,1f],start_interpolation:0}
execute if entity @s[tag=aj.melissa.bone.leftleg] run data modify entity @s {} merge value {transformation:[-0.9989525904083951f,-0.045757208354063696f,1.223481206754078e-16f,-0.11499999999999996f,-0.04571365763067787f,0.9980018088920972f,-0.043619387365336014f,0.6456723269899024f,0.0019959013959521717f,-0.04357370000062964f,-0.9990482215818578f,-0.2620300080919652f,0f,0f,0f,1f],start_interpolation:0}
execute if entity @s[tag=aj.melissa.bone.head] run data modify entity @s {} merge value {transformation:[-0.965370429987964f,0.2506802843258196f,0.07224491646600324f,-0.25085913364484735f,0.25573116887698144f,0.8545361852568679f,0.4520724248961141f,1.307454172165213f,0.05158974868776114f,0.4548926281409342f,-0.8890507267267529f,-0.11726857059722745f,0f,0f,0f,1f],start_interpolation:0}
execute if entity @s[tag=aj.melissa.bone.broom] run data modify entity @s {} merge value {transformation:[-0.010721234149148634f,-0.41558657777030455f,0.9094904350874097f,-0.32407157960693433f,0.0015663099018253523f,0.9095346147342418f,0.4156252293515478f,0.6428893256626604f,-0.9999412991829129f,0.005880559276264463f,-0.009100396199493864f,0.15870274218406716f,0f,0f,0f,1f],start_interpolation:0}
execute if entity @s[tag=aj.melissa.bone.rightarm] run data modify entity @s {} merge value {transformation:[-0.9165716962897001f,-0.12072982201250393f,0.3812094380225269f,-0.548624983888409f,-0.3997151666945052f,0.2500659507826348f,-0.8818700617288023f,1.1633014843483722f,0.011140515024256892f,-0.9606723324505639f,-0.27746091362386227f,-0.3319232774897185f,0f,0f,0f,1f],start_interpolation:0}
execute if entity @s[tag=aj.melissa.bone.leftarm] run data modify entity @s {} merge value {transformation:[-0.7800236687571995f,0.5179808135550429f,0.35108254437868985f,-0.02969576243410585f,0.3704750760360633f,0.8344355983252925f,-0.40800177730444287f,1.047387272541512f,-0.5042928655202568f,-0.18818371086883973f,-0.8427784980343299f,0.04406988097218456f,0f,0f,0f,1f],start_interpolation:0}
execute if entity @s[tag=aj.melissa.bone.torso] run data modify entity @s {} merge value {transformation:[-0.939438667381794f,0.0009796353187603226f,0.3427156701152738f,-0.2515020193227838f,0.07509998413012238f,0.9762798667884739f,0.2030704658170043f,0.6667705095852772f,-0.3343874737659506f,0.21651018917852805f,-0.9172286276443314f,-0.2593533822456365f,0f,0f,0f,1f],start_interpolation:0}