execute if entity @s[tag=aj.melissa.bone.head] run data modify entity @s {} merge value {transformation:[-0.9999559444654601f,-0.0016559303830374003f,-0.009239427620599311f,-0.2511384521383382f,-0.0016388737931757188f,0.999996939622577f,-0.0018533316406470646f,1.3749978959905218f,0.009242468332637211f,-0.0018381077353396122f,-0.9999555980837717f,-0.251263699068046f,0f,0f,0f,1f],start_interpolation:0}
execute if entity @s[tag=aj.melissa.bone.broom] run data modify entity @s {} merge value {transformation:[-0.9784741631962511f,0.040260386416895055f,-0.20240408405701357f,-0.5608220041519966f,0.015214580871493494f,0.9921897775980848f,0.1238061458844733f,0.6706960696271449f,0.20580774641956773f,0.11806162168725695f,-0.971444607272218f,0.09454309529816757f,0f,0f,0f,1f],start_interpolation:0}
execute if entity @s[tag=aj.melissa.bone.rightarm] run data modify entity @s {} merge value {transformation:[-0.9634851856458769f,0.05581334114981465f,-0.261880064133612f,-0.5609559544680787f,0.2627327816200428f,0.38572143763384675f,-0.8844153198649791f,1.2292441869665485f,0.0516505808595143f,-0.9209255363488261f,-0.3863008853180406f,-0.31693261956714586f,0f,0f,0f,1f],start_interpolation:0}
execute if entity @s[tag=aj.melissa.bone.leftarm] run data modify entity @s {} merge value {transformation:[-0.9804446363795685f,-0.1965215620348081f,-0.010372591283527422f,0.09275461944624958f,-0.19654611554534457f,0.980493591539336f,0.001393346450034444f,1.2818121753852223f,0.009896436660338992f,0.0034047915784715978f,-0.9999452324681263f,-0.2539286177138382f,0f,0f,0f,1f],start_interpolation:0}
execute if entity @s[tag=aj.melissa.bone.torso] run data modify entity @s {} merge value {transformation:[-0.9999645908688815f,-0.0016559303830374003f,-0.008250751662554385f,-0.25005174782446987f,-0.0016407054089227404f,0.999996939622577f,-0.001851710355674821f,0.7187499043632055f,0.008253792715578821f,-0.0018381077353396122f,-0.99996424749376f,-0.25005744086672943f,0f,0f,0f,1f],start_interpolation:0}