execute if entity @s[tag=aj.melissa.bone.leftleg] run data modify entity @s {} merge value {transformation:[-0.9981992592748803f,-0.05998532139682347f,1.223481206754078e-16f,-0.10937499999999997f,-0.059928228662512656f,0.997249194762897f,-0.043619387365336014f,0.6456723269899024f,0.0026165229702421f,-0.04354084015810249f,-0.9990482215818578f,-0.2620300080919652f,0f,0f,0f,1f],start_interpolation:0}
execute if entity @s[tag=aj.melissa.bone.head] run data modify entity @s {} merge value {transformation:[-0.9609889180742354f,0.25148986079402186f,0.1151223230147574f,-0.2576372528212386f,0.2762515801208143f,0.8522427479962024f,0.44426046748347403f,1.3073730056468804f,0.013614838201902686f,0.45873210963010314f,-0.8884703077621957f,-0.11695786273261366f,0f,0f,0f,1f],start_interpolation:0}
execute if entity @s[tag=aj.melissa.bone.broom] run data modify entity @s {} merge value {transformation:[0.024170868878607726f,-0.18646357484336154f,0.9821644996406088f,-0.38277571027240476f,0.040468392205448955f,0.9818287517629825f,0.18540391431641806f,0.640342683457776f,-0.9988884213614445f,0.035265244479201846f,0.031277535098901445f,0.12355138815152616f,0f,0f,0f,1f],start_interpolation:0}
execute if entity @s[tag=aj.melissa.bone.rightarm] run data modify entity @s {} merge value {transformation:[-0.9229617316571734f,-0.08518806312317417f,0.3753460214225188f,-0.5272043680927789f,-0.3842080201960605f,0.26201685683948317f,-0.8852860351033338f,1.1681446110434253f,-0.022931182119886373f,-0.9612960837501001f,-0.2745614689888308f,-0.3473345098371973f,0f,0f,0f,1f],start_interpolation:0}
execute if entity @s[tag=aj.melissa.bone.leftarm] run data modify entity @s {} merge value {transformation:[-0.7169967664432262f,0.6416860421724895f,0.27231353288252863f,-0.04088103018469805f,0.5095581094373908f,0.749046804835483f,-0.42341400221573466f,1.0454438811797766f,-0.4756744370013486f,-0.16482690146562862f,-0.8640404634834469f,0.04732238167989933f,0f,0f,0f,1f],start_interpolation:0}
execute if entity @s[tag=aj.melissa.bone.torso] run data modify entity @s {} merge value {transformation:[-0.9340429711551544f,0.005963454586145164f,0.35711085848101903f,-0.2615507698933964f,0.08291982178251911f,0.9761618063981716f,0.20058023552936105f,0.6667668201980802f,-0.3474018295737757f,0.21696212789069355f,-0.9122715625678219f,-0.2593392591608813f,0f,0f,0f,1f],start_interpolation:0}