execute if entity @s[tag=aj.melissa.bone.rightleg] run data modify entity @s {} merge value {transformation:[-0.999114767203443f,0.04206758795093555f,1.2235627016365495e-16f,-0.38375f,0.04203034834240933f,0.9982303180439902f,-0.04206758795093554f,0.6460374017860826f,-0.0017696819560098194f,-0.042030348342409325f,-0.999114767203443f,-0.26161020091206144f,0f,0f,0f,1f],start_interpolation:0}
execute if entity @s[tag=aj.melissa.bone.leftleg] run data modify entity @s {} merge value {transformation:[-0.999114767203443f,-0.042067587950935535f,1.2235627016365495e-16f,-0.11624999999999996f,-0.04203034834240933f,0.9982303180439902f,-0.04206758795093554f,0.6460374017860826f,0.0017696819560095748f,-0.04203034834240934f,-0.999114767203443f,-0.2616102009120614f,0f,0f,0f,1f],start_interpolation:0}
execute if entity @s[tag=aj.melissa.bone.head] run data modify entity @s {} merge value {transformation:[-0.9682938590452899f,0.2419056415250504f,0.062359146350268624f,-0.2499944615006129f,0.24429530921150722f,0.8647486898097765f,0.43878184257046093f,1.3104105914240916f,0.0522188130125001f,0.44010381056135894f,-0.8964272594566371f,-0.12187529726600205f,0f,0f,0f,1f],start_interpolation:0}
execute if entity @s[tag=aj.melissa.bone.broom] run data modify entity @s {} merge value {transformation:[-0.07013846258139467f,-0.3584190457300708f,0.9309223295875245f,-0.33621687341146356f,-0.02685993745977755f,0.9335608087281312f,0.35741119199954297f,0.6587741725661336f,-0.9971755812425287f,0.00006375596360025382f,-0.07510563300313738f,0.17060504204592475f,0f,0f,0f,1f],start_interpolation:0}
execute if entity @s[tag=aj.melissa.bone.rightarm] run data modify entity @s {} merge value {transformation:[-0.9191643129012843f,-0.11952583106419684f,0.37530060164769646f,-0.5524875631399139f,-0.39371449243383483f,0.25167780365322656f,-0.8841081277738915f,1.1666635653635233f,0.011218927590358807f,-0.9604019256835655f,-0.27839230737759496f,-0.33055637824896045f,0f,0f,0f,1f],start_interpolation:0}
execute if entity @s[tag=aj.melissa.bone.leftarm] run data modify entity @s {} merge value {transformation:[-0.7719989540681722f,0.542899989155597f,0.3305710463614456f,-0.0247418893038322f,0.3972025155483839f,0.8180714353108121f,-0.41591981002417233f,1.0569503286518733f,-0.49623359072082585f,-0.1897860071326663f,-0.8471915337967888f,0.03885482377577393f,0f,0f,0f,1f],start_interpolation:0}
execute if entity @s[tag=aj.melissa.bone.torso] run data modify entity @s {} merge value {transformation:[-0.9398645617287283f,0.000008055999108438633f,0.34154736939634944f,-0.24999974825002783f,0.07133995605705372f,0.977947446735577f,0.19628907787531946f,0.6686325795038691f,-0.3340137965357765f,0.2088511224735612f,-0.9191387231344844f,-0.2589338463892766f,0f,0f,0f,1f],start_interpolation:0}