execute if entity @s[tag=aj.melissa.bone.rightleg] run data modify entity @s {} merge value {transformation:[-0.9990786813996687f,0.04291606194304463f,1.2235185092724626e-16f,-0.390625f,0.04287652257692352f,0.9981582116273008f,-0.04291606194304463f,0.6458376877831028f,-0.0018417883726993653f,-0.04287652257692352f,-0.9990786813996687f,-0.2618398127713985f,0f,0f,0f,1f],start_interpolation:0}
execute if entity @s[tag=aj.melissa.bone.leftleg] run data modify entity @s {} merge value {transformation:[-0.9989525904083951f,-0.04575720835406369f,1.2235185092724626e-16f,-0.10937499999999997f,-0.04571505138690786f,0.9980322368060027f,-0.04291606194304463f,0.6458376877831028f,0.0019637191880636745f,-0.04287111124813158f,-0.9990786813996687f,-0.2618398127713985f,0f,0f,0f,1f],start_interpolation:0}
execute if entity @s[tag=aj.melissa.bone.head] run data modify entity @s {} merge value {transformation:[-0.965370429987964f,0.2506802843258196f,0.07224491646600321f,-0.25085913364484735f,0.25576742389872875f,0.8548562109332031f,0.4514464348083117f,1.3073715407051858f,0.05140970508631191f,0.4542909350617217f,-0.8893687584706834f,-0.1174849845564685f,0f,0f,0f,1f],start_interpolation:0}
execute if entity @s[tag=aj.melissa.bone.broom] run data modify entity @s {} merge value {transformation:[-0.011286268812615075f,-0.4156971257962442f,0.9094330760100113f,-0.3238324270272548f,0.0008615588781440142f,0.9094866230170741f,0.4157322939937415f,0.6429918543016244f,-0.9999359368742529f,0.005475596564812779f,-0.009906562959499314f,0.158995021368326f,0f,0f,0f,1f],start_interpolation:0}
execute if entity @s[tag=aj.melissa.bone.rightarm] run data modify entity @s {} merge value {transformation:[-0.9165151767059662f,-0.12130378635268463f,0.3811631176860294f,-0.5487281284626695f,-0.39982168454029354f,0.2493750229150084f,-0.8820174139536598f,1.1630307067131296f,0.011939490734272473f,-0.9607796258053363f,-0.27705587739364956f,-0.33186998341574003f,0f,0f,0f,1f],start_interpolation:0}
execute if entity @s[tag=aj.melissa.bone.leftarm] run data modify entity @s {} merge value {transformation:[-0.7803548100285365f,0.5177698953327865f,0.35065753371687614f,-0.02793251274195374f,0.3700228298153267f,0.8343676896861224f,-0.4085506869695612f,1.0497480125423322f,-0.5041125627087513f,-0.18906320079517813f,-0.842689521843186f,0.04283283765895052f,0f,0f,0f,1f],start_interpolation:0}
execute if entity @s[tag=aj.melissa.bone.torso] run data modify entity @s {} merge value {transformation:[-0.9396368046580816f,0.0009796353187603217f,0.3421720556190883f,-0.2515020193227838f,0.07474742685723999f,0.9764320447189827f,0.20246798320753873f,0.6665880113583535f,-0.33390941512657557f,0.21582284948667707f,-0.9175647116848378f,-0.2591187295321003f,0f,0f,0f,1f],start_interpolation:0}