execute if entity @s[tag=aj.melissa.bone.rightleg] run data modify entity @s {} merge value {transformation:[-0.999709302880483f,0.02411036570064122f,1.2242907978504153e-16f,-0.38645833333333335f,0.02410335688678154f,0.9994186902657812f,-0.024110365700641224f,0.6503223357096737f,-0.000581309734218779f,-0.024103356886781543f,-0.999709302880483f,-0.2567083660734261f,0f,0f,0f,1f],start_interpolation:0}
execute if entity @s[tag=aj.melissa.bone.leftleg] run data modify entity @s {} merge value {transformation:[-0.9978672966314792f,-0.06527525038928216f,1.2242907978504153e-16f,-0.11354166666666662f,-0.06525627506201824f,0.9975772194826882f,-0.024110365700641224f,0.6503223357096737f,0.001573810158086394f,-0.024058945442495205f,-0.999709302880483f,-0.2567083660734261f,0f,0f,0f,1f],start_interpolation:0}
execute if entity @s[tag=aj.melissa.bone.head] run data modify entity @s {} merge value {transformation:[-0.9632758088576029f,0.1781685650430612f,0.20088722831535932f,-0.2707411367753416f,0.23696916032230653f,0.9159112925151135f,0.3239631480576691f,1.3260804339131993f,-0.12627483171983173f,0.35966994129867275f,-0.9244956463933929f,-0.15231825966739615f,0f,0f,0f,1f],start_interpolation:0}
execute if entity @s[tag=aj.melissa.bone.broom] run data modify entity @s {} merge value {transformation:[-0.2583340608555278f,0.09858295377093726f,0.961012442285577f,-0.5514100887752682f,0.035284854611837335f,0.9950786969942633f,-0.09259247174160429f,0.6272421596060964f,-0.965411048226046f,0.009989395076553997f,-0.26054120585636803f,0.06029822283740338f,0f,0f,0f,1f],start_interpolation:0}
execute if entity @s[tag=aj.melissa.bone.rightarm] run data modify entity @s {} merge value {transformation:[-0.9654042977317682f,0.08972559596043f,0.24483435083863797f,-0.5065629634566862f,-0.2040176874653217f,0.32483416004682997f,-0.9235039532497803f,1.1818229983385455f,-0.16239250328242955f,-0.9415052235097877f,-0.2952906855650039f,-0.3773611263032442f,0f,0f,0f,1f],start_interpolation:0}
execute if entity @s[tag=aj.melissa.bone.leftarm] run data modify entity @s {} merge value {transformation:[-0.7543490317449154f,0.591762526170748f,0.28420881570690876f,-0.00147454194857366f,0.4757695694848444f,0.7911152220673634f,-0.3844216723410794f,1.13853079744475f,-0.4523282602908141f,-0.1547702104195809f,-0.8783196040786998f,-0.013693678188017755f,0f,0f,0f,1f],start_interpolation:0}
execute if entity @s[tag=aj.melissa.bone.torso] run data modify entity @s {} merge value {transformation:[-0.9455528051327176f,0.0038552318885316265f,0.3254458939558691f,-0.2732711327021905f,0.053908653864608705f,0.9879732615113672f,0.14492305398761565f,0.6777229810463644f,-0.3209731293179461f,0.1545767502753153f,-0.9343887191796397f,-0.2537592520355718f,0f,0f,0f,1f],start_interpolation:0}