execute if entity @s[tag=aj.melissa.bone.rightleg] run data modify entity @s {} merge value {transformation:[-0.9999747669063003f,0.0071039109433111295f,1.2246158975199212e-16f,-0.37687499999999996f,0.007103731689660662f,0.9999495344493097f,-0.007103910943311129f,0.6544826961401314f,-0.00005046555069061807f,-0.0071037316896606605f,-0.9999747669063004f,-0.2519916666793814f,0f,0f,0f,1f],start_interpolation:0}
execute if entity @s[tag=aj.melissa.bone.leftleg] run data modify entity @s {} merge value {transformation:[-0.9999747669063003f,-0.007103910943311128f,1.2246158975199212e-16f,-0.12312499999999998f,-0.007103731689660662f,0.9999495344493097f,-0.007103910943311129f,0.6544826961401314f,0.00005046555069037315f,-0.007103731689660662f,-0.9999747669063004f,-0.2519916666793814f,0f,0f,0f,1f],start_interpolation:0}
execute if entity @s[tag=aj.melissa.bone.head] run data modify entity @s {} merge value {transformation:[-0.9990916210732951f,0.04257905184923465f,0.0017196059884749177f,-0.24999811841144898f,0.04258335781892881f,0.9960415049655515f,0.07802549597935532f,1.3661747813511966f,0.001609452702158887f,0.07802784586017676f,-0.996949880852804f,-0.22787118651817717f,0f,0f,0f,1f],start_interpolation:0}
execute if entity @s[tag=aj.melissa.bone.broom] run data modify entity @s {} merge value {transformation:[-0.9229013691816198f,0.18999187222105418f,0.33489722491031454f,-0.8029271632673177f,0.2440475689413627f,0.9613944786886894f,0.12712765411472876f,0.5909779825968119f,-0.2978151219406127f,0.19905713962790167f,-0.9336393352396075f,-0.10484015566599811f,0f,0f,0f,1f],start_interpolation:0}
execute if entity @s[tag=aj.melissa.bone.rightarm] run data modify entity @s {} merge value {transformation:[-0.945655787287887f,0.32163537797230957f,-0.047810203989690464f,-0.5919114604229581f,0.3217799941579832f,0.9044545625055577f,-0.2800349616075981f,1.258542058675041f,-0.04682699358932404f,-0.2802010492476609f,-0.9587985214172451f,-0.26863907842958085f,0f,0f,0f,1f],start_interpolation:0}
execute if entity @s[tag=aj.melissa.bone.leftarm] run data modify entity @s {} merge value {transformation:[-0.9828264876725785f,-0.16360683691673403f,0.08535161418089249f,0.08097724278184565f,-0.1619788306838788f,0.9864592504602265f,0.025710029010714515f,1.2505012390034087f,-0.08840222587393412f,0.011443342848558104f,-0.9960191244976093f,-0.18568035860558155f,0f,0f,0f,1f],start_interpolation:0}
execute if entity @s[tag=aj.melissa.bone.torso] run data modify entity @s {} merge value {transformation:[-0.9969618632994001f,0.0000027368560741775268f,0.07789122620101616f,-0.24999991447324765f,0.0027688300189350674f,0.9993692363270952f,0.035404280296669075f,0.7103387200115405f,-0.07784199834867096f,0.03551238481865847f,-0.9963330235506485f,-0.25117618905542183f,0f,0f,0f,1f],start_interpolation:0}