execute if entity @s[tag=aj.melissa.bone.rightleg] run data modify entity @s {} merge value {transformation:[-0.9990482215818578f,0.04361938736533601f,1.223481206754078e-16f,-0.38875f,0.04357787137382909f,0.9980973490458729f,-0.043619387365336014f,0.6456723269899024f,-0.0019026509541273569f,-0.0435778713738291f,-0.9990482215818578f,-0.26203000809196525f,0f,0f,0f,1f],start_interpolation:0}
execute if entity @s[tag=aj.melissa.bone.leftleg] run data modify entity @s {} merge value {transformation:[-0.9971024452264029f,-0.07607045236836901f,1.223481206754078e-16f,-0.11124999999999996f,-0.07599805015354648f,0.9961534246383595f,-0.043619387365336014f,0.6456723269899024f,0.0033181465289121082f,-0.04349299780125421f,-0.9990482215818578f,-0.2620300080919652f,0f,0f,0f,1f],start_interpolation:0}
execute if entity @s[tag=aj.melissa.bone.head] run data modify entity @s {} merge value {transformation:[-0.9515673975931723f,0.23655040958908996f,0.19637563891937104f,-0.2697247235795462f,0.30061933671776764f,0.8497116932716291f,0.4331489959688586f,1.307350356147238f,-0.0644011042539403f,0.4712047771836514f,-0.8796695719019606f,-0.11684212788443832f,0f,0f,0f,1f],start_interpolation:0}
execute if entity @s[tag=aj.melissa.bone.broom] run data modify entity @s {} merge value {transformation:[0.10536159137191561f,-0.07016820991095318f,0.9919553202546321f,-0.44264006487996654f,0.06702029254312955f,0.9957405262901597f,0.0633173332574018f,0.5848705492322995f,-0.9921729765776786f,0.05980992075975336f,0.10961550039889988f,0.13725992227126843f,0f,0f,0f,1f],start_interpolation:0}
execute if entity @s[tag=aj.melissa.bone.rightarm] run data modify entity @s {} merge value {transformation:[-0.9259967873272617f,-0.005327695415546119f,0.3774937953412603f,-0.49828715063474704f,-0.3659093380331392f,0.2588540995225618f,-0.8939266812778963f,1.173252422695208f,-0.09295324738673755f,-0.9659017397343909f,-0.24164751804712817f,-0.37207943475711075f,0f,0f,0f,1f],start_interpolation:0}
execute if entity @s[tag=aj.melissa.bone.leftarm] run data modify entity @s {} merge value {transformation:[-0.6646017972053841f,0.6879494416432927f,0.2915990687468928f,-0.06428249707552533f,0.5351317257801204f,0.7106000129602856f,-0.4568168753936659f,1.0432392513184856f,-0.5214772163910555f,-0.14755740348597773f,-0.8404096176636204f,0.05813484452966616f,0f,0f,0f,1f],start_interpolation:0}
execute if entity @s[tag=aj.melissa.bone.torso] run data modify entity @s {} merge value {transformation:[-0.9143948699923186f,0.005177318993765189f,0.40479033721146007f,-0.27312233916920464f,0.09251590105739381f,0.9761288616714191f,0.19650255332590003f,0.6667657906753692f,-0.3941101746761549f,0.21713046948803952f,-0.8930462078955569f,-0.2593339984859643f,0f,0f,0f,1f],start_interpolation:0}