execute if entity @s[tag=aj.melissa.bone.head] run data modify entity @s {} merge value {transformation:[-1f,-7.050451634773393e-19f,1.224626503793546e-16f,-0.24999999999999997f,0f,0.9999834275859607f,0.005757130659780593f,1.374988606465348f,-1.2246467991473532e-16f,0.005757130659780593f,-0.9999834275859607f,-0.2460419726714009f,0f,0f,0f,1f],start_interpolation:0}
execute if entity @s[tag=aj.melissa.bone.broom] run data modify entity @s {} merge value {transformation:[-0.9881156284401061f,0.025390421895579378f,0.15160089481391104f,-0.7511849536603286f,0.032354839794539694f,0.9985228218082329f,0.04365018522290259f,0.6852134648170383f,-0.1502686566596098f,0.04803645286746833f,-0.9874775086155775f,-0.029972865556267853f,0f,0f,0f,1f],start_interpolation:0}
execute if entity @s[tag=aj.melissa.bone.rightarm] run data modify entity @s {} merge value {transformation:[-0.9273560001037513f,0.3568532921995383f,-0.11254588805426045f,-0.5900351145292302f,0.37417743632811445f,0.8832433119971198f,-0.28261722869506467f,1.2756975655982234f,-0.001447485575441546f,-0.3041989146244765f,-0.9526074349525094f,-0.2537089903636448f,0f,0f,0f,1f],start_interpolation:0}
execute if entity @s[tag=aj.melissa.bone.leftarm] run data modify entity @s {} merge value {transformation:[-0.997983131091444f,-0.06347603917928145f,0.0006800786926369499f,0.0937498184666408f,-0.06347444348971487f,0.9979811366385368f,0.002155443649265121f,1.2812421939870422f,-0.00081552473221096f,0.0021079287854404295f,-0.9999974457745614f,-0.24693497412654303f,0f,0f,0f,1f],start_interpolation:0}
execute if entity @s[tag=aj.melissa.bone.torso] run data modify entity @s {} merge value {transformation:[-0.999999471902955f,-7.050451634773393e-19f,-0.0010277129030661794f,-0.24999999999999997f,-0.0000059166774636951275f,0.9999834275859607f,0.005757127619456904f,0.7187494821120612f,0.0010276958713824362f,0.005757130659780593f,-0.9999828994976676f,-0.2498200896668819f,0f,0f,0f,1f],start_interpolation:0}