execute if entity @s[tag=aj.melissa.bone.head] run data modify entity @s {} merge value {transformation:[-1f,-4.155280934073556e-18f,1.223941643501744e-16f,-0.24999999999999997f,0f,0.9994241967185149f,0.03393044375706224f,1.3746041352439788f,-1.2246467991473532e-16f,0.03393044375706224f,-0.9994241967185149f,-0.22667281991701976f,0f,0f,0f,1f],start_interpolation:0}
execute if entity @s[tag=aj.melissa.bone.broom] run data modify entity @s {} merge value {transformation:[-0.999552223298038f,-0.008964122298194405f,-0.02854815950936608f,-0.6485320653646711f,-0.015635792593475292f,0.9699261296361974f,0.24289673739867346f,0.6782529015661924f,0.02551224980128214f,0.24323434699969748f,-0.9696319804697591f,-0.0057016141349095495f,0f,0f,0f,1f],start_interpolation:0}
execute if entity @s[tag=aj.melissa.bone.rightarm] run data modify entity @s {} merge value {transformation:[-0.9502118776926827f,0.23244878204983124f,-0.20752096572466133f,-0.5774295790605467f,0.31042712364321917f,0.7639942707761961f,-0.5656392446849371f,1.257588452045969f,0.027062675372984568f,-0.6018972652743145f,-0.7981148373867997f,-0.26348326664280197f,0f,0f,0f,1f],start_interpolation:0}
execute if entity @s[tag=aj.melissa.bone.leftarm] run data modify entity @s {} merge value {transformation:[-0.9845852565981492f,-0.17490081896635204f,-0.0012553941437277887f,0.09374992066953378f,-0.17482641339841784f,0.9839001159036036f,0.03709834367085333f,1.2809001927760333f,-0.005253348246808954f,0.03674595827808276f,-0.9993108309642316f,-0.22962039615067115f,0f,0f,0f,1f],start_interpolation:0}
execute if entity @s[tag=aj.melissa.bone.torso] run data modify entity @s {} merge value {transformation:[-0.9999997692204619f,-4.155280934073556e-18f,0.0006793813531345832f,-0.24999999999999997f,0.000023051710792125658f,0.9994241967185149f,0.033930435926610096f,0.7187320061474536f,-0.0006789901631220687f,0.03393044375706224f,-0.9994239660718603f,-0.24893967363259187f,0f,0f,0f,1f],start_interpolation:0}