execute if entity @s[tag=aj.melissa.bone.leftleg] run data modify entity @s {} merge value {transformation:[-0.9974891818262474f,-0.070819009733289f,1.223481206754078e-16f,-0.10937499999999997f,-0.07075160572823065f,0.9965397931506548f,-0.043619387365336014f,0.6456723269899024f,0.003089081818385712f,-0.04350986701481118f,-0.9990482215818578f,-0.2620300080919652f,0f,0f,0f,1f],start_interpolation:0}
execute if entity @s[tag=aj.melissa.bone.head] run data modify entity @s {} merge value {transformation:[-0.9557958989093954f,0.24503219723455866f,0.16252206602915586f,-0.2647875893512358f,0.2923813553133909f,0.8505164768210651f,0.43718973652292786f,1.307333841587517f,-0.031102133256187395f,0.46538257914783054f,-0.8845630064233003f,-0.11680024433561395f,0f,0f,0f,1f],start_interpolation:0}
execute if entity @s[tag=aj.melissa.bone.broom] run data modify entity @s {} merge value {transformation:[0.0595320423898862f,-0.15259735896327542f,0.9864937820211145f,-0.4069203300198792f,0.05378509703686671f,0.9873013412673455f,0.14947650273014831f,0.5916664251803991f,-0.99677635368503f,0.044160022295448326f,0.0669835290593284f,0.14988391238062793f,0f,0f,0f,1f],start_interpolation:0}
execute if entity @s[tag=aj.melissa.bone.rightarm] run data modify entity @s {} merge value {transformation:[-0.9253479455754348f,-0.05087930293210291f,0.3756893346269835f,-0.5090186884655269f,-0.3757422319771898f,0.25504441588807547f,-0.8909377761847963f,1.171576376564644f,-0.050487173897158455f,-0.9655897899509158f,-0.2551223291176693f,-0.36224204941970606f,0f,0f,0f,1f],start_interpolation:0}
execute if entity @s[tag=aj.melissa.bone.leftarm] run data modify entity @s {} merge value {transformation:[-0.7007429043078366f,0.6443203372726729f,0.30628530007012644f,-0.05400212071892921f,0.5023933495426756f,0.7504941124494889f,-0.42937106273472225f,1.0439864624013389f,-0.5065178223888172f,-0.14700302770855717f,-0.8496056764446716f,0.05289291725090994f,0f,0f,0f,1f],start_interpolation:0}
execute if entity @s[tag=aj.melissa.bone.torso] run data modify entity @s {} merge value {transformation:[-0.9243517062129658f,0.006873138617528254f,0.3814795973400457f,-0.26929808656898874f,0.08905967831457294f,0.9761048404936432f,0.1982112864177618f,0.6667650400135637f,-0.3710017478660767f,0.21719139101360224f,-0.9028762942673224f,-0.25933209468829044f,0f,0f,0f,1f],start_interpolation:0}