execute if entity @s[tag=aj.melissa.bone.rightleg] run data modify entity @s {} merge value {transformation:[-0.9998706907799976f,0.016081098194167778f,1.224488441024977e-16f,-0.3828125f,0.016079018759903505f,0.9997413982808695f,-0.016081098194167774f,0.6522741754958339f,-0.00025860171913058853f,-0.0160790187599035f,-0.9998706907799976f,-0.2544904815621091f,0f,0f,0f,1f],start_interpolation:0}
execute if entity @s[tag=aj.melissa.bone.leftleg] run data modify entity @s {} merge value {transformation:[-0.9990482215818578f,-0.043619387365336f,1.224488441024977e-16f,-0.11718749999999997f,-0.043613746976378806f,0.9989190354355802f,-0.016081098194167774f,0.6522741754958339f,0.0007014476513912871f,-0.016065792551966548f,-0.9998706907799976f,-0.25449048156210907f,0f,0f,0f,1f],start_interpolation:0}
execute if entity @s[tag=aj.melissa.bone.head] run data modify entity @s {} merge value {transformation:[-0.9830651062542205f,0.13117954297182524f,0.1279645434137182f,-0.2618722276503835f,0.15754049278310414f,0.9616671270125784f,0.2244489473288526f,1.3440979869570215f,-0.09361618449304063f,0.24080752548264847f,-0.966047486240655f,-0.1842030764702786f,0f,0f,0f,1f],start_interpolation:0}
execute if entity @s[tag=aj.melissa.bone.broom] run data modify entity @s {} merge value {transformation:[-0.7004552035799052f,0.048828477241112805f,0.7120240779553371f,-0.5463956160634315f,0.022883540185257872f,0.998680460938724f,-0.04597478143295325f,0.6459905559195342f,-0.7133294129407698f,-0.015909643287398634f,-0.7006482939992391f,0.05533328187439229f,0f,0f,0f,1f],start_interpolation:0}
execute if entity @s[tag=aj.melissa.bone.rightarm] run data modify entity @s {} merge value {transformation:[-0.9950225673080579f,0.05650286522773176f,0.08208237794276188f,-0.5270599926995991f,-0.055860921300718944f,0.36584707203565475f,-0.9289970276348433f,1.193875171517583f,-0.0825205914854984f,-0.9289582047132126f,-0.3608697907513016f,-0.3631346468225039f,0f,0f,0f,1f],start_interpolation:0}
execute if entity @s[tag=aj.melissa.bone.leftarm] run data modify entity @s {} merge value {transformation:[-0.8960035084563337f,0.3647208598584305f,0.25329115108520445f,0.04032189208677178f,0.32378735246644536f,0.9269783254861385f,-0.1894015165242468f,1.1914764337877466f,-0.3038740910586333f,-0.08769195209961853f,-0.9486678335014038f,-0.08462591059838476f,0f,0f,0f,1f],start_interpolation:0}
execute if entity @s[tag=aj.melissa.bone.torso] run data modify entity @s {} merge value {transformation:[-0.9759425215803458f,0.005458577963078458f,0.21795962584391038f,-0.2654544194386537f,0.02790129824030037f,0.994593836165969f,0.10002309041999984f,0.6913957819731043f,-0.21623531656022846f,0.10369814360576879f,-0.9708187178278006f,-0.25225498321156437f,0f,0f,0f,1f],start_interpolation:0}