execute if entity @s[tag=aj.melissa.bone.head] run data modify entity @s {} merge value {transformation:[-1f,-4.54451893974819e-18f,1.2238033001354772e-16f,-0.24999999999999997f,0f,0.9993112307871433f,0.037108813275078666f,1.3745264711661611f,-1.2246467991473532e-16f,0.037108813275078666f,-0.9993112307871433f,-0.22448769087338347f,0f,0f,0f,1f],start_interpolation:0}
execute if entity @s[tag=aj.melissa.bone.broom] run data modify entity @s {} merge value {transformation:[-0.9973130791409757f,-0.0013953351527192237f,-0.0732439431909392f,-0.6306202254227491f,-0.016990531809838408f,0.9769617838300833f,0.21273691443743392f,0.6836770380067002f,0.07125969409957372f,0.2134097607312112f,-0.9743604723209384f,0.025997951366551253f,0f,0f,0f,1f],start_interpolation:0}
execute if entity @s[tag=aj.melissa.bone.rightarm] run data modify entity @s {} merge value {transformation:[-0.9532623921054217f,0.19573754117646852f,-0.2301686919883752f,-0.5757175009491049f,0.3003509438283004f,0.6967491644755099f,-0.6514061040120269f,1.2552055015240962f,0.0328652147246644f,-0.6900923248210118f,-0.7229747304603618f,-0.26523280693322937f,0f,0f,0f,1f],start_interpolation:0}
execute if entity @s[tag=aj.melissa.bone.leftarm] run data modify entity @s {} merge value {transformation:[-0.9821466399362265f,-0.18811145550500968f,-0.0014345625699678343f,0.0937498655066892f,-0.18801267642703445f,0.9813199743356514f,0.040771822041937154f,1.280829759263245f,-0.00626188188355631f,0.04031362397084805f,-0.9991674537121461f,-0.2276627724022718f,0f,0f,0f,1f],start_interpolation:0}
execute if entity @s[tag=aj.melissa.bone.torso] run data modify entity @s {} merge value {transformation:[-0.9999996087467321f,-4.54451893974819e-18f,0.0008845939083963146f,-0.24999999999999997f,0.000032826230170946336f,0.9993112307871433f,0.0371087987561342f,0.7187284759620982f,-0.0008839846273463309f,0.037108813275078666f,-0.9993108398033587f,-0.24884034958515386f,0f,0f,0f,1f],start_interpolation:0}