execute if entity @s[tag=aj.melissa.bone.head] run data modify entity @s {} merge value {transformation:[-1f,-5.327301843647606e-18f,1.2234875431194732e-16f,-0.24999999999999997f,0f,0.9990533956168528f,0.043500720757664015f,1.3743492094865863f,-1.2246467991473532e-16f,0.043500720757664015f,-0.9990533956168528f,-0.22009325447910605f,0f,0f,0f,1f],start_interpolation:0}
execute if entity @s[tag=aj.melissa.bone.broom] run data modify entity @s {} merge value {transformation:[-0.9806792556687763f,0.03741467721608471f,-0.19201130026576835f,-0.574652489909171f,0.008910936494988447f,0.9890645185184536f,0.14721403947532374f,0.6809159447632009f,0.19541953001610962f,0.1426587541536658f,-0.9702884556417266f,0.11818571611486922f,0f,0f,0f,1f],start_interpolation:0}
execute if entity @s[tag=aj.melissa.bone.rightarm] run data modify entity @s {} merge value {transformation:[-0.9627469824205341f,0.06764554337045069f,-0.26180589814263616f,-0.569750680920686f,0.2650664547118996f,0.42751112644713396f,-0.8642765826692098f,1.2468508825066509f,0.05346047536844708f,-0.9014756331848462f,-0.42951561129644694f,-0.27379811666883974f,0f,0f,0f,1f],start_interpolation:0}
execute if entity @s[tag=aj.melissa.bone.leftarm] run data modify entity @s {} merge value {transformation:[-0.9868893175659494f,-0.16139847153661369f,-0.00009088377007297472f,0.09374995910599312f,-0.1612429326578696f,0.985913227379211f,0.04445025024224285f,1.2806806597001539f,-0.007084598937448952f,0.043882131492820296f,-0.9990115950245736f,-0.22400393159882678f,0f,0f,0f,1f],start_interpolation:0}
execute if entity @s[tag=aj.melissa.bone.torso] run data modify entity @s {} merge value {transformation:[-0.9999998810356162f,-5.327301843647606e-18f,0.0004877794106671172f,-0.24999999999999997f,0.000021218755934762865f,0.9990533956168528f,0.043500715582627573f,0.7187204186130266f,-0.000487317676538971f,0.043500720757664015f,-0.9990532767650813f,-0.24864060247632305f,0f,0f,0f,1f],start_interpolation:0}