execute if entity @s[tag=aj.melissa.bone.rightleg] run data modify entity @s {} merge value {transformation:[-0.9993328807477172f,0.03652113711905661f,1.2238298136903954e-16f,-0.38249999999999995f,0.036496773165369215f,0.9986662065435311f,-0.036521137119056614f,0.6473490379632081f,-0.0013337934564690566f,-0.03649677316536922f,-0.9993328807477171f,-0.260104790001664f,0f,0f,0f,1f],start_interpolation:0}
execute if entity @s[tag=aj.melissa.bone.leftleg] run data modify entity @s {} merge value {transformation:[-0.9993328807477172f,-0.03652113711905659f,1.2238298136903954e-16f,-0.11749999999999997f,-0.036496773165369215f,0.9986662065435311f,-0.036521137119056614f,0.6473490379632081f,0.001333793456468812f,-0.036496773165369235f,-0.9993328807477171f,-0.260104790001664f,0f,0f,0f,1f],start_interpolation:0}
execute if entity @s[tag=aj.melissa.bone.head] run data modify entity @s {} merge value {transformation:[-0.9760731042200407f,0.2122673716648691f,0.04715780046548162f,-0.24998759739507986f,0.21380402440847646f,0.8973887039234621f,0.38598102701727255f,1.3206138104374356f,0.03961230067786348f,0.38682822673256045f,-0.9213005962431315f,-0.1382846813683557f,0f,0f,0f,1f],start_interpolation:0}
execute if entity @s[tag=aj.melissa.bone.broom] run data modify entity @s {} merge value {transformation:[-0.29349835818367914f,-0.22145910498507024f,0.9299540733620647f,-0.3925371171388544f,-0.08090738441252296f,0.9750605986011871f,0.20666597253302f,0.680921876355326f,-0.9525296367520589f,-0.014584028068621413f,-0.30409636175772425f,0.2021295428767288f,0f,0f,0f,1f],start_interpolation:0}
execute if entity @s[tag=aj.melissa.bone.rightarm] run data modify entity @s {} merge value {transformation:[-0.9391650367182722f,-0.1206831185494519f,0.3215658854778365f,-0.5560824439460645f,-0.3430844064381333f,0.2854937877279201f,-0.8948666868465711f,1.1812086340388062f,0.01619023980550993f,-0.950751745760135f,-0.3095302797289724f,-0.3317774162562842f,0f,0f,0f,1f],start_interpolation:0}
execute if entity @s[tag=aj.melissa.bone.leftarm] run data modify entity @s {} merge value {transformation:[-0.7816159579800563f,0.5257088648672712f,0.33571816100843255f,-0.01078043251881669f,0.37047612178740263f,0.824259093149222f,-0.4281873311369545f,1.08979886381895f,-0.5018206227490898f,-0.21030248871753138f,-0.8390166421608861f,0.019026070117161065f,0f,0f,0f,1f],start_interpolation:0}
execute if entity @s[tag=aj.melissa.bone.torso] run data modify entity @s {} merge value {transformation:[-0.9416736301197025f,0.000018040152611051705f,0.3365275234089101f,-0.24999943624523088f,0.061141037734973716f,0.9833664819932442f,0.1710325571255987f,0.6752795566293692f,-0.33092680133508706f,0.18163249094471937f,-0.9260113878302709f,-0.25748100355082776f,0f,0f,0f,1f],start_interpolation:0}