execute if entity @s[tag=aj.melissa.bone.rightleg] run data modify entity @s {} merge value {transformation:[-0.9994093940828582f,0.03436368750489596f,1.223923515501368e-16f,-0.390625f,0.034343392107720756f,0.9988191369810658f,-0.034363687504895955f,0.6478620989077934f,-0.0011808630189342646f,-0.03434339210772075f,-0.9994093940828582f,-0.2595171356314666f,0f,0f,0f,1f],start_interpolation:0}
execute if entity @s[tag=aj.melissa.bone.leftleg] run data modify entity @s {} merge value {transformation:[-0.9963789266895355f,-0.08502372874091742f,1.223923515501368e-16f,-0.10937499999999997f,-0.08497351322362558f,0.9957904593997173f,-0.034363687504895955f,0.6478620989077934f,0.002921728844953805f,-0.03423925407322285f,-0.9994093940828582f,-0.25951713563146656f,0f,0f,0f,1f],start_interpolation:0}
execute if entity @s[tag=aj.melissa.bone.head] run data modify entity @s {} merge value {transformation:[-0.9396913719769717f,0.2158985066716503f,0.26526959917975523f,-0.2797228100504714f,0.31373089384266545f,0.8529769243756754f,0.4171370191331567f,1.306355731369829f,-0.13620958733040367f,0.47520332627157047f,-0.8692690878086696f,-0.12011434287624795f,0f,0f,0f,1f],start_interpolation:0}
execute if entity @s[tag=aj.melissa.bone.broom] run data modify entity @s {} merge value {transformation:[0.22515821621694865f,0.07031857641997213f,0.9717813928452586f,-0.5327887472063491f,0.08817611715891677f,0.9918287461629729f,-0.09219929851990016f,0.5780854254471395f,-0.9703240438290595f,0.10644733953957357f,0.21711797224589205f,0.10730378661369366f,0f,0f,0f,1f],start_interpolation:0}
execute if entity @s[tag=aj.melissa.bone.rightarm] run data modify entity @s {} merge value {transformation:[-0.9148921701598646f,0.11361918196562265f,0.3873796567576002f,-0.4858965548897819f,-0.34806083409849614f,0.26411773855189036f,-0.8994973462711793f,1.1707804336842225f,-0.20451399156740477f,-0.9577747656269178f,-0.2020928637569112f,-0.3846350894821663f,0f,0f,0f,1f],start_interpolation:0}
execute if entity @s[tag=aj.melissa.bone.leftarm] run data modify entity @s {} merge value {transformation:[-0.600038601764528f,0.7390157088152617f,0.3062832978089831f,-0.054382368157281785f,0.5577709921094967f,0.660946374829423f,-0.50203725953462f,1.0739967015697225f,-0.5734502565642969f,-0.13040579635936372f,-0.8087948636843723f,0.04904010771199013f,0f,0f,0f,1f],start_interpolation:0}
execute if entity @s[tag=aj.melissa.bone.torso] run data modify entity @s {} merge value {transformation:[-0.9063626286295209f,-0.000007917057405827386f,0.4225006335629634f,-0.2797176144815488f,0.08764228145916225f,0.9782448469449847f,0.18803151312005245f,0.664382550562183f,-0.4133105562702437f,0.2074536559400766f,-0.8866438770513662f,-0.2562558045869232f,0f,0f,0f,1f],start_interpolation:0}