execute if entity @s[tag=aj.melissa.bone.head] run data modify entity @s {} merge value {transformation:[-1f,-3.486775601219766e-18f,1.2241503266562207e-16f,-0.24999999999999997f,0f,0.9995945994457518f,0.028471683457200844f,1.3747212871189545f,-1.2246467991473532e-16f,0.028471683457200844f,-0.9995945994457518f,-0.2304257176231745f,0f,0f,0f,1f],start_interpolation:0}
execute if entity @s[tag=aj.melissa.bone.broom] run data modify entity @s {} merge value {transformation:[-0.999473810164265f,-0.014520721397842273f,0.029004334948642047f,-0.6723305607187432f,-0.006779632129462046f,0.9679683041782532f,0.25098087316460166f,0.6761779594455338f,-0.03171970024946544f,0.250652170859067f,-0.9675574142446126f,-0.03329748293799098f,0f,0f,0f,1f],start_interpolation:0}
execute if entity @s[tag=aj.melissa.bone.rightarm] run data modify entity @s {} merge value {transformation:[-0.9454911640029211f,0.27436142119702195f,-0.1754202649386658f,-0.5799912071921454f,0.3250991858329013f,0.8264976001758152f,-0.4595783244175067f,1.261177049855733f,0.018893865755479862f,-0.49155623021417255f,-0.8706408526909619f,-0.2612675285354227f,0f,0f,0f,1f],start_interpolation:0}
execute if entity @s[tag=aj.melissa.bone.leftarm] run data modify entity @s {} merge value {transformation:[-0.9887844935885334f,-0.14934825039837518f,-0.0005703874224053714f,0.093749985831693f,-0.1492980868115882f,0.9883379134979141f,0.029970819424719387f,1.2810064834069808f,-0.003912353929141899f,0.029719839258211055f,-0.9995506113455181f,-0.23299628291842508f,0f,0f,0f,1f],start_interpolation:0}
execute if entity @s[tag=aj.melissa.bone.torso] run data modify entity @s {} merge value {transformation:[-0.9999999587831068f,-3.486775601219766e-18f,0.0002871128433043022f,-0.24999999999999997f,0.000008174585991053514f,0.9995945994457518f,0.028471682283686506f,0.7187373312326797f,-0.00028699644759849497f,0.028471683457200844f,-0.9995945582455679f,-0.24911025989196253f,0f,0f,0f,1f],start_interpolation:0}