execute if entity @s[tag=aj.melissa.bone.rightleg] run data modify entity @s {} merge value {transformation:[-0.9992207052001025f,0.039471284491509794f,1.2236924382650668e-16f,-0.38312499999999994f,0.03944052472476028f,0.9984420177005903f,-0.039471284491509794f,0.6466500614645874f,-0.0015579822994098236f,-0.03944052472476028f,-0.9992207052001025f,-0.2609064750632628f,0f,0f,0f,1f],start_interpolation:0}
execute if entity @s[tag=aj.melissa.bone.leftleg] run data modify entity @s {} merge value {transformation:[-0.9992207052001025f,-0.03947128449150978f,1.2236924382650668e-16f,-0.11687499999999998f,-0.03944052472476028f,0.9984420177005903f,-0.039471284491509794f,0.6466500614645874f,0.001557982299409579f,-0.03944052472476029f,-0.9992207052001025f,-0.26090647506326275f,0f,0f,0f,1f],start_interpolation:0}
execute if entity @s[tag=aj.melissa.bone.head] run data modify entity @s {} merge value {transformation:[-0.9720694028127721f,0.22815993963617032f,0.05499198178316447f,-0.24999032754205616f,0.23011857117985576f,0.8805467861902982f,0.41434623267031045f,1.3152498577112608f,0.046114198609131705f,0.415427971223841f,-0.9084564279102664f,-0.1295341479245072f,0f,0f,0f,1f],start_interpolation:0}
execute if entity @s[tag=aj.melissa.bone.broom] run data modify entity @s {} merge value {transformation:[-0.17366232356805394f,-0.2981658745488217f,0.9385832454436214f,-0.36311423818857275f,-0.06055517266400584f,0.9544944261811463f,0.29201620066831346f,0.6721516564538945f,-0.982941742137639f,-0.006123858559806961f,-0.1838152058991927f,0.18906967542662617f,0f,0f,0f,1f],start_interpolation:0}
execute if entity @s[tag=aj.melissa.bone.rightarm] run data modify entity @s {} merge value {transformation:[-0.9268546600312589f,-0.12001181690930601f,0.3557212433640516f,-0.554073560528828f,-0.37516107086182926f,0.26087669025721805f,-0.8894928461714825f,1.1734828358020946f,0.013950271973873385f,-0.9578833521272652f,-0.2868185378062028f,-0.3312481358719835f,0f,0f,0f,1f],start_interpolation:0}
execute if entity @s[tag=aj.melissa.bone.leftarm] run data modify entity @s {} merge value {transformation:[-0.7738018699357502f,0.5411097060946574f,0.3292885543927849f,-0.018317098295619366f,0.39112116506861444f,0.8170752290700601f,-0.42357089639808665f,1.0724048585337638f,-0.4982518442708527f,-0.19896822864533553f,-0.8438937988102717f,0.029897373150343187f,0f,0f,0f,1f],start_interpolation:0}
execute if entity @s[tag=aj.melissa.bone.torso] run data modify entity @s {} merge value {transformation:[-0.9405004918277354f,0.000014069029736468096f,0.3397923258018789f,-0.2499995603428207f,0.06665577901899762f,0.9805782938381741f,0.18445383372753799f,0.6717453523799591f,-0.33319038400763956f,0.19612804352126206f,-0.9222353054125414f,-0.2582431764853354f,0f,0f,0f,1f],start_interpolation:0}