execute if entity @s[tag=aj.melissa.bone.rightleg] run data modify entity @s {} merge value {transformation:[-0.9990482215818578f,0.043619387365336f,1.223481206754078e-16f,-0.38937499999999997f,0.04357787137382908f,0.9980973490458729f,-0.04361938736533601f,0.6456723269899024f,-0.0019026509541273562f,-0.04357787137382909f,-0.9990482215818578f,-0.26203000809196525f,0f,0f,0f,1f],start_interpolation:0}
execute if entity @s[tag=aj.melissa.bone.leftleg] run data modify entity @s {} merge value {transformation:[-0.996719072276491f,-0.08093880997575251f,1.223481206754078e-16f,-0.11062499999999997f,-0.08086177416322747f,0.9957704165745476f,-0.04361938736533601f,0.6456723269899024f,0.003530501305221549f,-0.043476275308046604f,-0.9990482215818578f,-0.2620300080919652f,0f,0f,0f,1f],start_interpolation:0}
execute if entity @s[tag=aj.melissa.bone.head] run data modify entity @s {} merge value {transformation:[-0.9454183815678971f,0.22413590461370697f,0.23653156249543789f,-0.27550674651142615f,0.3085806679464869f,0.8490325077972676f,0.42886101719925884f,1.3074075323158878f,-0.10469983363519739f,0.47844215634335374f,-0.8718549465767135f,-0.11706234997498216f,0f,0f,0f,1f],start_interpolation:0}
execute if entity @s[tag=aj.melissa.bone.broom] run data modify entity @s {} merge value {transformation:[0.1734969039089282f,0.00914340447722406f,0.9847919691430177f,-0.48933910563991445f,0.08064441187716753f,0.9964668254046766f,-0.02345942669613732f,0.5806149131117048f,-0.9815270262030497f,0.0834881070721544f,0.17214654457904913f,0.11846592239560239f,0f,0f,0f,1f],start_interpolation:0}
execute if entity @s[tag=aj.melissa.bone.rightarm] run data modify entity @s {} merge value {transformation:[-0.9221223575823834f,0.06260257172395f,0.381800046700174f,-0.48661370865693077f,-0.35361598082279844f,0.26405043776086845f,-0.8973478168609004f,1.1747848377361079f,-0.15699075053466538f,-0.9624750824472506f,-0.22134954238651813f,-0.38292010169078106f,0f,0f,0f,1f],start_interpolation:0}
execute if entity @s[tag=aj.melissa.bone.leftarm] run data modify entity @s {} merge value {transformation:[-0.6221198673933931f,0.7198616911696971f,0.3078408942631417f,-0.07708831962294521f,0.5555242974144055f,0.6829378330764103f,-0.47432970720283607f,1.0425644028419163f,-0.5516879784594353f,-0.12407683804482122f,-0.8247698543740193f,0.06477925593943362f,0f,0f,0f,1f],start_interpolation:0}
execute if entity @s[tag=aj.melissa.bone.torso] run data modify entity @s {} merge value {transformation:[-0.9003425032946112f,0.001854379455045589f,0.43517805325869763f,-0.27672368302879985f,0.09598120830702922f,0.976212027007637f,0.19441626983759178f,0.666768389592126f,-0.4244655279443973f,0.21681014644724847f,-0.8791031657231175f,-0.259344008580989f,0f,0f,0f,1f],start_interpolation:0}