execute if entity @s[tag=aj.melissa.bone.rightleg] run data modify entity @s {} merge value {transformation:[-0.9999824790778605f,0.005919589284429027f,1.224625342206137e-16f,-0.37812499999999993f,0.005919485567766076f,0.9999649584627037f,-0.0059195892844290275f,0.6547761254958783f,-0.00003504153729644942f,-0.005919485567766077f,-0.9999824790778605f,-0.25166050425571085f,0f,0f,0f,1f],start_interpolation:0}
execute if entity @s[tag=aj.melissa.bone.leftleg] run data modify entity @s {} merge value {transformation:[-0.999873944906569f,-0.015877477664145205f,1.224625342206137e-16f,-0.12187499999999998f,-0.01587719947609528f,0.9998564261930311f,-0.0059195892844290275f,0.6547761254958783f,0.00009398814664431274f,-0.005918843090048707f,-0.9999824790778605f,-0.2516605042557108f,0f,0f,0f,1f],start_interpolation:0}
execute if entity @s[tag=aj.melissa.bone.head] run data modify entity @s {} merge value {transformation:[-0.9976740654821535f,0.053091986028221495f,0.042751609138026746f,-0.2533728189976674f,0.056564910245312294f,0.9948076639284436f,0.08460568963239234f,1.364615187945726f,-0.03803774432391127f,0.08682714327220534f,-0.9954969498687258f,-0.2258390874353454f,0f,0f,0f,1f],start_interpolation:0}
execute if entity @s[tag=aj.melissa.bone.broom] run data modify entity @s {} merge value {transformation:[-0.987996750130519f,0.023133876911718962f,0.15273259465669525f,-0.5480172317438025f,0.03311617123155433f,0.9974550370306768f,0.06314086082002524f,0.6611382396912663f,-0.15088320295677488f,0.0674408840479192f,-0.9862484404166831f,0.07189234542644662f,0f,0f,0f,1f],start_interpolation:0}
execute if entity @s[tag=aj.melissa.bone.rightarm] run data modify entity @s {} merge value {transformation:[-0.9892965304032405f,0.044021866007665375f,-0.1391202725892719f,-0.5480014928440247f,0.14526937998386724f,0.38699718870434807f,-0.9105657489572261f,1.2118269672937871f,0.013754350992066317f,-0.9210294518896419f,-0.3892500052416862f,-0.33851120701648474f,0f,0f,0f,1f],start_interpolation:0}
execute if entity @s[tag=aj.melissa.bone.leftarm] run data modify entity @s {} merge value {transformation:[-0.9926587435923551f,0.0756862703856916f,0.09434090970915607f,0.07946571790308554f,0.07462989030188302f,0.9971032293703309f,-0.014680921387513979f,1.2513199743745749f,-0.09517876991838077f,-0.007532493236733578f,-0.9954316969548752f,-0.1893268486546206f,0f,0f,0f,1f],start_interpolation:0}
execute if entity @s[tag=aj.melissa.bone.torso] run data modify entity @s {} merge value {transformation:[-0.9974572575168192f,0.003364542239992051f,0.0711877748109956f,-0.25558079984266213f,0.00605344790510282f,0.999274908604927f,0.03759006253087708f,0.7088410291737427f,-0.07100968381485666f,0.037925412168232954f,-0.9967543769236149f,-0.25072763917074825f,0f,0f,0f,1f],start_interpolation:0}