execute if entity @s[tag=aj.melissa.bone.rightleg] run data modify entity @s {} merge value {transformation:[-0.9998589760679563f,0.01679368858643078f,1.2244740946403727e-16f,-0.37875f,0.0167913202744328f,0.999717972023662f,-0.01679368858643078f,0.6521000548300323f,-0.00028202797633813785f,-0.0167913202744328f,-0.9998589760679563f,-0.25468796893192275f,0f,0f,0f,1f],start_interpolation:0}
execute if entity @s[tag=aj.melissa.bone.leftleg] run data modify entity @s {} merge value {transformation:[-0.9998589760679563f,-0.016793688586430773f,1.2244740946403727e-16f,-0.12124999999999997f,-0.0167913202744328f,0.999717972023662f,-0.01679368858643078f,0.6521000548300323f,0.0002820279763378929f,-0.01679132027443281f,-0.9998589760679563f,-0.25468796893192275f,0f,0f,0f,1f],start_interpolation:0}
execute if entity @s[tag=aj.melissa.bone.head] run data modify entity @s {} merge value {transformation:[-0.9949261200100623f,0.10011524092642518f,0.009947575381325739f,-0.24999194614312084f,0.10023904604659525f,0.9779553022974423f,0.1831817686233722f,1.3527670850235838f,0.008611002809886576f,0.18324946177973334f,-0.9830287307032517f,-0.19795357149107556f,0f,0f,0f,1f],start_interpolation:0}
execute if entity @s[tag=aj.melissa.bone.broom] run data modify entity @s {} merge value {transformation:[-0.7594384638528221f,0.19425515823949335f,0.6209010815888591f,-0.7114070596289851f,0.35620388491139865f,0.9227758308278766f,0.1469814900385389f,0.5189360605749136f,-0.544400598819374f,0.33279077441730776f,-0.7699859014734204f,-0.14598722735668812f,0f,0f,0f,1f],start_interpolation:0}
execute if entity @s[tag=aj.melissa.bone.rightarm] run data modify entity @s {} merge value {transformation:[-0.9772568446989122f,0.18989060097572122f,0.09439607592588603f,-0.5763155655163635f,0.13236104368780247f,0.8939915670822748f,-0.42808834613856783f,1.2326795472892225f,-0.16567924916235544f,-0.40585790327016924f,-0.8987934961659103f,-0.31916264289623114f,0f,0f,0f,1f],start_interpolation:0}
execute if entity @s[tag=aj.melissa.bone.leftarm] run data modify entity @s {} merge value {transformation:[-0.954119753952018f,-0.00888711543489568f,0.29929335825872844f,0.04694398581589143f,-0.010909892870543237f,0.9999275394616622f,-0.005088227952730312f,1.2006771617312564f,-0.29922645163169315f,-0.008120037277778686f,-0.954147575398331f,-0.08244776614675858f,0f,0f,0f,1f],start_interpolation:0}
execute if entity @s[tag=aj.melissa.bone.torso] run data modify entity @s {} merge value {transformation:[-0.9671030260763986f,0.000011714700915095067f,0.2543850168870768f,-0.24999963391559638f,0.021347511531317462f,0.9964763900983953f,0.08111157579464813f,0.698829454021512f,-0.2534877131249024f,0.08387373748222064f,-0.9636955823575569f,-0.2529957117137829f,0f,0f,0f,1f],start_interpolation:0}