execute if entity @s[tag=aj.melissa.bone.rightleg] run data modify entity @s {} merge value {transformation:[-1f,0f,1.2246467991473532e-16f,-0.375f,0f,1f,0f,0.65625f,-1.2246467991473532e-16f,0f,-1f,-0.25000000000000006f,0f,0f,0f,1f],start_interpolation:0}
execute if entity @s[tag=aj.melissa.bone.leftleg] run data modify entity @s {} merge value {transformation:[-1f,0f,1.2246467991473532e-16f,-0.12499999999999997f,0f,1f,0f,0.65625f,-1.2246467991473532e-16f,0f,-1f,-0.25f,0f,0f,0f,1f],start_interpolation:0}
execute if entity @s[tag=aj.melissa.bone.head] run data modify entity @s {} merge value {transformation:[-1f,0f,1.2246467991473532e-16f,-0.24999999999999997f,0f,1f,0f,1.375f,-1.2246467991473532e-16f,0f,-1f,-0.25000000000000006f,0f,0f,0f,1f],start_interpolation:0}
execute if entity @s[tag=aj.melissa.bone.broom] run data modify entity @s {} merge value {transformation:[-0.9809025326941841f,0.04610771540198419f,-0.18895581476775114f,-0.5595125240296744f,0.020497768151244405f,0.9905912773505554f,0.1353098767193756f,0.6673410155123125f,0.1934168112004561f,0.12885262829063454f,-0.9726185980782203f,0.08767002845593941f,0f,0f,0f,1f],start_interpolation:0}
execute if entity @s[tag=aj.melissa.bone.rightarm] run data modify entity @s {} merge value {transformation:[-0.9636757658838216f,0.06319962953152092f,-0.2594895471407436f,-0.5560810140238828f,0.26351399174760765f,0.3831304409142776f,-0.885308670124761f,1.2247465210358244f,0.04346716463575099f,-0.9215296371099031f,-0.3858675077362939f,-0.32533797195223446f,0f,0f,0f,1f],start_interpolation:0}
execute if entity @s[tag=aj.melissa.bone.leftarm] run data modify entity @s {} merge value {transformation:[-0.9914448613738104f,-0.13052619222005157f,1.2246467991473532e-16f,0.09375000000000003f,-0.13052619222005157f,0.9914448613738104f,0f,1.28125f,-1.2141697760125282e-16f,-1.5984848350717833e-17f,-1f,-0.25f,0f,0f,0f,1f],start_interpolation:0}
execute if entity @s[tag=aj.melissa.bone.torso] run data modify entity @s {} merge value {transformation:[-1f,0f,1.2246467991473532e-16f,-0.24999999999999997f,0f,1f,0f,0.71875f,-1.2246467991473532e-16f,0f,-1f,-0.25000000000000006f,0f,0f,0f,1f],start_interpolation:0}