execute if entity @s[tag=aj.melissa.bone.rightleg] run data modify entity @s {} merge value {transformation:[-0.9999048239863209f,0.013796483931954309f,1.2245302421468455e-16f,-0.3817708333333333f,0.013795170837610877f,0.9998096570311154f,-0.01379648393195431f,0.6528335957717137f,-0.00019034296888479588f,-0.013795170837610877f,-0.999904823986321f,-0.2538564671024424f,0f,0f,0f,1f],start_interpolation:0}
execute if entity @s[tag=aj.melissa.bone.leftleg] run data modify entity @s {} merge value {transformation:[-0.9993006024956779f,-0.03739392800676727f,1.2245302421468455e-16f,-0.11822916666666664f,-0.03739036900176378f,0.9992054930478653f,-0.01379648393195431f,0.6528335957717137f,0.0005159047268978985f,-0.013786834705523887f,-0.999904823986321f,-0.2538564671024424f,0f,0f,0f,1f],start_interpolation:0}
execute if entity @s[tag=aj.melissa.bone.head] run data modify entity @s {} merge value {transformation:[-0.9874472312869442f,0.11536959633701727f,0.10787873592502799f,-0.25967956432950035f,0.1347366781566552f,0.9716771439582476f,0.194137980489272f,1.3489560523854158f,-0.08242568157472613f,0.2062362338440477f,-0.9750244216771009f,-0.19347688372107283f,0f,0f,0f,1f],start_interpolation:0}
execute if entity @s[tag=aj.melissa.bone.broom] run data modify entity @s {} merge value {transformation:[-0.7971708758692377f,0.03592865199808985f,0.6026837700083457f,-0.5458183648044795f,0.024654837030607835f,0.9993323277967727f,-0.02696363534980123f,0.6500147907213286f,-0.6032501418788613f,-0.006635554677871802f,-0.7975244420939398f,0.057009620010789686f,0f,0f,0f,1f],start_interpolation:0}
execute if entity @s[tag=aj.melissa.bone.rightarm] run data modify entity @s {} merge value {transformation:[-0.9981789117830319f,0.050564772769920746f,0.032894738581854155f,-0.5323995664972057f,-0.011620773755458166f,0.37391059667775894f,-0.9273919469724795f,1.197600869029183f,-0.059193054398017836f,-0.9260853467401415f,-0.37264207071159416f,-0.35807839962769594f,0f,0f,0f,1f],start_interpolation:0}
execute if entity @s[tag=aj.melissa.bone.leftarm] run data modify entity @s {} merge value {transformation:[-0.9269714663827875f,0.2985208633362132f,0.22717657155865917f,0.050646273938985076f,0.2728506355001078f,0.9521348356163029f,-0.13781068722382672f,1.2057380758248382f,-0.2574420929438928f,-0.06576130289857446f,-0.964053432036705f,-0.10699658241660012f,0f,0f,0f,1f],start_interpolation:0}
execute if entity @s[tag=aj.melissa.bone.torso] run data modify entity @s {} merge value {transformation:[-0.9826636997494749f,0.005402578099725914f,0.18531828119360017f,-0.26322500620744543f,0.021779798526574287f,0.9960179096731524f,0.08645209070037486f,0.6953192991624094f,-0.18411326288677776f,0.08898952612639517f,-0.9788683111986943f,-0.25187626024151966f,0f,0f,0f,1f],start_interpolation:0}