execute if entity @s[tag=aj.melissa.bone.head] run data modify entity @s {} merge value {transformation:[-0.9999622544037177f,-0.0014241089173132719f,-0.008570979035456422f,-0.25097907488065285f,-0.0015169834674423207f,0.9999401034154837f,0.01083920396483607f,1.374958821098145f,0.008555029456063335f,0.010851796866115773f,-0.999904520429717f,-0.24253938965454547f,0f,0f,0f,1f],start_interpolation:0}
execute if entity @s[tag=aj.melissa.bone.broom] run data modify entity @s {} merge value {transformation:[-0.9793000069883246f,0.044994763842720636f,-0.19734986075344735f,-0.5630796004678527f,0.015835804313807544f,0.9890229556175814f,0.14691092731038957f,0.6705790934822982f,0.20179376505333868f,0.14074467836547702f,-0.96926271562327f,0.10008668949303329f,0f,0f,0f,1f],start_interpolation:0}
execute if entity @s[tag=aj.melissa.bone.rightarm] run data modify entity @s {} merge value {transformation:[-0.9636142222174808f,0.055849952773986807f,-0.26139704190243396f,-0.56336981241657f,0.2616809170971712f,0.39651950944727066f,-0.8799405526823271f,1.2339141272689313f,0.05450438851489692f,-0.9163258489221173f,-0.39670670555181925f,-0.30481062679300686f,0f,0f,0f,1f],start_interpolation:0}
execute if entity @s[tag=aj.melissa.bone.leftarm] run data modify entity @s {} merge value {transformation:[-0.9894944331965839f,-0.14424771015667873f,-0.009662545602791261f,0.09289200018733673f,-0.1443681929914987f,0.9894358185315555f,0.01321309423110524f,1.2817352092153342f,0.007654510130674903f,0.014469247435353456f,-0.9998660157007606f,-0.24643386254674973f,0f,0f,0f,1f],start_interpolation:0}
execute if entity @s[tag=aj.melissa.bone.torso] run data modify entity @s {} merge value {transformation:[-0.9999638250385207f,-0.0014241089173132719f,-0.008385733606695716f,-0.250044503403666f,-0.001514975454227664f,0.9999401034154837f,0.01083948480348116f,0.7187481282317338f,0.008369794722926292f,0.010851796866115773f,-0.9999060881108147f,-0.24966088134793393f,0f,0f,0f,1f],start_interpolation:0}