execute if entity @s[tag=aj.melissa.bone.rightleg] run data modify entity @s {} merge value {transformation:[-0.9990482215818578f,0.043619387365336014f,1.223481206754078e-16f,-0.390625f,0.0435778713738291f,0.9980973490458729f,-0.04361938736533602f,0.6456723269899024f,-0.0019026509541273573f,-0.043577871373829104f,-0.9990482215818578f,-0.26203000809196525f,0f,0f,0f,1f],start_interpolation:0}
execute if entity @s[tag=aj.melissa.bone.leftleg] run data modify entity @s {} merge value {transformation:[-0.9985012820710784f,-0.05472832632570427f,1.223481206754078e-16f,-0.10937499999999997f,-0.05467623708584643f,0.9975509301003158f,-0.04361938736533602f,0.6456723269899024f,0.0023872160658572894f,-0.04355401420744302f,-0.9990482215818578f,-0.2620300080919652f,0f,0f,0f,1f],start_interpolation:0}
execute if entity @s[tag=aj.melissa.bone.head] run data modify entity @s {} merge value {transformation:[-0.9627928245123413f,0.2520660775944045f,0.09743033200045842f,-0.2548840077775291f,0.2686109128207805f,0.8530917144106318f,0.4473060521807368f,1.3074029376863743f,0.029633673095568223f,0.45683390781563116f,-0.8890582804792745f,-0.117068070136296f,0f,0f,0f,1f],start_interpolation:0}
execute if entity @s[tag=aj.melissa.bone.broom] run data modify entity @s {} merge value {transformation:[-0.0009680546302285459f,-0.3578148998373359f,0.9337920326949842f,-0.34321812007447117f,0.018323848538545184f,0.9336293431493361f,0.3577715558639005f,0.6217844189923051f,-0.9998316355491906f,0.017457006184821627f,0.005652741820900937f,0.163343544039114f,0f,0f,0f,1f],start_interpolation:0}
execute if entity @s[tag=aj.melissa.bone.rightarm] run data modify entity @s {} merge value {transformation:[-0.9190363739479096f,-0.11103039087632666f,0.3782121040666575f,-0.5355092019470298f,-0.39415450491292936f,0.24963424695054007f,-0.8844913617476885f,1.1663429498506621f,0.0037907278353209173f,-0.9619537385193151f,-0.273186081876789f,-0.340952370713139f,0f,0f,0f,1f],start_interpolation:0}
execute if entity @s[tag=aj.melissa.bone.leftarm] run data modify entity @s {} merge value {transformation:[-0.7776755151853785f,0.5110276361807488f,0.36615781862562036f,-0.03597847795378056f,0.35888682204742817f,0.8390816512582628f,-0.4088303211387391f,1.0462069946948929f,-0.5161598996840552f,-0.18652811472060526f,-0.8359343397521858f,0.04552090051477459f,0f,0f,0f,1f],start_interpolation:0}
execute if entity @s[tag=aj.melissa.bone.torso] run data modify entity @s {} merge value {transformation:[-0.9370282945426942f,0.00448270812321615f,0.3492246849154453f,-0.2578257849833897f,0.0798146299918585f,0.9762053439101628f,0.20162527460738525f,0.66676818074533f,-0.3400111763834723f,0.21680182621261018f,-0.9150898142178201f,-0.25934426858832144f,0f,0f,0f,1f],start_interpolation:0}