execute if entity @s[tag=aj.melissa.bone.head] run data modify entity @s {} merge value {transformation:[-0.9999999631388071f,-0.000035924331651000015f,-0.00026913161628527925f,-0.25002469797801f,-0.00004740748470276776f,0.999084101304158f,0.042789674850287514f,1.3743703196466086f,0.0002673479285183535f,0.04278968603186204f,-0.9990840661798084f,-0.2205820908530949f,0f,0f,0f,1f],start_interpolation:0}
execute if entity @s[tag=aj.melissa.bone.broom] run data modify entity @s {} merge value {transformation:[-0.9817277647772019f,0.05112639818499634f,-0.18329399137502594f,-0.5711204366050663f,0.015567754922805155f,0.9815808051813659f,0.190412100209426f,0.6697478774768478f,0.18965294849335274f,0.18407936958858315f,-0.9644410530559381f,0.11136557473688219f,0f,0f,0f,1f],start_interpolation:0}
execute if entity @s[tag=aj.melissa.bone.rightarm] run data modify entity @s {} merge value {transformation:[-0.9638720041739763f,0.06287356031659702f,-0.2588390909093087f,-0.5681252892616262f,0.2606765985643608f,0.42242150383986965f,-0.8681058599356288f,1.2443876195947539f,0.054758291888600694f,-0.9042162288450577f,-0.42354992735528185f,-0.27730971020037415f,0f,0f,0f,1f],start_interpolation:0}
execute if entity @s[tag=aj.melissa.bone.leftarm] run data modify entity @s {} merge value {transformation:[-0.9953747948285961f,-0.09606736031128965f,-0.000283024293685937f,0.09372855572853034f,-0.09599527391096446f,0.9945048214702649f,0.04177400458605341f,1.2807305008547996f,-0.00373164932554998f,0.04160796023860759f,-0.9991270451940001f,-0.22487276711727983f,0f,0f,0f,1f],start_interpolation:0}
execute if entity @s[tag=aj.melissa.bone.torso] run data modify entity @s {} merge value {transformation:[-0.9999996677831217f,-0.000035924331651000015f,-0.000814335980242389f,-0.25000112263536406f,-0.00007073659768906359f,0.999084101304158f,0.042789642643946926f,0.718721378165755f,0.0008120529416665388f,0.04278968603186204f,-0.9990837719327216f,-0.24866282231150436f,0f,0f,0f,1f],start_interpolation:0}