execute if entity @s[tag=aj.melissa.bone.rightleg] run data modify entity @s {} merge value {transformation:[-0.9999913817459748f,0.004151678428793061f,1.224636244830147e-16f,-0.37625f,0.00415164264857373f,0.9999827635662238f,-0.0041516784287930625f,0.6552150429176229f,-0.000017236433776228084f,-0.004151642648573732f,-0.9999913817459748f,-0.2511655049945918f,0f,0f,0f,1f],start_interpolation:0}
execute if entity @s[tag=aj.melissa.bone.leftleg] run data modify entity @s {} merge value {transformation:[-0.9999913817459748f,-0.004151678428793059f,1.224636244830147e-16f,-0.12374999999999997f,-0.00415164264857373f,0.9999827635662238f,-0.0041516784287930625f,0.6552150429176229f,0.000017236433775983156f,-0.0041516426485737334f,-0.9999913817459748f,-0.2511655049945918f,0f,0f,0f,1f],start_interpolation:0}
execute if entity @s[tag=aj.melissa.bone.head] run data modify entity @s {} merge value {transformation:[-0.9996897324816424f,0.024902271960153658f,0.0005618024608655518f,-0.2499993305873904f,0.024901956360464834f,0.9986472985791225f,0.0456449954545113f,1.3699456845479485f,0.0005756215805497318f,0.04564482327540986f,-0.9989575660497059f,-0.23704952374802185f,0f,0f,0f,1f],start_interpolation:0}
execute if entity @s[tag=aj.melissa.bone.broom] run data modify entity @s {} merge value {transformation:[-0.9597374400217664f,0.14179296225378007f,0.24248464296891997f,-0.8023910885325876f,0.16772720196117186f,0.9817366227620287f,0.08978189823167212f,0.6239796340624342f,-0.22532561315292754f,0.1268383198528903f,-0.9659919299218565f,-0.06144970361578264f,0f,0f,0f,1f],start_interpolation:0}
execute if entity @s[tag=aj.melissa.bone.rightarm] run data modify entity @s {} merge value {transformation:[-0.9346228871199531f,0.3430310587611383f,-0.09386027699072741f,-0.5934741212285423f,0.35551307371128504f,0.8941028598703776f,-0.2723793868705304f,1.2676089044870906f,-0.00951384737727261f,-0.2879405645212639f,-0.9576010223528677f,-0.25416288739305587f,0f,0f,0f,1f],start_interpolation:0}
execute if entity @s[tag=aj.melissa.bone.leftarm] run data modify entity @s {} merge value {transformation:[-0.98448754427713f,-0.17307190662109428f,0.028816493570964052f,0.08737405267365278f,-0.1726137573222583f,0.9848303448684698f,0.017711087186941f,1.2638931976917123f,-0.03144464892916887f,0.012462221503012887f,-0.9994277998379527f,-0.21847297465835827f,0f,0f,0f,1f],start_interpolation:0}
execute if entity @s[tag=aj.melissa.bone.torso] run data modify entity @s {} merge value {transformation:[-0.9996540913681183f,9.736910684460212e-7f,0.02630014467705106f,-0.2499999695721541f,0.0005468842201346145f,0.999784551076829f,0.02074975531791128f,0.7138370729037794f,-0.026294458135349717f,0.020756960932548522f,-0.9994387175030857f,-0.2506712793600068f,0f,0f,0f,1f],start_interpolation:0}