execute if entity @s[tag=aj.melissa.bone.rightleg] run data modify entity @s {} merge value {transformation:[-0.9999929881102386f,0.0037448271463544802f,1.2246382120590009e-16f,-0.3770833333333333f,0.0037448008880393542f,0.9999859762696438f,-0.00374482714635448f,0.6553162035505169f,-0.0000140237303561959f,-0.003744800888039354f,-0.9999929881102386f,-0.2510514796624719f,0f,0f,0f,1f],start_interpolation:0}
execute if entity @s[tag=aj.melissa.bone.leftleg] run data modify entity @s {} merge value {transformation:[-0.9999504378529999f,-0.009955995057952083f,1.2246382120590009e-16f,-0.12291666666666665f,-0.009955925247612272f,0.9999434263107628f,-0.00374482714635448f,0.6553162035505169f,0.000037283480561867544f,-0.0037446415446809635f,-0.9999929881102386f,-0.2510514796624719f,0f,0f,0f,1f],start_interpolation:0}
execute if entity @s[tag=aj.melissa.bone.head] run data modify entity @s {} merge value {transformation:[-0.9990792250889086f,0.033965666955259835f,0.026211361354008554f,-0.25198711930106316f,0.03532767640032541f,0.9979492146532323f,0.053379024467955f,1.3686109803460031f,-0.024344553310749695f,0.054255860893372775f,-0.9982302561447529f,-0.23481841485551663f,0f,0f,0f,1f],start_interpolation:0}
execute if entity @s[tag=aj.melissa.bone.broom] run data modify entity @s {} merge value {transformation:[-0.9992782423469985f,0.030514969061343572f,0.022623683057329723f,-0.5503290853291191f,0.0325051063481758f,0.9950826435313431f,0.093562549152787f,0.6636959976380218f,-0.019657376050405177f,0.09423040489066764f,-0.9953563273325556f,0.0780400672373539f,0f,0f,0f,1f],start_interpolation:0}
execute if entity @s[tag=aj.melissa.bone.rightarm] run data modify entity @s {} merge value {transformation:[-0.9815204801403898f,0.04696927350442327f,-0.18550319245620853f,-0.551363311170763f,0.18910520233369843f,0.38636642817450234f,-0.9027514639312462f,1.216213123636329f,0.02927062546836738f,-0.9211486690682148f,-0.3881086960614859f,-0.3330500752805664f,0f,0f,0f,1f],start_interpolation:0}
execute if entity @s[tag=aj.melissa.bone.leftarm] run data modify entity @s {} merge value {transformation:[-0.9984674207077303f,0.011842584213641795f,0.05406073421990374f,0.08542888922986219f,0.011823561805578395f,0.999929873645288f,-0.0006716978100689552f,1.262800467246144f,-0.05406489777556171f,-0.000031477947610592666f,-0.998537423353605f,-0.21267383998501221f,0f,0f,0f,1f],start_interpolation:0}
execute if entity @s[tag=aj.melissa.bone.torso] run data modify entity @s {} merge value {transformation:[-0.9991485027103445f,0.002295516670087872f,0.04119466148536802f,-0.2534935521158083f,0.003274211840250171f,0.9997136092633634f,0.023706096060809808f,0.712548924266921f,-0.041128445977229436f,0.023820790432656207f,-0.9988698718425045f,-0.25045080857694724f,0f,0f,0f,1f],start_interpolation:0}