execute if entity @s[tag=aj.melissa.bone.leftleg] run data modify entity @s {} merge value {transformation:[-0.9989525904083951f,-0.0457572083540637f,1.223481206754078e-16f,-0.10937499999999997f,-0.045713657630677876f,0.9980018088920972f,-0.043619387365336014f,0.6456723269899024f,0.0019959013959521717f,-0.04357370000062964f,-0.9990482215818578f,-0.2620300080919652f,0f,0f,0f,1f],start_interpolation:0}
execute if entity @s[tag=aj.melissa.bone.head] run data modify entity @s {} merge value {transformation:[-0.9653674945729946f,0.2507105801935717f,0.07217898171117232f,-0.25085046033583946f,0.2557281066797058f,0.8545369423517418f,0.4520727260188886f,1.3074541621945333f,0.051659809096357624f,0.4548745092167055f,-0.8890559290556411f,-0.11726856513427875f,0f,0f,0f,1f],start_interpolation:0}
execute if entity @s[tag=aj.melissa.bone.broom] run data modify entity @s {} merge value {transformation:[-0.00721893531815572f,-0.3562342803466107f,0.9343687839813593f,-0.32916726391483436f,0.004915490007983886f,0.9343692007550097f,0.3562724163311349f,0.6464871008133346f,-0.9999618617381633f,0.00716478795056974f,-0.004994084777981771f,0.15200655397815566f,0f,0f,0f,1f],start_interpolation:0}
execute if entity @s[tag=aj.melissa.bone.rightarm] run data modify entity @s {} merge value {transformation:[-0.9173315514350211f,-0.11691149926245681f,0.38057131536943434f,-0.5485746550620534f,-0.398069341366599f,0.2534842211829654f,-0.8816385592039564f,1.1633209982550543f,0.006604862283129009f,-0.9602486401716331f,-0.2790679573916556f,-0.3319941506955125f,0f,0f,0f,1f],start_interpolation:0}
execute if entity @s[tag=aj.melissa.bone.leftarm] run data modify entity @s {} merge value {transformation:[-0.7678638206432805f,0.5514349583976875f,0.32604392281415784f,-0.029742617708590324f,0.409732507688475f,0.813994516706886f,-0.41174287961595246f,1.0473727626071012f,-0.49244738306789454f,-0.18257166655333912f,-0.8509777679126046f,0.04412261342689927f,0f,0f,0f,1f],start_interpolation:0}
execute if entity @s[tag=aj.melissa.bone.torso] run data modify entity @s {} merge value {transformation:[-0.9393540625544874f,0.0009922510409536046f,0.34294746040793445f,-0.2515016250814653f,0.07516166234625354f,0.9762798522856668f,0.20304771492046997f,0.6667705091320645f,-0.3346112216823097f,0.21651019712463526f,-0.9171470246723389f,-0.2593533819973206f,0f,0f,0f,1f],start_interpolation:0}