execute if entity @s[tag=aj.melissa.bone.rightleg] run data modify entity @s {} merge value {transformation:[-0.999588329805289f,0.028690955318230286f,1.224142648561096e-16f,-0.3885416666666667f,0.028679144107067983f,0.9991768290829273f,-0.02869095531823028f,0.6492187727998744f,-0.0008231709170728089f,-0.028679144107067976f,-0.999588329805289f,-0.25796641363457457f,0f,0f,0f,1f],start_interpolation:0}
execute if entity @s[tag=aj.melissa.bone.leftleg] run data modify entity @s {} merge value {transformation:[-0.9970130466877457f,-0.07723331363096476f,1.224142648561096e-16f,-0.1114583333333333f,-0.07720151897770412f,0.9966026061326864f,-0.02869095531823028f,0.6492187727998744f,0.0022158975504647533f,-0.02860525677421076f,-0.999588329805289f,-0.2579664136345745f,0f,0f,0f,1f],start_interpolation:0}
execute if entity @s[tag=aj.melissa.bone.head] run data modify entity @s {} merge value {transformation:[-0.9496123015677439f,0.19886368206952504f,0.2422595976735759f,-0.2763984127212852f,0.28060939326439427f,0.8837498497406906f,0.3744924184747874f,1.3154052428427372f,-0.13962394179724524f,0.42360292614317197f,-0.8950227459902578f,-0.13497040712459948f,0f,0f,0f,1f],start_interpolation:0}
execute if entity @s[tag=aj.melissa.bone.broom] run data modify entity @s {} merge value {transformation:[0.022394993507028088f,0.11067869537341202f,0.9936038902179579f,-0.5554466273146227f,0.06090657176289521f,0.9918560626609836f,-0.11185678557308393f,0.6114284200689402f,-0.9978922054921119f,0.06302203863007835f,0.01547155018081496f,0.07238619844604743f,0f,0f,0f,1f],start_interpolation:0}
execute if entity @s[tag=aj.melissa.bone.rightarm] run data modify entity @s {} merge value {transformation:[-0.9381143810545811f,0.11559653918187862f,0.326464160648229f,-0.4945232653268955f,-0.2814500033522893f,0.2948317475965684f,-0.9131594254138486f,1.1755416496480096f,-0.20181006831071796f,-0.9485313282851154f,-0.24405125607154238f,-0.38265374080794284f,0f,0f,0f,1f],start_interpolation:0}
execute if entity @s[tag=aj.melissa.bone.leftarm] run data modify entity @s {} merge value {transformation:[-0.6610853339110507f,0.6967691034507804f,0.2783504944563784f,-0.02782849391855796f,0.5364919475029297f,0.6983137805821755f,-0.4738504554324524f,1.1071251295067253f,-0.5245403431121654f,-0.16392278769416024f,-0.835456012081035f,0.02041840603091316f,0f,0f,0f,1f],start_interpolation:0}
execute if entity @s[tag=aj.melissa.bone.torso] run data modify entity @s {} merge value {transformation:[-0.9253674593540162f,0.0018709822064963066f,0.3790667020384093f,-0.27762624479429837f,0.07088904682227315f,0.9832007114348548f,0.16819959594073036f,0.6701797759636139f,-0.37238395267428315f,0.1825181099496112f,-0.9099545765207725f,-0.2547479167790318f,0f,0f,0f,1f],start_interpolation:0}