execute if entity @s[tag=aj.melissa.bone.head] run data modify entity @s {} merge value {transformation:[-1f,-3.2484849883797616e-18f,1.2242158785074978e-16f,-0.24999999999999997f,0f,0.9996481265944145f,0.02652589294024598f,1.37475808703366f,-1.2246467991473532e-16f,0.02652589294024598f,-0.9996481265944145f,-0.23176344860358095f,0f,0f,0f,1f],start_interpolation:0}
execute if entity @s[tag=aj.melissa.bone.broom] run data modify entity @s {} merge value {transformation:[-0.9988546680295556f,-0.014588441805611418f,0.04556895347987498f,-0.6797240513803436f,-0.0029721582442612388f,0.9694640303289563f,0.24521553819794478f,0.67637518982519f,-0.04775477390730465f,0.2447992468616294f,-0.9683970313384078f,-0.03814450767298705f,0f,0f,0f,1f],start_interpolation:0}
execute if entity @s[tag=aj.melissa.bone.rightarm] run data modify entity @s {} merge value {transformation:[-0.9438941848975997f,0.28551047026169796f,-0.1659745133670833f,-0.5808424615382815f,0.32984282814252397f,0.8399156007444738f,-0.4309820093101232f,1.2623780200628834f,0.01635470695052075f,-0.46154691527188635f,-0.8869650323229032f,-0.26061002812119965f,0f,0f,0f,1f],start_interpolation:0}
execute if entity @s[tag=aj.melissa.bone.leftarm] run data modify entity @s {} merge value {transformation:[-0.9901494499726906f,-0.1400142316451606f,-0.0002857544291386179f,0.09374999640605788f,-0.13996979083811248f,0.9897794664298734f,0.02729588772196497f,1.2810397566297054f,-0.0035389788800607048f,0.027067005202097524f,-0.9996273569975344f,-0.23420056106106468f,0f,0f,0f,1f],start_interpolation:0}
execute if entity @s[tag=aj.melissa.bone.torso] run data modify entity @s {} merge value {transformation:[-0.9999999895448957f,-3.2484849883797616e-18f,0.00014460362592110058f,-0.24999999999999997f,0.000003835740299951245f,0.9996481265944145f,0.026525892662915003f,0.7187390039560755f,-0.00014455274375078779f,0.02652589294024598f,-0.999648116142989f,-0.24917106584561738f,0f,0f,0f,1f],start_interpolation:0}