execute if entity @s[tag=aj.melissa.bone.rightleg] run data modify entity @s {} merge value {transformation:[-0.9999986174142107f,0.0016628799316389562f,1.2246451059680917e-16f,-0.3760416666666666f,0.0016628776325647932f,0.999997234830333f,-0.001662879931638956f,0.6558347552809553f,-0.0000027651696671700435f,-0.001662877632564793f,-0.9999986174142107f,-0.2504673393343262f,0f,0f,0f,1f],start_interpolation:0}
execute if entity @s[tag=aj.melissa.bone.leftleg] run data modify entity @s {} merge value {transformation:[-0.9999906215355309f,-0.004330916875515593f,1.2246451059680917e-16f,-0.12395833333333331f,-0.0043309108876514665f,0.9999892389627081f,-0.001662879931638956f,0.6558347552809553f,0.000007201794757768907f,-0.0016628643363786012f,-0.9999986174142107f,-0.25046733933432613f,0f,0f,0f,1f],start_interpolation:0}
execute if entity @s[tag=aj.melissa.bone.head] run data modify entity @s {} merge value {transformation:[-0.9998247743573989f,0.015046941620976962f,0.011135983523297527f,-0.2508115642152196f,0.015303921897412124f,0.9996099074713326f,0.023362852131355152f,1.3722767946869523f,-0.010780099987205707f,0.023529182582668857f,-0.999665027402308f,-0.24337613074501785f,0f,0f,0f,1f],start_interpolation:0}
execute if entity @s[tag=aj.melissa.bone.broom] run data modify entity @s {} merge value {transformation:[-0.9943564166066663f,0.04103950934791925f,-0.0978318732603633f,-0.5539465519950499f,0.02887564234927717f,0.9920290352324268f,0.12265639214788743f,0.6659679122541292f,0.10208581699759456f,0.11913921238744929f,-0.9876154788376046f,0.08414549441705921f,0f,0f,0f,1f],start_interpolation:0}
execute if entity @s[tag=aj.melissa.bone.rightarm] run data modify entity @s {} merge value {transformation:[-0.9721582041602601f,0.053119814155371564f,-0.2282251332084108f,-0.5541190288181614f,0.23085069124413002f,0.38422075593678306f,-0.8939140725256952f,1.22065943777756f,0.040204283801672354f,-0.9217118291806098f,-0.3857861059091279f,-0.32831594523017693f,0f,0f,0f,1f],start_interpolation:0}
execute if entity @s[tag=aj.melissa.bone.leftarm] run data modify entity @s {} merge value {transformation:[-0.9982746212392585f,-0.05540725630167108f,0.019437503407993113f,0.09033908880393449f,-0.05535220909267693f,0.9984612408435599f,0.003359089415181855f,1.2732981231654907f,-0.01959371169981294f,0.0022773849607706153f,-0.9998054310612465f,-0.2344712726313735f,0f,0f,0f,1f],start_interpolation:0}
execute if entity @s[tag=aj.melissa.bone.torso] run data modify entity @s {} merge value {transformation:[-0.999884719105248f,0.0010753978153731417f,0.015145693095993833f,-0.2515172940315582f,0.001232694972267172f,0.9999453655040809f,0.01038009971123809f,0.7160626485748993f,-0.015133702882133367f,0.010397573103786698f,-0.9998314165451228f,-0.2501995380943779f,0f,0f,0f,1f],start_interpolation:0}