execute if entity @s[tag=aj.melissa.bone.rightleg] run data modify entity @s {} merge value {transformation:[-0.9999460217776468f,0.010390068866850347f,1.2245806948901246e-16f,-0.3802083333333333f,0.010389508029402786f,0.999892046468942f,-0.010390068866850347f,0.6536710377972214f,-0.0001079535310580153f,-0.010389508029402786f,-0.9999460217776468f,-0.2529087123132134f,0f,0f,0f,1f],start_interpolation:0}
execute if entity @s[tag=aj.melissa.bone.leftleg] run data modify entity @s {} merge value {transformation:[-0.9996053830985043f,-0.02809053364556121f,1.2245806948901246e-16f,-0.11979166666666663f,-0.02808901736849007f,0.99955142617687f,-0.010390068866850347f,0.6536710377972214f,0.0002918625790838353f,-0.010385968770067788f,-0.9999460217776468f,-0.2529087123132134f,0f,0f,0f,1f],start_interpolation:0}
execute if entity @s[tag=aj.melissa.bone.head] run data modify entity @s {} merge value {transformation:[-0.9928288996365002f,0.089869132559085f,0.07883092705058081f,-0.2567090536409078f,0.10078142553341633f,0.9838964974527077f,0.1476170266864451f,1.3559437814250315f,-0.06429525887675425f,0.15450314337699345f,-0.9858980162129344f,-0.20741476347467563f,0f,0f,0f,1f],start_interpolation:0}
execute if entity @s[tag=aj.melissa.bone.broom] run data modify entity @s {} merge value {transformation:[-0.908277867436776f,0.023219138029429053f,0.41772261987313103f,-0.5458621232594633f,0.0289494046318233f,0.9995535892899462f,0.007386075348180476f,0.6552638754538886f,-0.41736464571878273f,0.018801429912545353f,-0.9085445826910634f,0.061801467631529716f,0f,0f,0f,1f],start_interpolation:0}
execute if entity @s[tag=aj.melissa.bone.rightarm] run data modify entity @s {} merge value {transformation:[-0.9981270901692569f,0.04492128190616988f,-0.041525778766425284f,-0.5397402206964867f,0.055584426233332374f,0.3824802246217595f,-0.9222902196887919f,1.2034665571399192f,-0.02554766976776772f,-0.9228710398561627f,-0.3842607973294208f,-0.34990544438814375f,0f,0f,0f,1f],start_interpolation:0}
execute if entity @s[tag=aj.melissa.bone.leftarm] run data modify entity @s {} merge value {transformation:[-0.9635698411455973f,0.20157791943367273f,0.1757825464357598f,0.06446122429323703f,0.19158768667532905f,0.9788131365895588f,-0.07224266020922718f,1.226176415729763f,-0.18662079077381558f,-0.03593307719221456f,-0.9817746658039481f,-0.14179611887208388f,0f,0f,0f,1f],start_interpolation:0}
execute if entity @s[tag=aj.melissa.bone.torso] run data modify entity @s {} merge value {transformation:[-0.9907206707458658f,0.0048748380084687485f,0.13582631744714604f,-0.2599081660839654f,0.013912527487482038f,0.9977444646704967f,0.06566905510431974f,0.701173976485018f,-0.1351998303836649f,0.06694937769520576f,-0.988553886589119f,-0.2513502925871544f,0f,0f,0f,1f],start_interpolation:0}