execute if entity @s[tag=aj.melissa.bone.rightleg] run data modify entity @s {} merge value {transformation:[-0.9991193741158639f,0.04195802981938284f,1.2235683434770996e-16f,-0.390625f,0.04192108049227654f,0.9982395237336757f,-0.04195802981938284f,0.6460632076928261f,-0.0017604762663243417f,-0.04192108049227653f,-0.999119374115864f,-0.26158053941566745f,0f,0f,0f,1f],start_interpolation:0}
execute if entity @s[tag=aj.melissa.bone.leftleg] run data modify entity @s {} merge value {transformation:[-0.9987566371107559f,-0.049851577981181644f,1.2235683434770996e-16f,-0.10937499999999997f,-0.0498076773912464f,0.9978771061641636f,-0.04195802981938284f,0.6460632076928261f,0.0020916739954775863f,-0.04190586076219963f,-0.999119374115864f,-0.26158053941566745f,0f,0f,0f,1f],start_interpolation:0}
execute if entity @s[tag=aj.melissa.bone.head] run data modify entity @s {} merge value {transformation:[-0.964253545344283f,0.251612279197455f,0.08310452002173403f,-0.25261060541915215f,0.2616606321593935f,0.854634605978438f,0.4484789892983019f,1.307236157978832f,0.041818821945714874f,0.4541926366874982f,-0.8899214768224952f,-0.11768719481151815f,0f,0f,0f,1f],start_interpolation:0}
execute if entity @s[tag=aj.melissa.bone.broom] run data modify entity @s {} merge value {transformation:[-0.009981068477108515f,-0.3984148786390979f,0.9171510032437669f,-0.33073884816084176f,0.007208717404064646f,0.9171441876297379f,0.39849036812748206f,0.6332770581400038f,-0.999924203460164f,0.010588842050987146f,-0.006282018670430498f,0.16247067284094852f,0f,0f,0f,1f],start_interpolation:0}
execute if entity @s[tag=aj.melissa.bone.rightarm] run data modify entity @s {} merge value {transformation:[-0.9173164092309835f,-0.12005381831080131f,0.3796283525562497f,-0.5431293037953957f,-0.39797956597469564f,0.2478435778397828f,-0.8832812836181736f,1.164005071289221f,0.011952841593864227f,-0.9613327424115818f,-0.27512994737988694f,-0.3355016137732074f,0f,0f,0f,1f],start_interpolation:0}
execute if entity @s[tag=aj.melissa.bone.leftarm] run data modify entity @s {} merge value {transformation:[-0.7823739258123916f,0.5088579548599532f,0.35910252294386946f,-0.02798908108588971f,0.35821946904801977f,0.8393307494511798f,-0.4089042736639904f,1.0524618651760955f,-0.5094799821424403f,-0.19127852676520352f,-0.8389533199139702f,0.04146406006816267f,0f,0f,0f,1f],start_interpolation:0}
execute if entity @s[tag=aj.melissa.bone.torso] run data modify entity @s {} merge value {transformation:[-0.9393582557545831f,0.0027021995550222835f,0.3429267639938187f,-0.2543839238771355f,0.07621594938892413f,0.9766056957344516f,0.20107820398484968f,0.6663386701530983f,-0.33436087750281485f,0.215020959854133f,-0.9175885736096299f,-0.25879469971579294f,0f,0f,0f,1f],start_interpolation:0}