execute if entity @s[tag=aj.melissa.bone.head] run data modify entity @s {} merge value {transformation:[-1f,-4.8720130289004506e-18f,1.223677298786931e-16f,-0.24999999999999997f,0f,0.9992083428780468f,0.039783005453429804f,1.3744557357286573f,-1.2246467991473532e-16f,0.039783005453429804f,-0.9992083428780468f,-0.22264918375076706f,0f,0f,0f,1f],start_interpolation:0}
execute if entity @s[tag=aj.melissa.bone.broom] run data modify entity @s {} merge value {transformation:[-0.9926965713061537f,0.007901125945633691f,-0.1203789413718093f,-0.6109217445907039f,-0.012326367939102995f,0.9859873196578969f,0.16636425736096733f,0.693041759033411f,0.1200065746967061f,0.1666330629935957f,-0.9786888393901999f,0.06644418227838694f,0f,0f,0f,1f],start_interpolation:0}
execute if entity @s[tag=aj.melissa.bone.rightarm] run data modify entity @s {} merge value {transformation:[-0.9562004346761442f,0.15241471445727225f,-0.24990094746131084f,-0.574004617892712f,0.2901223221409616f,0.60681349991495f,-0.7400043341200814f,1.2528261132856726f,0.03885571927900398f,-0.7800943091305546f,-0.6244542432728233f,-0.2672613007214915f,0f,0f,0f,1f],start_interpolation:0}
execute if entity @s[tag=aj.melissa.bone.leftarm] run data modify entity @s {} merge value {transformation:[-0.9806057187402031f,-0.19598644717985547f,-0.001317913436927881f,0.0937498247854264f,-0.19585824885107675f,0.9796726353546503f,0.04337134877155651f,1.2807661459583715f,-0.007209072825211308f,0.0427883168527582f,-0.9990581510652464f,-0.22603204181226721f,0f,0f,0f,1f],start_interpolation:0}
execute if entity @s[tag=aj.melissa.bone.torso] run data modify entity @s {} merge value {transformation:[-0.9999994902848767f,-4.8720130289004506e-18f,0.0010096682558186675f,-0.24999999999999997f,0.00004016763772738414f,0.9992083428780468f,0.039782985175430274f,0.7187252607149389f,-0.001008868944753139f,0.039783005453429804f,-0.9992078335664432f,-0.24875678107958038f,0f,0f,0f,1f],start_interpolation:0}