execute if entity @s[tag=aj.melissa.bone.head] run data modify entity @s {} merge value {transformation:[-1f,-3.0054336957728258e-18f,1.2242779584276966e-16f,-0.24999999999999997f,0f,0.9996988186962042f,0.024541228522912285f,1.3747929378536403f,-1.2246467991473532e-16f,0.024541228522912285f,-0.9996988186962042f,-0.23312790539049785f,0f,0f,0f,1f],start_interpolation:0}
execute if entity @s[tag=aj.melissa.bone.broom] run data modify entity @s {} merge value {transformation:[-0.9980496144630032f,-0.013776843286588278f,0.060886498169195294f,-0.6869370508545131f,0.0009847902871151087f,0.9717474943373174f,0.2360208411078047f,0.676802431805798f,-0.06241792417520017f,0.23562046990489172f,-0.9698386447772935f,-0.04134502273625498f,0f,0f,0f,1f],start_interpolation:0}
execute if entity @s[tag=aj.melissa.bone.rightarm] run data modify entity @s {} merge value {transformation:[-0.9422923319104857f,0.2955499948911419f,-0.1572747969082937f,-0.5816920707039532f,0.3345015108409118f,0.8506643550989117f,-0.40555997609391886f,1.2635815598878355f,0.013924814822696675f,-0.4347647127861215f,-0.9004364186593938f,-0.2599811155084326f,0f,0f,0f,1f],start_interpolation:0}
execute if entity @s[tag=aj.melissa.bone.leftarm] run data modify entity @s {} merge value {transformation:[-0.9914448613738104f,-0.13052619222005157f,1.2242779584276966e-16f,0.09375000000000003f,-0.13048688017129925f,0.9911462567178202f,0.024541228522912285f,1.2810711736008713f,-0.0032032731114979827f,0.024331274910841753f,-0.9996988186962042f,-0.23542864556452087f,0f,0f,0f,1f],start_interpolation:0}
execute if entity @s[tag=aj.melissa.bone.torso] run data modify entity @s {} merge value {transformation:[-1f,-3.0054336957728258e-18f,1.2242779584276966e-16f,-0.24999999999999997f,0f,0.9996988186962042f,0.024541228522912285f,0.7187405880842563f,-1.2246467991473532e-16f,0.024541228522912285f,-0.9996988186962042f,-0.24923308660865906f,0f,0f,0f,1f],start_interpolation:0}