execute if entity @s[tag=aj.melissa.bone.rightleg] run data modify entity @s {} merge value {transformation:[-0.9990482215818578f,0.04361938736533601f,1.223481206754078e-16f,-0.385625f,0.04357787137382909f,0.9980973490458729f,-0.043619387365336014f,0.6456723269899024f,-0.0019026509541273569f,-0.0435778713738291f,-0.9990482215818578f,-0.26203000809196525f,0f,0f,0f,1f],start_interpolation:0}
execute if entity @s[tag=aj.melissa.bone.leftleg] run data modify entity @s {} merge value {transformation:[-0.9987566371107559f,-0.04985157798118164f,1.223481206754078e-16f,-0.11437499999999998f,-0.04980413032514882f,0.9978060420985776f,-0.043619387365336014f,0.6456723269899024f,0.0021744952907342954f,-0.0435651526378344f,-0.9990482215818578f,-0.2620300080919652f,0f,0f,0f,1f],start_interpolation:0}
execute if entity @s[tag=aj.melissa.bone.head] run data modify entity @s {} merge value {transformation:[-0.964253545344283f,0.251612279197455f,0.08310452002173405f,-0.25261060541915215f,0.2615907307113436f,0.8538781565521311f,0.4499582018021673f,1.3074314328729493f,0.04225387434172376f,0.4556131634623789f,-0.8891744797186418f,-0.11717613525749815f,0f,0f,0f,1f],start_interpolation:0}
execute if entity @s[tag=aj.melissa.bone.broom] run data modify entity @s {} merge value {transformation:[-0.007807896856998148f,-0.39799870571418094f,0.9173527494898062f,-0.33166854492447384f,0.008869739299574159f,0.9173170593618794f,0.39805871467464693f,0.6330469016863884f,-0.9999301797982834f,0.011244681120930855f,-0.0036321722234093565f,0.1616942067914559f,0f,0f,0f,1f],start_interpolation:0}
execute if entity @s[tag=aj.melissa.bone.rightarm] run data modify entity @s {} merge value {transformation:[-0.9175302159671519f,-0.11784914998039592f,0.37980242315731705f,-0.5427243869798719f,-0.3975572265536761f,0.249493303602462f,-0.8830069892546034f,1.1647011766776574f,0.009303461840664218f,-0.9611787915400691f,-0.27576942595463955f,-0.3358572892765341f,0f,0f,0f,1f],start_interpolation:0}
execute if entity @s[tag=aj.melissa.bone.leftarm] run data modify entity @s {} merge value {transformation:[-0.7810953511832647f,0.5096727384210031f,0.360726699968727f,-0.03234877588138091f,0.3594394069323039f,0.8394013896304688f,-0.40768691398006807f,1.0468547265755515f,-0.510581399097192f,-0.18878296214667628f,-0.8388489900447401f,0.04457253269334904f,0f,0f,0f,1f],start_interpolation:0}
execute if entity @s[tag=aj.melissa.bone.torso] run data modify entity @s {} merge value {transformation:[-0.9385940061588733f,0.0027021995550222783f,0.345013028334006f,-0.2543839238771355f,0.07722181117982942f,0.9762467914542718f,0.20243269017959162f,0.6667694759810834f,-0.33627084839566984f,0.21664464058177066f,-0.9165080557346191f,-0.25934918063928514f,0f,0f,0f,1f],start_interpolation:0}