execute if entity @s[tag=aj.melissa.bone.rightleg] run data modify entity @s {} merge value {transformation:[-0.9990482215818578f,0.04361938736533601f,1.223481206754078e-16f,-0.38687499999999997f,0.04357787137382909f,0.9980973490458729f,-0.043619387365336014f,0.6456723269899024f,-0.0019026509541273569f,-0.0435778713738291f,-0.9990482215818578f,-0.26203000809196525f,0f,0f,0f,1f],start_interpolation:0}
execute if entity @s[tag=aj.melissa.bone.leftleg] run data modify entity @s {} merge value {transformation:[-0.9981992592748803f,-0.05998532139682348f,1.223481206754078e-16f,-0.11312499999999998f,-0.05992822866251266f,0.997249194762897f,-0.043619387365336014f,0.6456723269899024f,0.0026165229702421002f,-0.04354084015810249f,-0.9990482215818578f,-0.2620300080919652f,0f,0f,0f,1f],start_interpolation:0}
execute if entity @s[tag=aj.melissa.bone.head] run data modify entity @s {} merge value {transformation:[-0.9609886138858696f,0.2515679078810699f,0.11495421569501671f,-0.25761505886973546f,0.27624378921374465f,0.8522440515909889f,0.4442628112374569f,1.3073728015396766f,0.013793219440984245f,0.45868689130180906f,-0.888490901948543f,-0.11695755608599731f,0f,0f,0f,1f],start_interpolation:0}
execute if entity @s[tag=aj.melissa.bone.broom] run data modify entity @s {} merge value {transformation:[0.011008306807485865f,-0.3007814167859509f,0.9536295698527115f,-0.35903379603870156f,0.02918664642778715f,0.9533776683011064f,0.300365046659967f,0.6106577303340365f,-0.9995133600165287f,0.02452673849049608f,0.0192738747398448f,0.16222493337669175f,0f,0f,0f,1f],start_interpolation:0}
execute if entity @s[tag=aj.melissa.bone.rightarm] run data modify entity @s {} merge value {transformation:[-0.9209986016496039f,-0.09910316551856335f,0.3767494370847478f,-0.5274342432425869f,-0.389510661964492f,0.25054585157508447f,-0.8862890163341182f,1.1680807384565859f,-0.006558961461787083f,-0.9630188673347556f,-0.26935411855367436f,-0.3470003867442262f,0f,0f,0f,1f],start_interpolation:0}
execute if entity @s[tag=aj.melissa.bone.leftarm] run data modify entity @s {} merge value {transformation:[-0.7656433443654279f,0.5332953064759973f,0.3597031905885672f,-0.040591348142577977f,0.3822096760415583f,0.826924063492927f,-0.4124467926370056f,1.045495049203804f,-0.5174031626972626f,-0.1783051017414199f,-0.8369595318316484f,0.047051214453039336f,0f,0f,0f,1f],start_interpolation:0}
execute if entity @s[tag=aj.melissa.bone.torso] run data modify entity @s {} merge value {transformation:[-0.934493817421435f,0.005995736697422489f,0.3559288641604792f,-0.261549761077419f,0.08269562763089713f,0.9761615095149662f,0.20067421486627257f,0.6667668109204801f,-0.34624086756454053f,0.21696257392213553f,-0.9127127166558141f,-0.25933924522239876f,0f,0f,0f,1f],start_interpolation:0}