execute if entity @s[tag=aj.melissa.bone.leftleg] run data modify entity @s {} merge value {transformation:[-0.9971024452264029f,-0.07607045236836901f,1.223481206754078e-16f,-0.10937499999999997f,-0.07599805015354648f,0.9961534246383595f,-0.043619387365336014f,0.6456723269899024f,0.0033181465289121082f,-0.04349299780125421f,-0.9990482215818578f,-0.2620300080919652f,0f,0f,0f,1f],start_interpolation:0}
execute if entity @s[tag=aj.melissa.bone.head] run data modify entity @s {} merge value {transformation:[-0.9515673975931724f,0.23655040958909002f,0.19637563891937082f,-0.2697247235795462f,0.30061933671776764f,0.8497116932716291f,0.4331489959688586f,1.307350356147238f,-0.06440110425394008f,0.4712047771836514f,-0.8796695719019608f,-0.11684212788443832f,0f,0f,0f,1f],start_interpolation:0}
execute if entity @s[tag=aj.melissa.bone.broom] run data modify entity @s {} merge value {transformation:[0.10536159137191534f,-0.07016820991095296f,0.9919553202546321f,-0.4426400648799665f,0.06702029254312933f,0.9957405262901602f,0.06331733325740152f,0.5848705492322994f,-0.992172976577679f,0.05980992075975325f,0.1096155003988997f,0.1372599222712687f,0f,0f,0f,1f],start_interpolation:0}
execute if entity @s[tag=aj.melissa.bone.rightarm] run data modify entity @s {} merge value {transformation:[-0.9259967873272617f,-0.005327695415546341f,0.37749379534126004f,-0.49828715063474704f,-0.3659093380331391f,0.25885409952256166f,-0.8939266812778969f,1.173252422695208f,-0.09295324738673733f,-0.9659017397343913f,-0.24164751804712822f,-0.3720794347571107f,0f,0f,0f,1f],start_interpolation:0}
execute if entity @s[tag=aj.melissa.bone.leftarm] run data modify entity @s {} merge value {transformation:[-0.6646017972053843f,0.6879494416432926f,0.29159906874689256f,-0.06428249707552525f,0.5351317257801204f,0.7106000129602856f,-0.4568168753936659f,1.0432392513184856f,-0.5214772163910554f,-0.14755740348597796f,-0.8404096176636207f,0.05813484452966616f,0f,0f,0f,1f],start_interpolation:0}
execute if entity @s[tag=aj.melissa.bone.torso] run data modify entity @s {} merge value {transformation:[-0.9143948699923186f,0.005177318993765231f,0.40479033721145985f,-0.27312233916920464f,0.09251590105739381f,0.9761288616714191f,0.19650255332590003f,0.6667657906753692f,-0.3941101746761547f,0.21713046948803952f,-0.8930462078955571f,-0.2593339984859643f,0f,0f,0f,1f],start_interpolation:0}