execute if entity @s[tag=aj.melissa.bone.rightleg] run data modify entity @s {} merge value {transformation:[-0.999554930331562f,0.029831883109625822f,1.224101746002503e-16f,-0.3890625f,0.029818605843301337f,0.9991100587501337f,-0.02983188310962583f,0.6489450219211191f,-0.000889941249866501f,-0.029818605843301343f,-0.999554930331562f,-0.2582789497074728f,0f,0f,0f,1f],start_interpolation:0}
execute if entity @s[tag=aj.melissa.bone.leftleg] run data modify entity @s {} merge value {transformation:[-0.9967874753845045f,-0.08009200282541168f,1.224101746002503e-16f,-0.11093749999999997f,-0.08005635630426963f,0.9963438355133319f,-0.02983188310962583f,0.6489450219211191f,0.002389295266303381f,-0.029736047450809582f,-0.999554930331562f,-0.2582789497074728f,0f,0f,0f,1f],start_interpolation:0}
execute if entity @s[tag=aj.melissa.bone.head] run data modify entity @s {} merge value {transformation:[-0.9461005425952903f,0.20331410104390016f,0.2521054137015072f,-0.2778127005047764f,0.2909922697344117f,0.8753638207097377f,0.3860850687960694f,1.3127804296898882f,-0.14218741947061514f,0.4386360196212358f,-0.8873450174735452f,-0.1308431302519375f,0f,0f,0f,1f],start_interpolation:0}
execute if entity @s[tag=aj.melissa.bone.broom] run data modify entity @s {} merge value {transformation:[0.08962039709120496f,0.11019677913401471f,0.9898610277678903f,-0.5563757609014353f,0.06944135252935138f,0.9907503860393746f,-0.11658289377830888f,0.6064192867782354f,-0.993552254782862f,0.07918549381874995f,0.08113922962766937f,0.07683866941361389f,0f,0f,0f,1f],start_interpolation:0}
execute if entity @s[tag=aj.melissa.bone.rightarm] run data modify entity @s {} merge value {transformation:[-0.9306130535420003f,0.12248150303974131f,0.3449023426861001f,-0.49160464188216235f,-0.2994531833770259f,0.28703086331719463f,-0.9099126740895256f,1.174061830929916f,-0.21044508913870966f,-0.9500587165625669f,-0.2304371921823576f,-0.38364103302949965f,0f,0f,0f,1f],start_interpolation:0}
execute if entity @s[tag=aj.melissa.bone.leftarm] run data modify entity @s {} merge value {transformation:[-0.6384192262288197f,0.7170392357210409f,0.27977781545001157f,-0.034452586681213565f,0.5472951751421563f,0.67848678904062f,-0.49002415079612716f,1.099318267905023f,-0.5411920942211846f,-0.15971979067709385f,-0.825591124963534f,0.02804614077946488f,0f,0f,0f,1f],start_interpolation:0}
execute if entity @s[tag=aj.melissa.bone.torso] run data modify entity @s {} merge value {transformation:[-0.9203222853349505f,0.0013074727092153235f,0.39115876780531045f,-0.278670729470199f,0.07519240211031382f,0.9819359902718873f,0.173631257766708f,0.668384936073962f,-0.3838658538874421f,0.18920888331123037f,-0.9037958866333605f,-0.2550114599249324f,0f,0f,0f,1f],start_interpolation:0}